1940 -1.74519429061038
1941 0.844941887395359
1942 -1.18286502327023
1943 -0.211876027893852
1944 1.05538613081449
1945 0.0772571878701042
1946 -0.180144584611118
1947 -0.0206938461931021
1948 0.403964287686893
1949 0.100375240882476
1950 0.447879832348729
1951 -0.00883037917574975
1952 1.60814537268917
1953 0.0738415320043685
1954 3.13495448990671
1955 0.987664926609721
1956 -0.961675198004927
1957 0.779840919813663
1958 -2.74641744491743
1959 -1.64122543700368
1960 -0.592901084929679
1961 0.201473126372111
1962 0.619592925445257
1963 0.346011822928303
1964 -0.0207733291058473
1965 -1.08812561294296
1966 0.542581034592295
1967 1.46489626996836
1968 -0.0680543156716348
1969 0.181888795451749
1970 1.75628123723923
1971 -1.25002678113842
1972 -0.0111433931890633
1973 -0.144097960515112
1974 -0.540812120914453
1975 0.287562376831037
1976 -1.09545756821226
1977 0.562246589771366
1978 0.135671040172032
1979 0.049893016947695
1980 0.207600695395097
1981 -1.37430864125591
1982 0.0478525673036991
1983 -0.227050761677554
1984 -0.14328275401144
1985 1.26856578910848
1986 -0.761338250699923
1987 -0.447814354969791
1988 -0.818824879754635
1989 0.991064360366799
1990 1.66932536275025
1991 -1.14861215292154
1992 -0.873705898683896
1993 -0.120360037495029
1994 -1.15537314744326
1995 1.08036166888669
1996 0.370460400197131
1997 -0.670049286150533
1998 -1.54778576877937
1999 -0.0698192721500857
2000 -0.180508042831112
2001 1.06255501890251
2002 -0.0111214687263656
2003 0.768165428818521
2004 -0.426882363131573
2005 1.01256221766817
2006 2.13284021530057
2007 0.858001068788052
2008 0.147366529464272
2009 -0.426127549429508
2010 0.445053886053403
2011 0.4577744825535
2012 0.902326889041694
2013 -1.00275142865314
2014 -0.362726638752565
2015 -0.420243438490402
2016 -0.312983366017735
2017 -0.670791376321455
2018 -0.767938031429913
2019 -2.3724106907603
2020 0.339473160531566
2021 -0.459424823963995
