1940 -1.52988720333546
1941 -0.0386609772174726
1942 -0.205678823499799
1943 -1.10886606153443
1944 0.489962212978365
1945 0.219162469269126
1946 0.214415494561048
1947 -0.342687134350879
1948 -0.712594584691353
1949 -0.684528528401247
1950 -0.680929462719268
1951 0.755782489282779
1952 0.465436585954573
1953 0.740276448788109
1954 2.2774984703236
1955 2.3048791565886
1956 -1.13813755441574
1957 0.203372633588104
1958 -2.39105207234344
1959 0.921465114766241
1960 -0.347170929504927
1961 1.16206124487515
1962 0.152896058280328
1963 0.268356412868946
1964 -0.217784617145471
1965 -1.76940824711498
1966 0.766252736405279
1967 0.885312840457984
1968 -0.773964776561481
1969 0.728902461644747
1970 0.103034538920567
1971 -1.73800155316125
1972 0.584346964398498
1973 0.0868126021450081
1974 -0.17499930456811
1975 0.652192973233143
1976 -1.68211552057967
1977 0.171058634047063
1978 0.794499877527427
1979 -0.912093505156542
1980 0.409658716628634
1981 -1.25875399842978
1982 0.754500586740698
1983 0.742915865298263
1984 0.339454217549421
1985 1.26890480000873
1986 -1.20114200748409
1987 0.994116425261916
1988 -0.408306816004257
1989 0.0283348084906268
1990 -0.314893738620743
1991 -0.788081003441441
1992 -1.41198567586843
1993 0.417176287186974
1994 -1.52550098182563
1995 0.977767101726881
1996 -0.117403348111685
1997 -0.910288404603626
1998 -1.04070204229057
1999 -0.125920895623291
2000 -0.806120606758771
2001 -0.171460773217057
2002 -0.252735680583912
2003 -0.2364756668046
2004 -0.631768717759378
2005 0.655195588050758
2006 1.6813761300645
2007 0.744429483109035
2008 0.836369080557021
2009 -0.655883685532617
2010 -0.439355951140505
2011 0.458399303660042
2012 0.892581805770474
2013 0.558469944992423
2014 0.392783603011074
2015 -0.664863969512153
2016 -0.711709772025117
2017 0.409883311188923
2018 1.26874497124046
2019 -3.00466809875055
2020 0.721291371738774
2021 -0.0731122687126579
