1940 -0.769024618180164
1941 -0.821587718148275
1942 0.607717107644503
1943 -1.81998611369777
1944 0.154785168527858
1945 -0.265716001956851
1946 -0.289727871691687
1947 -1.22493923337382
1948 -0.330477355156615
1949 -0.794033686343928
1950 -0.332317191820309
1951 0.0740192179787423
1952 1.30740683388891
1953 -0.535799404474178
1954 0.850133887425346
1955 0.753811842019057
1956 -0.451544214186872
1957 -0.338479847165117
1958 -1.51939779225224
1959 1.47526739699339
1960 1.52698453866323
1961 1.88623158239299
1962 -0.689544591181208
1963 -0.15072619171233
1964 -0.43285803194116
1965 -0.870825142863718
1966 1.40501796594096
1967 1.77658259192067
1968 -0.195733790752987
1969 0.851532490039078
1970 -0.395225105968584
1971 -1.9408948383797
1972 -0.845318672926512
1973 -0.287078683678208
1974 -0.74496387886285
1975 0.283181904798849
1976 -2.38246736305008
1977 -0.781141845888778
1978 0.755814259507469
1979 -0.509600847846274
1980 1.00745931790893
1981 -0.802754373140887
1982 0.90388231427108
1983 0.445915546795165
1984 0.354707030540161
1985 0.406342540496515
1986 0.0649673515064032
1987 1.17261069758595
1988 -0.124961261407139
1989 -0.385428868592816
1990 0.498305238963072
1991 -1.25047680525089
1992 -0.935484855789946
1993 0.540629546255487
1994 -1.46835019780535
1995 0.430400003323961
1996 0.016191220628116
1997 -0.739175218200322
1998 -0.613725792981083
1999 0.70180918164098
2000 -0.0977808042023477
2001 0.352259853611869
2002 -1.037689233829
2003 0.749257240185716
2004 -0.804527424907245
2005 -0.523095248807912
2006 2.22090855083879
2007 1.23950393891654
2008 1.12307525452938
2009 -2.22393069657647
2010 0.457121666812661
2011 0.506753666496418
2012 0.399397027272321
2013 -0.0181491161902097
2014 0.0290390319290774
2015 -0.863218481269938
2016 -0.760066713198759
2017 -0.0749088759631959
2018 0.854966971160724
2019 -2.57622569544023
2020 1.04955587506071
2021 0.232823520206153
