1940 -1.42681849132953
1941 -0.725590131817082
1942 0.113814394010169
1943 -2.040450353827
1944 -0.658528110726273
1945 0.890436432597449
1946 0.180218675467751
1947 -1.50416549348475
1948 -0.439157377459541
1949 -0.911978084305525
1950 0.193106101804802
1951 0.567384245596914
1952 0.594008340001
1953 -0.150868097449614
1954 0.0126755808630172
1955 -0.72832520970768
1956 0.012096849869301
1957 -0.367040896799699
1958 -0.661685334950989
1959 0.983733181153046
1960 1.10578832076486
1961 2.62547541514043
1962 -1.22285397180036
1963 -1.06080378140559
1964 -0.686754275325303
1965 -0.323966369390211
1966 0.523222452002372
1967 1.48875146995772
1968 1.27564108562566
1969 2.09780877609511
1970 -1.03604492186809
1971 -1.67365768329244
1972 -0.450803906957375
1973 -0.0835658498008018
1974 -0.603461475256796
1975 0.262260090629714
1976 -1.42165591411451
1977 0.106267934619503
1978 0.462542424003333
1979 -0.549848444244521
1980 1.6370639055144
1981 -0.428832564629286
1982 0.669641679750175
1983 0.403603564570074
1984 -0.29845965448214
1985 0.152932308848251
1986 0.773799716345221
1987 1.13365173337699
1988 -0.469454063424605
1989 -0.801680574323691
1990 0.391890113723467
1991 -0.872731236177484
1992 -1.7189679473019
1993 -0.690729381862058
1994 -1.48108556248785
1995 0.456225563721064
1996 -1.42225381204954
1997 0.138539243597527
1998 -1.27797493144621
1999 0.517934256019207
2000 -0.705195955123988
2001 0.213049610328911
2002 -0.464375863732079
2003 0.509778401370642
2004 -0.594571506569295
2005 0.448870604867317
2006 2.42128636350855
2007 1.18998738237408
2008 0.799833838436864
2009 -1.8198919481394
2010 1.39395956560145
2011 0.715584228247343
2012 0.910792798243897
2013 -0.235695334877489
2014 -0.319516356918579
2015 -1.2408134507629
2016 0.522314598913505
2017 -0.655934466245433
2018 0.864023000839836
2019 -2.06257677883582
2020 0.6277179488318
2021 -0.62116517340354
