1940 -1.88355785273761
1941 -0.514009913629768
1942 0.19104950594185
1943 -2.38502286898811
1944 -0.866658736526836
1945 0.61230854982872
1946 -0.0225887962027049
1947 -0.934170581526841
1948 0.013633834695699
1949 -1.41949524253381
1950 0.338607570323535
1951 1.15265588526306
1952 0.678008536117318
1953 -0.628378266926767
1954 0.556472049348739
1955 -0.988538582122576
1956 0.014503403407769
1957 0.00301121689959006
1958 -0.600270657903882
1959 0.0908662418509542
1960 0.821801196982664
1961 1.90087127421899
1962 -0.746155228869153
1963 -0.658995492721303
1964 -1.04829957180278
1965 0.384769124850001
1966 1.53914186959035
1967 0.89678386393939
1968 0.397447720289948
1969 1.82226189963881
1970 -0.850266407389048
1971 -1.76811677495369
1972 -0.761050003256864
1973 -0.201223137350918
1974 -1.1164336306738
1975 0.103942801339273
1976 -0.978498066151176
1977 0.890426123453324
1978 0.966990458471246
1979 -0.174179577532931
1980 1.4796316268932
1981 -0.626149330620204
1982 0.201289968780578
1983 0.0552740801567018
1984 -0.247687386216082
1985 0.563395696487444
1986 1.650592567696
1987 -0.310319079700539
1988 1.01980867877674
1989 -1.60040273611987
1990 0.058822160973599
1991 -1.77426704914678
1992 -1.62960695069324
1993 -0.149125239731285
1994 -0.619156049087029
1995 0.826929808722653
1996 -1.43088186586049
1997 -0.991777706957027
1998 -0.782151763709382
1999 0.411525707118415
2000 -0.103196108974364
2001 -0.996417447668916
2002 -0.251899040545066
2003 0.365440276129396
2004 -0.751861989265344
2005 -0.569340234874044
2006 2.98609623874116
2007 1.43356920012281
2008 0.137110028746249
2009 -1.75673315449191
2010 1.27090504019831
2011 0.975359422128859
2012 0.86479021515088
2013 -0.964477202600795
2014 -0.646069311819663
2015 0.167437180129683
2016 -0.0536014770640402
2017 -0.213387429963059
2018 0.854345115949935
2019 -1.77302700610183
2020 0.69046036008799
2021 0.190596349890231
