1940 -0.171648549512929
1941 0.207599030424401
1942 -1.5076174897421
1943 -0.394216799459586
1944 1.19463688688673
1945 0.0362369783366102
1946 0.199099719003155
1947 -0.217587492058611
1948 1.14009712648983
1949 0.679057418912283
1950 0.379897055488436
1951 -0.440757778831151
1952 1.20316206183087
1953 -0.573445395634452
1954 2.04206600074871
1955 -0.122938297289261
1956 -0.388212650277363
1957 0.195719271289976
1958 -2.64344624783528
1959 -0.667717323606742
1960 -0.876436496133851
1961 0.605664851789125
1962 1.17981783821506
1963 -0.231114825673392
1964 -0.134162939224126
1965 -0.388332858020831
1966 1.0949397104552
1967 1.20910194559815
1968 -0.948250819757566
1969 0.598643409555774
1970 0.697401142276695
1971 -1.81429065666574
1972 -0.343217679631715
1973 -0.363673186106591
1974 -1.11484214419781
1975 0.0298673289608714
1976 -0.376003575195679
1977 1.12146627284679
1978 1.28861601005769
1979 -0.557397568365047
1980 1.60985615388309
1981 -0.250121213998294
1982 0.305902376387023
1983 -0.631183659170312
1984 -0.454290639043674
1985 0.355661988210758
1986 0.754128698892596
1987 -0.227766065638632
1988 -0.556254168538966
1989 1.04589414539066
1990 2.20510933656251
1991 -0.319730129175511
1992 -0.416787131795298
1993 0.535190595526663
1994 -0.380330386832591
1995 1.03501561306907
1996 -1.02171796145591
1997 -0.201014224568672
1998 -1.91487783697452
1999 -1.02412635571087
2000 -1.85116632100064
2001 1.18920191629716
2002 -0.118033986203998
2003 1.99093948948002
2004 -0.720290884695191
2005 1.24053937629797
2006 1.03467866131497
2007 -0.887697682670966
2008 -0.223999384696814
2009 -1.20073897323265
2010 -1.20127722338818
2011 -0.430428718324326
2012 1.73092289851636
2013 -0.855321225606613
2014 0.505576331800291
2015 0.357230019805809
2016 -0.175578718188891
2017 0.202649675755769
2018 0.264844016134565
2019 -1.626634283031
2020 0.983570276871724
2021 -0.319666852921221
