1940 -0.812754439340953
1941 0.248618156283848
1942 -1.99515251420621
1943 -0.881874568015815
1944 0.653847153454663
1945 0.395235306123267
1946 -0.176441457347525
1947 -0.398360748566057
1948 0.236444533769161
1949 0.240540145206984
1950 -0.252241197453236
1951 0.110840584134177
1952 0.95749998802043
1953 -0.784792162569887
1954 2.35036871787143
1955 0.823927230824429
1956 -0.790923017857355
1957 0.84874071624535
1958 -2.79869438455221
1959 -0.220445341726125
1960 -1.0177308586171
1961 1.29742744402283
1962 0.730584189443255
1963 -0.0361914591267258
1964 -0.251947982441903
1965 -1.03384977061523
1966 0.473942798093105
1967 1.55073660466426
1968 -0.956112659261411
1969 0.174970062487308
1970 0.16788517049877
1971 -1.48313946659026
1972 -0.262937955679095
1973 -0.31602342637621
1974 -0.255048795981546
1975 -0.116412640058131
1976 -0.197128131163127
1977 0.413999823215966
1978 1.26285404542043
1979 -0.302907330925722
1980 1.92553919358294
1981 -1.08149835890008
1982 0.601457777715235
1983 -0.516244722327718
1984 -0.338400190528166
1985 0.796748289450441
1986 0.757894577019086
1987 -0.372851834695405
1988 -0.238657702666417
1989 1.9862548823739
1990 2.38788918902978
1991 -0.0372646648623564
1992 -1.02442244658116
1993 0.684142916016272
1994 -0.846976725025799
1995 1.26386272339827
1996 -0.666097942666085
1997 -0.797070397879731
1998 -1.43618422862304
1999 -0.955698394519114
2000 -1.589077224454
2001 0.278799728148552
2002 0.0253196605765297
2003 0.95594506191179
2004 -0.773795202502647
2005 0.402524157370585
2006 1.08894208001501
2007 -0.421143833648784
2008 -0.640476851938075
2009 -1.02638751065216
2010 -1.60281257080074
2011 -0.755633240414952
2012 1.07178911589547
2013 -0.344666514841415
2014 0.615120849727432
2015 -0.0642794828342936
2016 0.54985635667688
2017 0.434177193441438
2018 0.403485641144193
2019 -1.94686837321639
2020 0.74681713749598
2021 0.412691089642284
