1940 -0.187270202969724
1941 -0.704124082495649
1942 -0.0763632128925685
1943 -0.373038559009765
1944 1.37782412949702
1945 0.686969604327638
1946 -0.589402596999058
1947 -0.9570098818492
1948 0.0312409354027644
1949 0.369447316368033
1950 0.479106767657504
1951 -0.31454323788936
1952 1.18651405428512
1953 0.0128274000467876
1954 2.27675862388499
1955 1.07257982456798
1956 -1.16808907249706
1957 0.131958665958308
1958 -2.6756067649635
1959 -0.69055748348787
1960 -1.0981277748563
1961 0.510858394950872
1962 0.572574902654543
1963 -0.0453799701736037
1964 0.169607491338859
1965 -0.818653394631646
1966 1.21328718218725
1967 1.73002516753834
1968 -0.974191691500515
1969 0.100964810023235
1970 0.276666000895343
1971 -2.1520887238124
1972 -0.34573067387699
1973 -0.635631303720694
1974 -0.786678872030256
1975 0.444041037874759
1976 -1.24132890641994
1977 1.20797407406667
1978 0.883249325436874
1979 -0.333399676846717
1980 1.58857356593407
1981 -0.535857826514312
1982 0.565880967011871
1983 0.107942065294309
1984 -0.0381222291409066
1985 0.777568447112892
1986 0.784932464696013
1987 0.16245879044947
1988 -1.27946270642125
1989 0.211218585448989
1990 0.934977430960059
1991 -0.296245561777091
1992 -1.03422224915382
1993 0.527504227576529
1994 -0.659426511717236
1995 1.15598419879986
1996 -1.10261291389204
1997 -0.16131459509126
1998 -2.07446514321584
1999 -0.379391443964278
2000 -0.892848125587122
2001 1.07954769187049
2002 -0.114530789042253
2003 1.84385883248362
2004 -0.304931467312449
2005 0.771112982277679
2006 1.64969503252377
2007 -0.494093000219819
2008 -0.37992536661211
2009 -0.812000848445112
2010 -0.606242970900037
2011 0.183526308894624
2012 1.0660531099583
2013 -1.19129125169532
2014 0.00530574566128035
2015 0.0941307467582345
2016 -0.655942439973872
2017 0.384545259725408
2018 0.68595972906068
2019 -2.13462329880998
2020 1.31889370890443
2021 0.258894671422989
