1940 0.391685982349232
1941 0.104643844991342
1942 -0.605844700903867
1943 -0.496135404982146
1944 -0.16028029302717
1945 -0.304210074938912
1946 -0.437996118922737
1947 0.123687465677595
1948 -0.487556076298365
1949 -0.695924827036915
1950 -0.91518082103908
1951 -0.647352379566649
1952 0.641335187329655
1953 -0.657117959658073
1954 2.10635961065949
1955 1.41353713660714
1956 -0.319866928391199
1957 1.06969505817982
1958 -2.20673118662637
1959 -0.859332146151286
1960 -0.115507848034372
1961 2.07119110925962
1962 1.27576835678455
1963 0.530238187911469
1964 0.21438729134419
1965 -1.05864166540832
1966 0.474865460626015
1967 0.94211340393676
1968 -1.08086681381372
1969 0.954977192868768
1970 0.957253481260631
1971 -1.13578663302702
1972 -0.59960306040035
1973 -0.758611206624808
1974 -0.695036124118197
1975 0.183484974014379
1976 -1.07277157172918
1977 0.451616297915416
1978 1.28703683722429
1979 -0.603387588483186
1980 1.64236670165451
1981 -0.909757155321234
1982 0.543316121084414
1983 -1.05154739756834
1984 -1.06366154960367
1985 0.699833100859061
1986 -0.645186538362038
1987 0.456922043244871
1988 -0.0993107610023723
1989 0.486533549896357
1990 0.721526957215188
1991 -0.464348571912301
1992 -0.75821774005491
1993 -0.381936534305409
1994 -1.52095414956087
1995 1.63754309022756
1996 -0.618608278297519
1997 0.579571239778424
1998 0.00305125756343793
1999 0.287279884265369
2000 -2.38516398008978
2001 0.0376059319215235
2002 -0.500198243871389
2003 0.806789780663146
2004 -1.21894049475758
2005 1.16959071009547
2006 1.93411866721979
2007 0.179134945866058
2008 -0.0954998347106912
2009 -0.923985954157298
2010 -0.803984420348489
2011 0.0221584414925909
2012 1.90609635988034
2013 0.235075458890924
2014 0.435133789584056
2015 -1.14726112082986
2016 -0.401199882306723
2017 0.88125081457239
2018 0.589495711780426
2019 -1.34113108530616
2020 -0.262542674494665
2021 -0.509023843744951
