# Created by Octave 6.4.0, Wed Feb 08 17:47:01 2023 GMT <unknown@tumajer>
# name: gT_full
# type: matrix
# rows: 12
# columns: 77
 0 0 0 0 0 0 0 0 0 0 0 0 0 0 0 0 0 0 0 0 0 0 0 0 0 0 0 0 0 0 0 0 0 0 0 0 0 0 0 0 0 0 0 0 0 0 0 0 0 0 0 0 0 0 0 0 0 0 0 0 0 0 0 0 0 0 0 0 0 0 0 0 0 0 0 0 0
 0 0 0 0 0 0 0 0 0 0 0 0 0 0 0 0 0 0 0 0 0 0 0 0 0 0 0 0 0 0 0 0 0 0 0 0 0 0 0 0 0 0 0 0 0 0 0 0 0 0 0 0 0 0 0 0 0 0 0 0 0 0 0 0 0 0 0 0 0 0 0 0 0 0 0 0 0
 0 0 0 0 0 0 0 0 0 0 0 0 0 0 0 0 0 0 0 0 0 0 0 0 0 0 0 0 0 0 0 0 0 0 0 0 0 0 0 0 0 0 0 0 0 0 0 0 0 0 0 0 0 0 0 0 0 0 0 0 0 0 0 0 0 0 0 0 0 0 0 0 0 0 0 0 0
 0 0 0 0 0 0 0 0 0 0 0 0 0 0 0 0 0 0 0 0 0 0 0 0 0 0 0 0 0 0 0 0 0 0 0 0 0 0 0 0 1 0 0 0 0 0 0 0 0 0 0 0 0 0 0 0 0 0 0 0 0 0 0 0 0 0 0 0 0 0 0 0 0 0 0 0 0
 0 0 0 0 0 0 0 0 0 0 0 0 0 0 0 0 0 0 0 0 0 0 0 0 0 0 0 0 0 0 0 0 0 0 0 0 0 0 0 0 0 0 0 0 0 0 0 0 0 0 0 0 0 0 0 0 0 0 0 0 0 0 0 0 0 0 0 0 0 0 0 0 0 0 0 0 0
 0.28488921526597027 0.2341989129035261 0.35134358478262284 0.21022961878778815 0.42286415227449675 0.30400457862787955 0.23256291766632464 0.33358294733291072 0.35972132129471834 0.66613411649684529 0.28798801904774485 0.38164382756901077 0.44144238855945822 0.41906445317030722 0.58054482086078119 0.69413396590609877 0.17093259845185046 0.27127122301183393 0 0.35629643679003725 0.49592359224266946 0.27915445240791015 0.39841381677010501 0.38991780672708798 0.2074800924477504 0.36521992060580893 0.37701212216357743 0.52133445155126035 0.2944459023357423 0.21160800953307113 0.28904101823348904 0.25467272895345866 0.30465874081081057 0.63426226652777817 0.58151246225840436 0.60404197829362227 0.63692302947988788 0.41271669293203628 0.24387562303317578 0.56011526907946341 0.19296574539638783 0.28894256830557791 0.37731111821601643 0.51889062677095754 0.2267003529866542 0.36319094194779589 0 0.31335577734835746 0.15185656609057621 0.52553631818309399 0.38400235339545624 0.3426194200627774 0.19769349040860726 0.41380627332809022 0.44422304843114097 0.46462815213411263 0.49035812119253669 0.29038219103267598 0.52527777056392855 0.61163136171204668 0.14224683443980979 0.43207353701585394 0.1905463533598627 0.4492723627440442 0.15552010794225346 0.42762595997418834 0.56704238641755533 0.4544611527054197 0.40444536471069081 0.39846118124946556 0.26711930691179769 0.32164916587789316 0.55555524060850825 0.17324677113122999 0.51517556149086507 0.24304287343932093 0.36132255016268178
 0.90457617295685788 0.93701773813498823 0.79479882494586784 0.86220547951146154 0.88928381320196015 0.86268832844120047 0.61959604724908823 1 0.88552594332743118 0.9408285454264762 0.77292144925756034 0.76716294721157885 1 0.87220228406731659 0.74502952159957447 0.93024721856204784 0.61192230555769478 0.75680807874427014 0.77865981766355663 1 0.7057370536950186 0.82963939311262147 0.70703066495241529 0.96854563049272735 0.85850258285960757 0.48196054569895086 0.68747582413897257 1 0.75478130205625649 0.73366969625351075 1 0.77316283903833916 0.88130104400463605 1 0.89324885870335713 1 0.96668163505257609 0.67316708254277735 0.80186097348001772 0.93730131079624512 0.773417756992686 0.90810644868745338 0.832599791112411 0.74330492860731567 0.91902753331256637 0.82909753274207276 0.68504039117249671 0.92059379181403589 0.99930414776878151 0.72015437585974684 0.88652713807088146 0.83676846762503954 0.46484386494934571 0.92457296845222225 0.89425935461447248 0.99050957836299414 0.78673175800585649 0.75685293329675896 0.8655004936395555 0.88783593288608265 0.85152040523742645 0.82686351081235809 0.84238052317323475 0.82454847690576416 0.90615776650006352 0.95576245586546593 0.90352963181531554 0.83568771301252198 0.94553157953394129 0.84535102473766044 0.95631419671962603 0.80343923155014196 0.84890462653067877 0.85442352787478393 0.97873132079057845 0.69104168058496196 0.80850181718443004
 0.71105343556359102 0.36547789127233499 0.69714719258636482 0.5761962496702927 0.85410185467829369 0.69895528554538466 0.69987419990788624 0.75581061718799059 0.77977457714132492 0.68669499912509091 0.61937048242531056 0.63005079647427398 0.79888515020214723 0.54610447304517662 0.57796667292859427 0.79453940136843326 0.43051466551561812 0.41220818517156932 0.51181424728631164 0.72982176255142484 0.7032831366987734 0.74046256908604957 0.76941392522075158 0.47751565949190361 0.50632492559653575 0.42923651532895651 0.63246501803164434 0.8196951331773602 0.21158144130970918 0.71254549386135013 0.88508661714361314 0.54905245294914673 0.51189827106199604 0.93271425199568148 0.62510785148059056 0.70527883853220596 0.64694579488866766 0.5615925651934327 0.59956277084024678 0.58280775156922349 0.94754476405391874 0.78673189298919055 0.36235904537864305 0.65702865968299229 0.8218005483947094 0.70310733706403972 0.59169188615185764 0.52108431859059046 0.64393967829374654 0.6456673631088542 0.80687195600103701 0.74309233612581216 0.56051300978202612 0.72529786668316731 0.42803495067264774 0.73646792249038762 0.70454842027745868 0.4868472247934697 0.62339356792425393 0.6360452180593188 0.75588220599995493 0.756439451834515 0.6752437754959375 0.65669287433499035 0.58453893069464713 0.63124413706365468 0.41192874783929084 0.47269943084076771 0.73621938399268749 0.57119457439714982 0.72821054667494856 0.63603774553787906 0.77362441462729226 0.53476955589429731 0.74184888826497475 0.76387694030679876 0.65437479609670579
 0 0 0 0.0094741120235591145 0.21889963579635882 0 0.23641690846116667 0 0.14459535631807435 0 0 0 0 0 0 0 0 0 0 0.15531415660572964 0 0.24701340390802498 0 0 0 0 0 0.10436840798842703 0.56793497334041387 0 0 0.14008972873365771 0 0 0 0.13485849033134201 0 0 0 0 0 0.25473118839421693 0 0.18700553486229038 0 0.13121271670507406 0 0.067407295761498509 0 0.068307766099553247 0 0 0.0047542123905694655 0 0 0 0 0 0 0.27625994888836464 0 0 0.028075057099148919 0.20661359538544724 0 0 0 0 0 0 0 0 0.0097097749549544983 0 0 0.061547152689600364 0
 0 0 0 0 0 0 0 0 0 0 0 0 0 0 0 0 0 0 0 0 0 0 0 0 0 0 0 0 0 0 0 0 0 0 0 0 0 0 0 0 0 0 0 0 0 0 0 0 0 0 0 0 0 0 0 0 0 0 0 0 0 0 0 0 0 0 0 0 0 0 0 0 0 0 0 0 0
 0 0 0 0 0 0 0 0 0 0 0 0 0 0 0 0 0 0 0 0 0 0 0 0 0 0 0 0 0 0 0 0 0 0 0 0 0 0 0 0 0 0 0 0 0 0 0 0 0 0 0 0 0 0 0 0 0 0 0 0 0 0 0 0 0 0 0 0 0 0 0 0 0 0 0 0 0
 0 0 0 0 0 0 0 0 0 0 0 0 0 0 0 0 0 0 0 0 0 0 0 0 0 0 0 0 0 0 0 0 0 0 0 0 0 0 0 0 0 0 0 0 0 0 0 0 0 0 0 0 0 0 0 0 0 0 0 0 0 0 0 0 0 0 0 0 0 0 0 0 0 0 0 0 0


