# Created by Octave 6.4.0, Sat Jul 15 13:44:37 2023 GMT <unknown@tumajer>
# name: gT_full
# type: matrix
# rows: 12
# columns: 77
 0 0 0 0 0 0 0 0 0 0 0 0 0 0 0 0 0 0 0 0 0 0 0 0 0 0 0 0 0 0 0 0 0 0 0 0 0 0 0 0 0 0 0 0 0 0 0 0 0 0 0 0 0 0 0 0 0 0 0 0 0 0 0 0 0 0 0 0 0 0 0 0 0 0 0 0 0
 0 0 0 0 0 0 0 0 0 0 0 0 0 0 0 0 0 0 0 0 0 0 0 0 0 0 0 0 0 0 0 0 0 0 0 0 0 0 0 0 0 0 0 0 0 0 0 0 0 0 0 0 0 0 0 0 0 0 0 0 0 0 0 0 0 0 0 0 0 0 0 0 0 0 0 0 0
 0 0 0 0 0 0 0 0 0 0 0 0 0 0 0 0 0 0 0 0 0 0 0 0 0 0 0 0 0 0 0 0 0 0 0 0 0 0 0 0 0 0 0 0 0 0 0 0 0 0 0 0 0 0 0 0 0 0 0 0 0 0 0 0 0 0 0 0 0 0 0 0 0 0 0 0 0
 0 0 0 0 0 0 0 0 0 0 0 0 0 0 0 0 0 0 0 0 0 0 0 0 0 0 0 0 0 0 0 0 0 0 0 0 0 0 0 0 0 0 0 0 0 0 0 0 0 0 0 0 0 0 0 0 0 0 0 0 0 0 0 0 0 0 0 0 0 0 0 0 0 0 0 0 0
 0 0 0 0 0 0 0 0 0 0 0 0 0 0 0 0 0 0 0 0 0 0 0 0 0 0 0 0 0 0 0 0 0 0 0 0 0 0 0 0 0 0 0 0 0 0 0 0 0 0 0 0 0 0 0 0 0 0 0 0 0 0 0 0 0 0 0 0 0 0 0 0 0 0 0 0 0
 0.16879965062175131 0.1360089142122631 0.19806603132384487 0.1217801406134975 0.24308860110888361 0.17467537303854497 0.13787070077319186 0.19591940659405926 0.21446160081920068 0.38717695657040807 0.16867249343739765 0.23478617490334847 0.25748579919546255 0.24863086611444288 0.33469165411291529 0.404997960304811 0.10382647945864358 0.15440149748465323 0 0.2119584348456969 0.29401523346109204 0.16260354855419537 0.22480337401830486 0.2276723927369208 0.11983293958984148 0.2135147242939246 0.22021380300990417 0.30593646490339549 0.17032205347122309 0.12164927205437599 0.163877757611335 0.14683915825689528 0.17726852726877848 0.37771729809061533 0.34113738187692216 0.36001336303517834 0.37111166591755179 0.24399342493738371 0.14067004398227262 0.33381197395810785 0.10803160991048945 0.16679150517741315 0.22154807645553887 0.29994336002563776 0.12924767905421283 0.21136627647495598 0 0.1775122686584964 0.08523862108159122 0.30898974276483332 0.22433391139956763 0.1988478911587708 0.1100279340094442 0.23850263192426846 0.26416778630440402 0.27399980579430278 0.29173374159553583 0.15929428441336588 0.31538903195982099 0.36875523860217796 0.074353359221105336 0.26214307827473005 0.094244165911265609 0.26624900206373558 0.074663160758536698 0.25065836962439308 0.35159930582882842 0.26683658385466386 0.24141030327113122 0.23183942322742787 0.15116487122653988 0.18513202356022121 0.33768852853416936 0.07923035249749813 0.31085972990723754 0.1235574222122298 0.22872159595265576
 0.52503892084439441 0.54820717723584678 0.46089032209170722 0.50021291331386042 0.51202881288641211 0.50028157917632965 0.35825031837869153 0.63528873357705151 0.51723408544598826 0.54553463862726459 0.45142283872581318 0.46411033514687916 0.67053104197379576 0.50945053131683316 0.4313952876973739 0.53909082726836099 0.3542865805906516 0.43817290795573682 0.45479210811050164 0.65312687574250283 0.40871496962118048 0.47641743141430498 0.40961697340403846 0.56005467311932677 0.49298077916527816 0.28348163836637025 0.40187115687008412 0.59522128023504528 0.4367148571797656 0.42435500557996231 0.59768850156880093 0.45085708697497989 0.50953245134107139 0.65517154490109142 0.51628413669139306 0.67385741972416702 0.56271906295140739 0.39232057776841223 0.46696037420892178 0.54553449095052198 0.4462259109758529 0.52867262602766107 0.47668096287444894 0.43251627259974434 0.53449368628464033 0.48223372242961748 0.39824541716680389 0.53546403594746783 0.57375652418708822 0.4143126332189026 0.51163086163052207 0.48629058423446325 0.27505119952309542 0.53793766224114647 0.5161359589578921 0.57722237437980473 0.45640979573392154 0.43826687844430312 0.5069942323930694 0.51242120335263674 0.49013244920524013 0.47966331182305394 0.48893150157880533 0.47842921832289442 0.52721711159564921 0.55626682077845957 0.5260689335059836 0.48405722207120777 0.55275458975534542 0.48712424619702638 0.5598691995558025 0.45875837525560392 0.49205879953792975 0.49376976187419208 0.574548655499306 0.3944955047120941 0.47134310247466193
 0.41652454398547722 0.2185545448857798 0.40814181971525015 0.34106894828469592 0.49555775789725182 0.40919600224495251 0.41001128730090813 0.44265816734058028 0.45573914969435952 0.40575404368786216 0.36380986987893427 0.34567891820949193 0.46989326927695313 0.32538542591427239 0.34291057104236133 0.46314880399126801 0.25527156686040509 0.25279457311730569 0.30155377360322261 0.42525036246866454 0.40650648627932079 0.43502287780571897 0.44755242105590953 0.282035538047685 0.29810436877058905 0.25861018044749329 0.36906657904290285 0.47534443880992228 0.13480211519553892 0.41455293436729967 0.51231542690891008 0.32535490626637992 0.30424071235496808 0.5398911081848462 0.36439726873533662 0.41408013114289915 0.38462368105708011 0.32345913725313852 0.35311040512490349 0.34711490026863578 0.55052495594742934 0.45746610030583568 0.2141696491675385 0.38579852113028995 0.48227784614073821 0.40875800154624564 0.34308532096283884 0.30106043956793765 0.38148505464668453 0.38279725046509905 0.47889973268862263 0.4366117083666099 0.32706607218324801 0.42690694542506702 0.24604507634932327 0.43263766525998426 0.40965471422710881 0.28380240695164988 0.36334986446941225 0.37164137975879175 0.44701033895102221 0.44718036120890292 0.39586275262890153 0.38790213458743383 0.34028928972970057 0.3676270420661707 0.22486716454628106 0.26375525225137469 0.43687514279470085 0.32926314872990975 0.42706614658238101 0.37065255859898483 0.4683175697904064 0.30509355219556161 0.44221191470974253 0.46470253646206433 0.38443250972973181
 0 0 0 0.012849128325098991 0.13899638263181505 0 0.14706095252152127 0 0.096893775431870499 0.010908048038607496 0 0 0 0 0 0 0 0 0 0.095477577361749694 0 0.13535978479582128 0 0 0 0 0 0.056723395462957925 0.2837348765594771 0 0 0.06274279784782652 0 0 0 0.065023458066018711 0 0 0 0 0 0.13298285668050958 0 0.096163822905120822 0 0.070039731482660531 0 0.046757063105251073 0 0.042184952581527269 0 0 0.011807226712670463 0 0 0 0 0 0.0098884727040017134 0.21358520297933986 0 0.0085290756178698236 0.030596513542224476 0.16340785100872793 0 0.026131934452470772 0 0 0 0 0 0.0024322858905687348 0.036726209835400501 0 0 0.080326140850407707 0
 0 0 0 0 0 0 0 0 0 0 0 0 0 0 0 0 0 0 0 0 0 0 0 0 0 0 0 0 0 0 0 0 0 0 0 0 0 0 0 0 0 0 0 0 0 0 0 0 0 0 0 0 0 0 0 0 0 0 0 0 0 0 0 0 0 0 0 0 0 0 0 0 0 0 0 0 0
 0 0 0 0 0 0 0 0 0 0 0 0 0 0 0 0 0 0 0 0 0 0 0 0 0 0 0 0 0 0 0 0 0 0 0 0 0 0 0 0 0 0 0 0 0 0 0 0 0 0 0 0 0 0 0 0 0 0 0 0 0 0 0 0 0 0 0 0 0 0 0 0 0 0 0 0 0
 0 0 0 0 0 0 0 0 0 0 0 0 0 0 0 0 0 0 0 0 0 0 0 0 0 0 0 0 0 0 0 0 0 0 0 0 0 0 0 0 0 0 0 0 0 0 0 0 0 0 0 0 0 0 0 0 0 0 0 0 0 0 0 0 0 0 0 0 0 0 0 0 0 0 0 0 0


