# Created by Octave 6.4.0, Sat Jul 15 14:47:04 2023 GMT <unknown@tumajer>
# name: gT_full
# type: matrix
# rows: 12
# columns: 77
 0 0 0 0 0 0 0 0 0 0 0 0 0 0 0 0 0 0 0 0 0 0 0 0 0 0 0 0 0 0 0 0 0 0 0 0 0 0 0 0 0 0 0 0 0 0 0 0 0 0 0 0 0 0 0 0 0 0 0 0 0 0 0 0 0 0 0 0 0 0 0 0 0 0 0 0 0
 0 0 0 0 0 0 0 0 0 0 0 0 0 0 0 0 0 0 0 0 0 0 0 0 0 0 0 0 0 0 0 0 0 0 0 0 0 0 0 0 0 0 0 0 0 0 0 0 0 0 0 0 0 0 0 0 0 0 0 0 0 0 0 0 0 0 0 0 0 0 0 0 0 0 0 0 0
 0 0 0 0 0 0 0 0 0 0 0 0 0 0 0 0 0 0 0 0 0 0 0 0 0 0 0 0 0 0 0 0 0 0 0 0 0 0 0 0 0 0 0 0 0 0 0 0 0 0 0 0 0 0 0 0 0 0 0 0 0 0 0 0 0 0 0 0 0 0 0 0 0 0 0 0 0
 0 0 0 0 0 0 0 0 0 0 0 0 0 0 0 0 0 0 0 0 0 0 0 0 0 0 0 0 0 0 0 0 0 0 0 0 0 0 0 0 0 0 0 0 0 0 0 0 0 0 0 0 0 0 0 0 0 0 0 0 0 0 0 0 0 0 0 0 0 0 0 0 0 0 0 0 0
 0 0 0 0 0 0 0 0 0 0 0 0 0 0 0 0 0 0 0 0 0 0 0 0 0 0 0 0 0 0 0 0 0 0 0 0 0 0 0 0 0 0 0 0 0 0 0 0 0 0 0 0 0 0 0 0 0 0 0 0 0 0 0 0 0 0 0 0 0 0 0 0 0 0 0 0 0
 0.17498877261524215 0.12230054077084856 0.21123103489054892 0.10751690029949197 0.28137337066623752 0.18893917068143856 0.13048168548792843 0.21931924705025008 0.24019363859688853 0.48206138091061196 0.16880005277137683 0.24651752492344661 0.30731810596600184 0.28322313312538294 0.41217328195660663 0.50720426270463015 0.08107144411810073 0.14781046579454277 0 0.23012460750916766 0.35331743250660147 0.16485322077409584 0.25958726275927718 0.25228307301165376 0.10895190939880174 0.24316426565776367 0.24703382037157889 0.36418491687216442 0.175399894992606 0.10558059087202809 0.16606810535750863 0.14727083888473053 0.17952514525308744 0.46682634172522758 0.42569663533851471 0.44140222062226359 0.45729325101970575 0.28639404506521776 0.13261161875241007 0.41512815530239217 0.085819915948570871 0.17571592034980982 0.24287994571700106 0.35526013407176721 0.11624964373439704 0.23396646157359438 0 0.18544570304611421 0.053178001042102171 0.37390896095685128 0.24688967286358784 0.22167844454794847 0.083016604496483543 0.2671583912185076 0.30392408726907361 0.32365448431309296 0.34337728764017944 0.15916388886705995 0.38854447312799506 0.45933978395440894 0.037298129975290327 0.31211443969384306 0.065745790883021946 0.31227542592865387 0.037623844924943313 0.28987898798009221 0.43455145367124004 0.31869772615420938 0.27657113274731104 0.26283968050005352 0.1528524099710237 0.19020146852664493 0.40887085732344003 0.038375790564616402 0.37605395884423204 0.11321968961176232 0.25828672822764237
 0.68613335027619093 0.71381820536449081 0.59445023251638573 0.64526946017173326 0.65664597689906212 0.64556161448099991 0.44204205686292719 0.83355019470693226 0.67003153917649061 0.71628750752006387 0.58139248529090248 0.57691127548068011 0.89544200108223759 0.66450932499715187 0.54124653000773237 0.70689739843546551 0.44759593008203208 0.55644376238251403 0.58585972387546004 0.87008430669728398 0.51965670895021832 0.61662213895258344 0.52078307731768803 0.73067198449251525 0.62876734557790004 0.33969598293927067 0.497965916111342 0.78067825293674131 0.55902299798595834 0.54119180727376048 0.7895388895569071 0.5789496466096884 0.65727611963859012 0.8715907430112545 0.67239081531236522 0.89815014418592387 0.73873066393318987 0.49436783756280717 0.60125390104515786 0.70811620925850505 0.56566197966168597 0.68940938795379536 0.61478499379375928 0.54571761071529745 0.69746953299939496 0.622470996597554 0.51332763997150022 0.69861483755750065 0.74776839230129422 0.53048014536402599 0.6642526003758964 0.62220576000430927 0.32501813736581742 0.70179712938331174 0.67049647214516828 0.75801303764070926 0.59045649105894948 0.55307628053758784 0.65155074103675981 0.66495431044941333 0.64429565041116599 0.61225463292168558 0.63116785220862204 0.61607665282619117 0.68597454868717722 0.73324459983077883 0.68425651151980715 0.61833351902155997 0.72243436756887269 0.62831854277770427 0.72688845226185306 0.59324224110713497 0.63526989444667903 0.64334685008959813 0.75343247512630696 0.49529762065447158 0.60541366298365162
 0.53409663940610497 0.25023413443240672 0.52191331721965528 0.42569025401035748 0.6414003492452387 0.51753598204832663 0.52430426805070218 0.56537605942002644 0.5897384002365661 0.51804183749280097 0.45788010826795045 0.46585441808859723 0.60423244312723956 0.39141297649761309 0.41652663897434949 0.59454029128773433 0.29655739228183681 0.29866901552742897 0.36856051564693237 0.54020621939162683 0.5190048715993002 0.55988487478453486 0.57218588204081855 0.34626730488084595 0.36364753038594372 0.3127154135674472 0.45973465453796702 0.6120964852830082 0.13530172038152846 0.52499688968708702 0.67081901559260082 0.40284265180521261 0.36692936908416984 0.70473442645061124 0.45318749260610924 0.52441395551200265 0.48786207343148064 0.40019176452518246 0.43703400568722733 0.43977464166575164 0.72568962820596883 0.58663644768303036 0.24922431837648562 0.48958664310587668 0.62222801861386157 0.52251766089492913 0.42272550577380696 0.36816168796962528 0.47779098167887274 0.49101376413336084 0.61745158081116558 0.5625114442340039 0.40549651000719023 0.54862348279308837 0.28938031361659716 0.55685822128797624 0.52392072376912924 0.3378579130649314 0.45754851394689966 0.46942741622534895 0.57178559517562677 0.57200834818618917 0.49841818452740488 0.48696842745237334 0.41867076807989662 0.45780159355825734 0.25876628371967814 0.31444049300838062 0.56252282503098161 0.41385583684974508 0.54830499812876865 0.46735758862765858 0.60160446533230727 0.37321192782738927 0.56400844750360291 0.6018224709590555 0.4923348919120909
 0 0 0 0 0.13791082153894491 0 0.14933279489951751 0 0.082927308526584809 0 0 0 0 0 0 0 0 0 0 0.073848507855576923 0 0.13636626467950652 0 0 0 0 0 0.017004615680523943 0.33658329995644348 0 0 0.03066973522314613 0 0 0 0.033448806621850367 0 0 0 0 0 0.12488912980516534 0 0.072103654099417089 0 0.046007155502289787 0 0 0 0.00048093238863295931 0 0 0 0 0 0 0 0 0 0.24043373344990401 0 0 0 0.17396609048860728 0 0 0 0 0 0 0 0 0 0 0 0.053834139885116039 0
 0 0 0 0 0 0 0 0 0 0 0 0 0 0 0 0 0 0 0 0 0 0 0 0 0 0 0 0 0 0 0 0 0 0 0 0 0 0 0 0 0 0 0 0 0 0 0 0 0 0 0 0 0 0 0 0 0 0 0 0 0 0 0 0 0 0 0 0 0 0 0 0 0 0 0 0 0
 0 0 0 0 0 0 0 0 0 0 0 0 0 0 0 0 0 0 0 0 0 0 0 0 0 0 0 0 0 0 0 0 0 0 0 0 0 0 0 0 0 0 0 0 0 0 0 0 0 0 0 0 0 0 0 0 0 0 0 0 0 0 0 0 0 0 0 0 0 0 0 0 0 0 0 0 0
 0 0 0 0 0 0 0 0 0 0 0 0 0 0 0 0 0 0 0 0 0 0 0 0 0 0 0 0 0 0 0 0 0 0 0 0 0 0 0 0 0 0 0 0 0 0 0 0 0 0 0 0 0 0 0 0 0 0 0 0 0 0 0 0 0 0 0 0 0 0 0 0 0 0 0 0 0


