# Created by Octave 6.4.0, Wed Feb 08 14:34:09 2023 GMT <unknown@tumajer>
# name: gT_full
# type: matrix
# rows: 12
# columns: 77
 0 0 0 0 0 0 0 0 0 0 0 0 0 0 0 0 0 0 0 0 0 0 0 0 0 0 0 0 0 0 0 0 0 0 0 0 0 0 0 0 0 0 0 0 0 0 0 0 0 0 0 0 0 0 0 0 0 0 0 0 0 0 0 0 0 0 0 0 0 0 0 0 0 0 0 0 0
 0 0 0 0 0 0 0 0 0 0 0 0 0 0 0 0 0 0 0 0 0 0 0 0 0 0 0 0 0 0 0 0 0 0 0 0 0 0 0 0 0 0 0 0 0 0 0 0 0 0 0 0 0 0 0 0 0 0 0 0 0 0 0 0 0 0 0 0 0 0 0 0 0 0 0 0 0
 0 0 0 0 0 0 0 0 0 0 0 0 0 0 0 0 0 0 0 0 0 0 0 0 0 0 0 0 0 0 0 0 0 0 0 0 0 0 0 0 0 0 0 0 0 0 0 0 0 0 0 0 0 0 0 0 0 0 0 0 0 0 0 0 0 0 0 0 0 0 0 0 0 0 0 0 0
 0 0 0 0 0 0 0 0 0 0 0 0 0 0 0 0 0 0 0 0 0 0 0 0 0 0 0 0 0 0 0 0 0 0 0 0 0 0 0 0 0 0 0 0 0 0 0 0 0 0 0 0 0 0 0 0 0 0 0 0 0 0 0 0 0 0 0 0 0 0 0 0 0 0 0 0 0
 0 0 0 0 0 0 0 0 0 0 0 0 0 0 0 0 0 0 0 0 0 0 0 0 0 0 0 0 0 0 0 0 0 0 0 0 0 0 0 0 0 0 0 0 0 0 0 0 0 0 0 0 0 0 0 0 0 0 0 0.011689766716632705 0 0.014932740069089758 0 0 0 0 0 0 0 0 0 0 0 0 0 0 0
 0.36906543015739168 0.30063869242054964 0.43149266719218848 0.27339771625991083 0.52780897576016095 0.38965831094549364 0.30615174711972631 0.43116836985694296 0.46521959005774111 0.81983872614891184 0.37133551150411176 0.48273164616100889 0.56186019596095904 0.53186269245073226 0.71427994352643731 0.85275490567635015 0.2395086447267355 0.34101371065863884 0.022715876114986513 0.45662571067373026 0.62607106833960735 0.35982295610288922 0.49391990422698528 0.49181197154788825 0.2790729196267106 0.46716537406921538 0.47802933479994625 0.64390742177812066 0.37928079621763128 0.28069440630293901 0.36663320014304918 0.33501420995659359 0.38673963492828223 0.78319312726614787 0.71817151154938552 0.7471961230538755 0.77395065321164547 0.52262021839622974 0.31571851850947458 0.70065945544611774 0.25929078217672302 0.37571352552992854 0.47365132077412919 0.63271916371214421 0.29982794908243526 0.46408454938438121 0 0.39695500098852182 0.215348493250931 0.64990692248016624 0.48013726747904328 0.44105943858193675 0.25799359283574036 0.51224270366836744 0.5558606952589138 0.58050729273758672 0.6106669449154366 0.36793038948403178 0.65331204450024583 0.75449281309690375 0.20675461386692001 0.55277987057407962 0.25231838946894064 0.56202234462858214 0.21097047922511405 0.53267343578884629 0.71427994352643731 0.567373250660136 0.50478386495771621 0.49910866159091649 0.35836361809428385 0.40781896171925269 0.68103946666375326 0.2262124539816619 0.6383943670789437 0.31052976114554343 0.47251628010076929
 1 1 0.97420425772586405 1 1 1 0.76000586779608037 1 1 1 0.95263848493202496 0.9536113769377621 1 1 0.90415603331279326 1 0.75822223245222919 0.92442461676564935 0.96188095898652748 1 0.86475390708044086 1 0.86767258309765227 1 1 0.60726182289535691 0.84351243162184764 1 0.92491106276851798 0.90123735729558185 1 0.95263848493202496 1 1 1 1 1 0.83248632222349406 0.98377102911561198 1 0.93820725351359135 1 1 0.91161487202344416 1 1 0.85178201367061301 1 1 0.88356315252469131 1 1 0.59364133481503745 1 1 1 0.96788045968857273 0.92588395477425511 1 1 1 1 1 1 1 1 1 1 1 1 1 0.97842012308405812 1 1 1 0.84691755364192767 0.99512143584921153
 0.88518463920091983 0.47802933479994625 0.86880762377101217 0.72806258027437931 1 0.86637539375666939 0.87367208379969752 0.93350494215252877 0.96431318900087026 0.86118663639273818 0.77216701786779418 0.76016801646370347 0.98960838115003458 0.68655252136292988 0.72449530958667652 0.9790687177545494 0.54386169385482308 0.53851078782326878 0.6437452731104979 0.89961587061935344 0.86767258309765227 0.92166808941606104 0.94761187623571663 0.60888330957158543 0.64131304309615511 0.55618499259415932 0.78384172193663926 1 0.29739571906809242 0.8785365438283832 1 0.69384921140595812 0.64650180046008621 1 0.77216701786779418 0.87691505715215445 0.81578500945834065 0.6944978060764494 0.74930405573297254 0.74525033904240123 1 0.96317814832751014 0.47478636144748937 0.82291955083374602 1 0.86475390708044086 0.73357563497355627 0.6512041118211489 0.8067046840714609 0.81448782011735765 0.99852655786929112 0.92101949474556943 0.70649680748054056 0.89945372195173068 0.54548318053105149 0.91307421003204992 0.86848332643576642 0.6194229729670705 0.77800436990221677 0.79600287200835307 0.93431568549064314 0.93350494215252877 0.83783722825504792 0.81983872614891184 0.72952191828298496 0.78367957326901649 0.5250524484105723 0.59607356482938023 0.91307421003204992 0.71800936288176276 0.89540000526115937 0.78594965461573618 0.95815153963120203 0.67503996596170768 0.91469569670827833 0.95020625491768218 0.82194665882800888
 0.0013122519887703639 0 0.007636050026061568 0.051740487619476368 0.31279984249226317 0 0.32787966858118811 0 0.22702319731977613 0.048983960269888029 0 0 0 0 0 0 0 0 0 0.23059046800747884 0.028715376817031912 0.32609603323733694 0 0 0 0 0 0.15940720292104815 0.67001335726539923 0 0 0.18470239507021252 0 0 0 0.1911883417751265 0 0 0 0 0 0.33014974992790791 0.023850916788346402 0.24810252411074663 0 0.19167478777799507 0 0.12049152269156438 0 0.11805929267722169 0 0 0.052226933622344936 0 0.0027715899973760599 0 0 0 0.024337362791214966 0.39111764895409928 0 0.036660661530551426 0.077522125771509465 0.3019358817615323 0 0.054659163636687762 0 0 0 0 0 0.023202322117855077 0.064712381029304294 0 0 0.13135548342229528 0
 0 0 0 0 0 0 0 0 0 0 0 0 0 0 0 0 0 0 0 0 0 0 0 0 0 0 0 0 0 0 0 0 0 0 0 0 0 0 0 0 0 0 0 0 0 0 0 0 0 0 0 0 0 0 0 0 0 0 0 0 0 0 0 0 0 0 0 0 0 0 0 0 0 0 0 0 0
 0 0 0 0 0 0 0 0 0 0 0 0 0 0 0 0 0 0 0 0 0 0 0 0 0 0 0 0 0 0 0 0 0 0 0 0 0 0 0 0 0 0 0 0 0 0 0 0 0 0 0 0 0 0 0 0 0 0 0 0 0 0 0 0 0 0 0 0 0 0 0 0 0 0 0 0 0
 0 0 0 0 0 0 0 0 0 0 0 0 0 0 0 0 0 0 0 0 0 0 0 0 0 0 0 0 0 0 0 0 0 0 0 0 0 0 0 0 0 0 0 0 0 0 0 0 0 0 0 0 0 0 0 0 0 0 0 0 0 0 0 0 0 0 0 0 0 0 0 0 0 0 0 0 0


