# Created by Octave 6.4.0, Wed Feb 08 22:43:31 2023 GMT <unknown@tumajer>
# name: gT_full
# type: matrix
# rows: 12
# columns: 77
 0 0 0 0 0 0 0 0 0 0 0 0 0 0 0 0 0 0 0 0 0 0 0 0 0 0 0 0 0 0 0 0 0 0 0 0 0 0 0 0 0 0 0 0 0 0 0 0 0 0 0 0 0 0 0 0 0 0 0 0 0 0 0 0 0 0 0 0 0 0 0 0 0 0 0 0 0
 0 0 0 0 0 0 0 0 0 0 0 0 0 0 0 0 0 0 0 0 0 0 0 0 0 0 0 0 0 0 0 0 0 0 0 0 0 0 0 0 0 0 0 0 0 0 0 0 0 0 0 0 0 0 0 0 0 0 0 0 0 0 0 0 0 0 0 0 0 0 0 0 0 0 0 0 0
 0 0 0 0 0 0 0 0 0 0 0 0 0 0 0 0 0 0 0 0 0 0 0 0 0 0 0 0 0 0 0 0 0 0 0 0 0 0 0 0 0 0 0 0 0 0 0 0 0 0 0 0 0 0 0 0 0 0 0 0 0 0 0 0 0 0 0 0 0 0 0 0 0 0 0 0 0
 0 0 0 0 0 0 0 0 0 0 0 0 0 0 0 0 0 0 0 0 0 0 0 0 0 0 0 0 0 0 0 0 0 0 0 0 0 0 0 0 0 0 0 0 0 0 0 0 0 0 0 0 0 0 0 0 0 0 0 0 0 0 0 0 0 0 0 0 0 0 0 0 0 0 0 0 0
 0 0 0 0 0 0 0 0 0 0 0 0 0 0 0 0 0 0 0 0 0 0 0 0 0 0 0 0 0 0 0 0 0 0 0 0 0 0 0 0 0 0 0 0 0 0 0 0 0 0 0 0 0 0 0 0 0 0 0 0 0 0 0 0 0 0 0 0 0 0 0 0 0 0 0 0 0
 0.16166268644268342 0.1709196224924735 0.26407191690263132 0.14104443029240479 0.29847382995241173 0.19917850085693106 0.14194524942156339 0.2270314772189653 0.23195467297248162 0.48121935359000034 0.17522857219222387 0.22742900289399734 0.31334447461058906 0.31056297252969256 0.40123124242437341 0.5232439066594361 0.11286673247657665 0.17602130454825876 0 0.2380595106616836 0.34955943033267278 0.18152977026719175 0.28612783032320283 0.29503649308801244 0.12933130555947578 0.26559904704725995 0.26895538690928583 0.37245571955449347 0.20786107660066638 0.12764881530315345 0.20472140784538304 0.17208568391405862 0.19652201223275922 0.45950693691675054 0.40661308127404144 0.45122730174069992 0.46651242384256419 0.26283730615271078 0.16446102703335755 0.38569356497321605 0.10786488679511727 0.19463163771252423 0.2294766910503328 0.36255863191833038 0.15585594216431906 0.22749947156129469 0 0.21907394646839612 0.09508549467131247 0.34699512122971338 0.26965052054855104 0.26193260444501643 0.11713358873735145 0.27803076379980335 0.32266189285999131 0.34832654859189538 0.35926803960315479 0.19975223124836938 0.35791793609008038 0.4461808351034845 0.066309405895698434 0.30320047689979507 0.10950984085086654 0.31711214442199842 0.067653419210124008 0.30451602451757737 0.410785027652952 0.31547525044626878 0.26212823819413084 0.28011758323155544 0.18476450747097142 0.22481078817290956 0.39554987549223181 0.099312079917139626 0.36893760847217566 0.15117327986246801 0.25329242517287059
 0.66750387286414703 0.70930039538427514 0.57013452986622182 0.6449572799630473 0.65575617711615231 0.63460397198907637 0.43668539214150121 0.81281952082926834 0.65278089909834902 0.71241236720064471 0.57410904870722801 0.54753711889553747 0.87177472591525462 0.64131136195128868 0.52449775546042987 0.69751323859170067 0.42421346884632471 0.55481594356298214 0.57733785443237695 0.85381343271593124 0.50289698623993817 0.61681712296543501 0.50877555165422683 0.74838553720036616 0.63889735561659877 0.33051527449646151 0.50360306791653575 0.76836781890527917 0.55626923694211039 0.52883119990839955 0.7759916950711282 0.57071371170153473 0.64491411630753326 0.83328367286125982 0.65418903084035851 0.87439545218465808 0.70108811672327831 0.48555525883176026 0.58689063117529661 0.69351311614645628 0.55357789100294585 0.67008538677644081 0.6052373093810548 0.56154110918740607 0.67873110877426002 0.60766461302524732 0.49930953464309502 0.68502418109646268 0.74688517755971939 0.53736130669846738 0.65268148561351946 0.61348530652448863 0.32030116393557528 0.67234106432777174 0.66439485832895862 0.75096409954804 0.57988208121398321 0.57206681107055157 0.63184259204081294 0.65491167008427742 0.61588834526420599 0.60705102464002736 0.61442224479619967 0.60581500126838528 0.67027678466578344 0.70457578236071317 0.67386784211351236 0.6000548187235033 0.69229403402952872 0.61840458691776001 0.72175104023524217 0.60065097265429224 0.62661872622042825 0.62624596274562072 0.7101383051599488 0.51208077580625533 0.59068808081564517
 0.5198071255351181 0.2530928914107145 0.50919013061018736 0.41403423571869408 0.63867974894685298 0.50591142743641748 0.50179353018544381 0.5673314523411549 0.5651269378751832 0.49713819941404408 0.43886210719552171 0.42038513151173268 0.57567914863804814 0.38690779627190985 0.40152553669060259 0.58890718056777691 0.30149690796772599 0.25994878321876513 0.36074806800582115 0.52205981014956837 0.51179921273688456 0.54156399288435531 0.56960979389511412 0.32811080463016329 0.35131421932030477 0.29550751004636761 0.44541002970819366 0.59858587061554969 0.12901054942890422 0.52491981279830169 0.64486839445410027 0.39027223945329165 0.35493434684553232 0.68801633618925129 0.45536740289291761 0.51330516408543658 0.47792523753514987 0.39428875114523509 0.44024991459528318 0.4110584557517134 0.68838137552877887 0.56639570187585897 0.22017129205034414 0.48529850782818917 0.61003445715689097 0.49479282760448789 0.40667524061961768 0.35591071200100105 0.45818983851016054 0.48082516562298555 0.59749444860782464 0.54143341911940446 0.39695241693905281 0.53255064752807235 0.29182142154661073 0.54076088850590265 0.49995550208364375 0.33800466567309451 0.45103192622426486 0.46105321850434577 0.5404721686768591 0.55583228040800037 0.50125104941982257 0.46676876634822001 0.40984808112784449 0.45670427935585761 0.27773670689649788 0.32076646827094407 0.52902431476355416 0.40830175961287657 0.52311926101695583 0.4553435212957766 0.55843509386458634 0.37799006112447275 0.53879257894945842 0.55551885231506626 0.47818269388368856
 0 0 0 0 0.13892218887746205 0 0.16124242457934188 0 0.084160069233767218 0 0 0 0 0 0 0 0 0 0 0.096679346882881823 0 0.17314016013456926 0 0 0 0 0 0.045506090878445288 0.39155287386224813 0 0 0.069907893855875369 0 0 0 0.053466059405650343 0 0 0 0 0 0.13047354228654881 0 0.11294986996796152 0 0.067161805346186487 0 0.0070215659512942322 0 0.035806675965977378 0 0 0 0 0 0 0 0 0 0.19851902884663103 0 0 0 0.12534996914831587 0 0 0 0 0 0 0 0 0 0 0 0.030706968307494427 0
 0 0 0 0 0 0 0 0 0 0 0 0 0 0 0 0 0 0 0 0 0 0 0 0 0 0 0 0 0 0 0 0 0 0 0 0 0 0 0 0 0 0 0 0 0 0 0 0 0 0 0 0 0 0 0 0 0 0 0 0 0 0 0 0 0 0 0 0 0 0 0 0 0 0 0 0 0
 0 0 0 0 0 0 0 0 0 0 0 0 0 0 0 0 0 0 0 0 0 0 0 0 0 0 0 0 0 0 0 0 0 0 0 0 0 0 0 0 0 0 0 0 0 0 0 0 0 0 0 0 0 0 0 0 0 0 0 0 0 0 0 0 0 0 0 0 0 0 0 0 0 0 0 0 0
 0 0 0 0 0 0 0 0 0 0 0 0 0 0 0 0 0 0 0 0 0 0 0 0 0 0 0 0 0 0 0 0 0 0 0 0 0 0 0 0 0 0 0 0 0 0 0 0 0 0 0 0 0 0 0 0 0 0 0 0 0 0 0 0 0 0 0 0 0 0 0 0 0 0 0 0 0


