# Created by Octave 6.4.0, Wed Feb 08 14:40:04 2023 GMT <unknown@tumajer>
# name: gT_full
# type: matrix
# rows: 12
# columns: 77
 0 0 0 0 0 0 0 0 0 0 0 0 0 0 0 0 0 0 0 0 0 0 0 0 0 0 0 0 0 0 0 0 0 0 0 0 0 0 0 0 0 0 0 0 0 0 0 0 0 0 0 0 0 0 0 0 0 0 0 0 0 0 0 0 0 0 0 0 0 0 0 0 0 0 0 0 0
 0 0 0 0 0 0 0 0 0 0 0 0 0 0 0 0 0 0 0 0 0 0 0 0 0 0 0 0 0 0 0 0 0 0 0 0 0 0 0 0 0 0 0 0 0 0 0 0 0 0 0 0 0 0 0 0 0 0 0 0 0 0 0 0 0 0 0 0 0 0 0 0 0 0 0 0 0
 0 0 0 0 0 0 0 0 0 0 0 0 0 0 0 0 0 0 0 0 0 0 0 0 0 0 0 0 0 0 0 0 0 0 0 0 0 0 0 0 0 0 0 0 0 0 0 0 0 0 0 0 0 0 0 0 0 0 0 0 0 0 0 0 0 0 0 0 0 0 0 0 0 0 0 0 0
 0 0 0 0 0 0 0 0 0 0 0 0 0 0 0 0 0 0 0 0 0 0 0 0 0 0 0 0 0 0 0 0 0 0 0 0 0 0 0 0 0 0 0 0 0 0 0 0 0 0 0 0 0 0 0 0 0 0 0 0 0 0 0 0 0 0 0 0 0 0 0 0 0 0 0 0 0
 0 0 0 0 0 0 0 0 0 0 0 0 0 0 0 0 0 0 0 0 0 0 0 0 0 0 0 0 0 0 0 0 0 0 0 0 0 0 0 0 0 0 0 0 0 0 0 0 0 0 0 0 0 0 0 0 0 0 0 0 0 0 0 0 0 0 0 0 0 0 0 0 0 0 0 0 0
 0.17724919362050803 0.18698249367650099 0.28492842605861157 0.1555699173823909 0.32110066927306974 0.21669558026234925 0.15651709286606269 0.24598187703765279 0.25115842154931672 0.51325031856167425 0.191513182894647 0.24639985947311921 0.33673656064204716 0.33381192183995151 0.42914600124765079 0.55743746456157484 0.12594218891441988 0.19234670943559753 0 0.25757741555581465 0.37481514611153771 0.19813864203642192 0.30811934173273386 0.31748644628235534 0.14325403262250255 0.28653414266314181 0.29006320052756651 0.39888968351420589 0.22582496330206231 0.14148496104007102 0.22252372648815005 0.18820856088048291 0.21390238813751195 0.49042057605456496 0.43480479073210515 0.48171486899456178 0.4977865669094792 0.28363028196247692 0.18019153744587274 0.41280875142849704 0.12068294713187341 0.21191473452030149 0.24855292212144203 0.38848328952756728 0.1711436329786559 0.24647395447384748 0 0.23761484996914051 0.10724592462192467 0.37211887708675778 0.29079410589988308 0.28267902410190676 0.13042861855577567 0.2996055983492123 0.3465334553252154 0.37351881999974468 0.38502336259350634 0.21729883494846519 0.38360378245071153 0.47640871005186403 0.07698901186110961 0.32607055053293527 0.12241255089242799 0.34069811558734525 0.078402188402266607 0.32745379652631257 0.43919142640777997 0.33897698668033666 0.28288472520764707 0.30179980597716499 0.20153983954252172 0.24364691083500656 0.4231722698983903 0.11169001089286756 0.39519052964619467 0.16621999982405106 0.27359421926572408
 0.70912108099637738 0.75306846194373733 0.60674108975994723 0.68541423536555968 0.69676884618923107 0.67452814384016246 0.46642462946445995 0.86191470481185606 0.69364045969703558 0.75634057652804465 0.61092013823231817 0.58298081095028154 0.92390375797999558 0.68158069759484119 0.55875583670320761 0.74067473541780282 0.45331089819805093 0.59063420556834301 0.61431509902456594 0.90501817260246198 0.53604348705182703 0.65582597957473343 0.54222456476137337 0.79416493392764798 0.67904246595251105 0.35479097374284813 0.53678590384993363 0.81517550833274044 0.5921622857508525 0.56331228117481247 0.82319171087673715 0.60735007642246275 0.68536885049864782 0.8834319466991809 0.69512105421444703 0.92665934741126388 0.74443357758016615 0.51780935046006993 0.62435946380213792 0.73646876577397458 0.58933244254577166 0.7118354401938406 0.64365026618501064 0.59770544972479922 0.72092607298560329 0.64620247941937425 0.53227142439085429 0.7275429882215525 0.79258736544324138 0.57228134917429119 0.69353593037197026 0.65232270711213958 0.34405124276064625 0.71420719541809419 0.70585207587560439 0.79687618967231366 0.61699025228722981 0.60877280658861899 0.6716246626601603 0.6958808806360044 0.65484940676459902 0.64555731563817331 0.65330786043754407 0.64425768622648627 0.71203668746151472 0.74810071927386934 0.71581254153126894 0.63820108339536907 0.73518694941777107 0.65749513477824184 0.76615981977242342 0.63882791554120211 0.66613197553252235 0.66574002956566003 0.75394949074447815 0.54569987648989482 0.62835233105305455
 0.55382382590945112 0.27338441745139586 0.5426604780434312 0.44260783944964577 0.67881366119471331 0.53921305206866044 0.53488324690117373 0.60379376523648298 0.60147580596144112 0.52998835176370995 0.4687133587635739 0.44928555376521456 0.61257103585787898 0.41408546734227214 0.42945543996285418 0.62647978527883075 0.3242793155613734 0.28059311499022072 0.38657955358986418 0.55619243417962061 0.54540382412179689 0.57670030653430782 0.60618935075802549 0.35226276931771278 0.37666023693421463 0.31798170187907471 0.47559823883797736 0.63665654288817608 0.14291677030948022 0.559199613206388 0.68532077578837813 0.41762304552468499 0.3804666570341782 0.73068912028679878 0.48606802068103272 0.54698727206465225 0.50978668655550397 0.42184624780952479 0.47017258304352472 0.43947892517785575 0.73107294463264638 0.60280986084227828 0.23876866520095907 0.517539386992245 0.64869427626178022 0.52752228659457712 0.43487014881155212 0.3814932661596252 0.48903569946843994 0.51283584559342854 0.63550895605903912 0.57656301341411442 0.42464698644276838 0.56722313240356703 0.31410592643803209 0.5758558742243387 0.53295063346083638 0.36266577066990779 0.48150943941021246 0.49204642963961404 0.57555229680810926 0.59170284333545253 0.53431284995363126 0.49805610085799445 0.43820626440425747 0.48747369310672534 0.29929640921168194 0.34454049176151852 0.56351533376374463 0.43658036883716411 0.55730640462636449 0.48604291013154421 0.59443959815653624 0.40470882354317744 0.57378627501646851 0.59137328616252871 0.51005739166550679
 0 0 0 0 0.15333846494804451 0 0.17680730498738015 0 0.09575827433990533 0 0 0 0 0 0 0 0 0 0 0.10892179682593156 0 0.18931730068390545 0 0 0 0 0 0.055115153585199757 0.41896958166767639 0 0 0.080772678819149624 0 0 0 0.063484743878880576 0 0 0 0 0 0.14445504910784701 0 0.1260296046797659 0 0.077885275978582039 0 0.014650206370100866 0 0.044916604604971717 0 0 0 0 0 0 0 0 0 0.21600217167442617 0 0 0 0.13906781574628807 0 0 0 0 0 0 0 0 0 0 0 0.039554464846105669 0
 0 0 0 0 0 0 0 0 0 0 0 0 0 0 0 0 0 0 0 0 0 0 0 0 0 0 0 0 0 0 0 0 0 0 0 0 0 0 0 0 0 0 0 0 0 0 0 0 0 0 0 0 0 0 0 0 0 0 0 0 0 0 0 0 0 0 0 0 0 0 0 0 0 0 0 0 0
 0 0 0 0 0 0 0 0 0 0 0 0 0 0 0 0 0 0 0 0 0 0 0 0 0 0 0 0 0 0 0 0 0 0 0 0 0 0 0 0 0 0 0 0 0 0 0 0 0 0 0 0 0 0 0 0 0 0 0 0 0 0 0 0 0 0 0 0 0 0 0 0 0 0 0 0 0
 0 0 0 0 0 0 0 0 0 0 0 0 0 0 0 0 0 0 0 0 0 0 0 0 0 0 0 0 0 0 0 0 0 0 0 0 0 0 0 0 0 0 0 0 0 0 0 0 0 0 0 0 0 0 0 0 0 0 0 0 0 0 0 0 0 0 0 0 0 0 0 0 0 0 0 0 0


