# Created by Octave 6.4.0, Sun Jul 23 13:44:53 2023 GMT <unknown@tumajer>
# name: gT_full
# type: matrix
# rows: 12
# columns: 77
 0 0 0 0 0 0 0 0 0 0 0 0 0 0 0 0 0 0 0 0 0 0 0 0 0 0 0 0 0 0 0 0 0 0 0 0 0 0 0 0 0 0 0 0 0 0 0 0 0 0 0 0 0 0 0 0 0 0 0 0 0 0 0 0 0 0 0 0 0 0 0 0 0 0 0 0 0
 0 0 0 0 0 0 0 0 0 0 0 0 0 0 0 0 0 0 0 0 0 0 0 0 0 0 0 0 0 0 0 0 0 0 0 0 0 0 0 0 0 0 0 0 0 0 0 0 0 0 0 0 0 0 0 0 0 0 0 0 0 0 0 0 0 0 0 0 0 0 0 0 0 0 0 0 0
 0 0 0 0 0 0 0 0 0 0 0 0 0 0 0 0 0 0 0 0 0 0 0 0 0 0 0 0 0 0 0 0 0 0 0 0 0 0 0 0 0 0 0 0 0 0 0 0 0 0 0 0 0 0 0 0 0 0 0 0 0 0 0 0 0 0 0 0 0 0 0 0 0 0 0 0 0
 0 0 0 0 0 0 0 0 0 0 0 0 0 0 0 0 0 0 0 0 0 0 0 0 0 0 0 0 0 0 0 0 0 0 0 0 0 0 0 0 0 0 0 0 0 0 0 0 0 0 0 0 0 0 0 0 0 0 0 0 0 0 0 0 0 0 0 0 0 0 0 0 0 0 0 0 0
 0 0 0 0 0 0 0 0 0 0 0 0 0 0 0 0 0 0 0 0 0 0 0 0 0 0 0 0 0 0 0 0 0 0 0 0 0 0 0 0 0 0 0 0 0 0 0 0 0 0 0 0 0 0 0 0 0 0 0 0 0 0 0 0 0 0 0 0 0 0 0 0 0 0 0 0 0
 0.2345098236985757 0.25073075747704937 0.40703937364999271 0.19894312571441689 0.46722592907340033 0.29635934558427196 0.20016509563972001 0.34681498276896566 0.35331157979599381 0.78022380622821363 0.25428975314824109 0.34500018168871555 0.49183764801177376 0.48929128404090727 0.64565997140742382 0.85817266753397436 0.14586368062176808 0.25564038232569175 0 0.36278801057552662 0.55631755145510786 0.26396014452178385 0.44796800453294938 0.46374772783262663 0.1711791542451197 0.41106641772232372 0.41737806724548926 0.60119713431366706 0.30859382936678659 0.16549860363815014 0.30271446658699974 0.2438256573134148 0.28783031359023475 0.76176879249334195 0.66609868088053892 0.74822834434186114 0.77460284732105633 0.40886176037484623 0.23013812705054115 0.63071600625334956 0.12511321414846596 0.28272319641806803 0.34676044322661209 0.5880920018097322 0.21258059495771109 0.34122042984675394 0 0.32640639853306047 0.098851935556987264 0.56225305290345529 0.4181067503815572 0.40449250808411513 0.13842488131264299 0.432718396030013 0.52138185170413709 0.56329705704575272 0.58654094766988529 0.28285247139512432 0.59580310431271 0.75934986497819168 0.026112560300705974 0.48870129818887975 0.10116949811403222 0.50772901701279616 0.02680193479200969 0.48946619701956279 0.69996502646537528 0.50885683833312434 0.42062221791727611 0.44459116018228356 0.24442804737096288 0.33393193716841657 0.68506855470868799 0.074008918545654848 0.62140121089211209 0.1785416802174806 0.40831993773416697
 1 1 0.94139553784165408 1 1 1 0.70905105242874189 1 1 1 0.94812213015075497 0.90328769274017306 1 1 0.86277341912763084 1 0.68929322915227176 0.91529572002345783 0.95425828544599156 1 0.82602141408917873 1 0.83691555388585459 1 1 0.52875808765776422 0.82712684810716453 1 0.91858930227525726 0.87060216977669236 1 0.94246321188200266 1 1 1 1 1 0.79443416804904876 0.97079053508860469 1 0.912279829945848 1 1 0.92639219899138237 1 1 0.81734692546731769 1 1 0.88362431784009199 1 1 0.49899087692391025 1 1 1 0.95693689235286239 0.94246279089275165 1 1 1 1 1 1 1 1 1 0.98998399249630797 1 1 1 0.9882283276772581 1 1 1 0.82906962159569741 0.97387650957384919
 0.85469482950541686 0.38706766768094952 0.83555262167845346 0.66803288546134387 1 0.82986286083337768 0.82287109925080426 0.93784508139862965 0.93184157479958885 0.81413651859871572 0.7154353251457265 0.68235690394184245 0.94836722542125829 0.62587627483418662 0.64900412791144491 0.97095312892629193 0.47992661090355904 0.40900071823323508 0.5806105808080303 0.85459714115178576 0.83858237839568661 0.88755530134778904 0.93609680871923173 0.52640158974418005 0.56460746821379626 0.47146783038301532 0.72342605281982508 0.98418523283508197 0.18876406531165252 0.85956456725632002 1 0.63042004139140251 0.57135608536499594 1 0.74194463252227871 0.84087922153765049 0.78077121875462951 0.63636625952000458 0.71596298581112527 0.6645769107869498 1 0.93501537141935553 0.33198533673379854 0.79379340574305246 1 0.81075592242420225 0.65551621662828274 0.5654934898873849 0.74620751512717898 0.78661332079390189 0.99501652062618651 0.89497457874542108 0.63594739718425541 0.88120043585425878 0.4442561887546021 0.89457315616963018 0.8214809365922392 0.52391846826719712 0.73056096159736339 0.75009347680050531 0.90016142681595457 0.92853688853971061 0.82587349698116375 0.76030810297775497 0.657072567105072 0.74034840011811975 0.39353121277566189 0.47608864190390288 0.88528117474181356 0.64957587600039568 0.8713969271737716 0.74737188436710122 0.95018288154109098 0.58302403171282613 0.90711669438755194 0.95091333634735742 0.77983389138071502
 0 0 0 0 0.1946365244087305 0 0.23324400904483988 0 0.096813229955691985 0 0 0 0 0 0 0 0 0 0 0.096218524246936943 0 0.2186603937908011 0 0 0 0 0 0.0049074373892670706 0.52281715761297565 0 0 0.028440927618294594 0 0 0 0 0 0 0 0 0 0.12917206407464674 0 0.10754074319855604 0 0.045768464049138396 0 0 0 0.007825129751604671 0 0 0 0 0 0 0 0 0 0.38393447956326138 0 0 0 0.24561073961971081 0 0 0 0 0 0 0 0 0 0 0 0.090403723737704528 0
 0 0 0 0 0 0 0 0 0 0 0 0 0 0 0 0 0 0 0 0 0 0 0 0 0 0 0 0 0 0 0 0 0 0 0 0 0 0 0 0 0 0 0 0 0 0 0 0 0 0 0 0 0 0 0 0 0 0 0 0 0 0 0 0 0 0 0 0 0 0 0 0 0 0 0 0 0
 0 0 0 0 0 0 0 0 0 0 0 0 0 0 0 0 0 0 0 0 0 0 0 0 0 0 0 0 0 0 0 0 0 0 0 0 0 0 0 0 0 0 0 0 0 0 0 0 0 0 0 0 0 0 0 0 0 0 0 0 0 0 0 0 0 0 0 0 0 0 0 0 0 0 0 0 0
 0 0 0 0 0 0 0 0 0 0 0 0 0 0 0 0 0 0 0 0 0 0 0 0 0 0 0 0 0 0 0 0 0 0 0 0 0 0 0 0 0 0 0 0 0 0 0 0 0 0 0 0 0 0 0 0 0 0 0 0 0 0 0 0 0 0 0 0 0 0 0 0 0 0 0 0 0


