# Created by Octave 6.4.0, Sun Jul 23 14:46:40 2023 GMT <unknown@tumajer>
# name: gT_full
# type: matrix
# rows: 12
# columns: 77
 0 0 0 0 0 0 0 0 0 0 0 0 0 0 0 0 0 0 0 0 0 0 0 0 0 0 0 0 0 0 0 0 0 0 0 0 0 0 0 0 0 0 0 0 0 0 0 0 0 0 0 0 0 0 0 0 0 0 0 0 0 0 0 0 0 0 0 0 0 0 0 0 0 0 0 0 0
 0 0 0 0 0 0 0 0 0 0 0 0 0 0 0 0 0 0 0 0 0 0 0 0 0 0 0 0 0 0 0 0 0 0 0 0 0 0 0 0 0 0 0 0 0 0 0 0 0 0 0 0 0 0 0 0 0 0 0 0 0 0 0 0 0 0 0 0 0 0 0 0 0 0 0 0 0
 0 0 0 0 0 0 0 0 0 0 0 0 0 0 0 0 0 0 0 0 0 0 0 0 0 0 0 0 0 0 0 0 0 0 0 0 0 0 0 0 0 0 0 0 0 0 0 0 0 0 0 0 0 0 0 0 0 0 0 0 0 0 0 0 0 0 0 0 0 0 0 0 0 0 0 0 0
 0 0 0 0 0 0 0 0 0 0 0 0 0 0 0 0 0 0 0 0 0 0 0 0 0 0 0 0 0 0 0 0 0 0 0 0 0 0 0 0 0 0 0 0 0 0 0 0 0 0 0 0 0 0 0 0 0 0 0 0 0 0 0 0 0 0 0 0 0 0 0 0 0 0 0 0 0
 0 0 0 0 0 0 0 0 0 0 0 0 0 0 0 0 0 0 0 0 0 0 0 0 0 0 0 0 0 0 0 0 0 0 0 0 0 0 0 0 0 0 0 0 0 0 0 0 0 0 0 0 0 0 0 0 0 0 0 0 0 0 0 0 0 0 0 0 0 0 0 0 0 0 0 0 0
 0.14000821822367723 0.14687857526391557 0.21308290210722142 0.12494398596488007 0.23857484544587501 0.16620450901223083 0.12546154986064093 0.18757493360588756 0.1903265594821652 0.37114472078461563 0.14838598361041894 0.18680627678571887 0.24899910947345008 0.24792060006867908 0.31415036999395035 0.4041598674687904 0.10246225067981451 0.14895804097806342 0 0.19434029036915615 0.27630949521484865 0.15248186627429178 0.23041817461213737 0.23710165748343923 0.11318458915985775 0.21478855179246986 0.21746184337538374 0.29531818868873788 0.17138640993956389 0.11077859876571561 0.16889621288815687 0.14395392837424423 0.16259204774416161 0.36332812185926072 0.32280716086922973 0.35759308129032857 0.36876397038343173 0.21385477181806073 0.13815659135349859 0.30782087148248849 0.093673415501147314 0.16042893439333336 0.18755183344815943 0.2897675255400386 0.13072011970084532 0.18520536742794586 0 0.17893090223868463 0.082550482461616531 0.27882346973197014 0.21777047624340218 0.21200418025248524 0.099311556157394953 0.22395922122697129 0.26151252150065601 0.2792656564338597 0.28911057842003801 0.16048368865476334 0.2930335537535092 0.36230358801241191 0.051741807343435156 0.24767071226890902 0.083532083302075968 0.25572987974760586 0.052033791082125629 0.24799468425093063 0.3371512109093513 0.25620756711468767 0.21883589950013552 0.2289879162389003 0.14420906996038013 0.18211833509866077 0.33084182816937086 0.072028252412747643 0.30387560108298878 0.11630297820200246 0.21362528348867177
 0.51123452456000162 0.54250860510505938 0.43940881433805073 0.4947322594923082 0.50271359684610384 0.48708483333855895 0.34099958630485688 0.61840920291050561 0.5002429322795573 0.54440902341246356 0.4422578544401054 0.42326828226654212 0.6615262538087785 0.49226522299866288 0.40610851028637057 0.53360225559761454 0.33263118396124941 0.42835426781532554 0.44485681565333529 0.64724359924258557 0.39054224264684112 0.47402380357949891 0.39515644248709691 0.56940419155002509 0.49028798313236749 0.26463671738891703 0.39101044789887579 0.5845299592529839 0.42974926062648433 0.4094243682309624 0.59084455967689309 0.43986102639686098 0.49462775051768998 0.63250398007548769 0.50134789460489348 0.66303976461201397 0.53591900647751667 0.37716350248445035 0.45185903015431778 0.53049175826604811 0.42707689119137376 0.51354480434372995 0.46542125004498286 0.4330541681688001 0.51931087500192519 0.4669879149991501 0.38686817339857388 0.52427017902349204 0.57055909677833505 0.41493988341943644 0.50057138589518035 0.47132988527234654 0.25202885099684824 0.5153335024570973 0.50945728929619882 0.57470856795260472 0.44599133639498789 0.43986084808736886 0.48510192598789759 0.5025897344007797 0.4725525526361446 0.46622495218106563 0.47174811950522294 0.4653943435508584 0.51444519989718862 0.5397793368002981 0.5176680473585592 0.45998839601132685 0.53293145431242905 0.47534741406356679 0.55630228864372244 0.45924478628363868 0.48093164834175117 0.47890848245102208 0.54813315386675854 0.39183330727903326 0.45316609094503696
 0.40268683334445304 0.20462391000578786 0.3945791741858779 0.32362639089879991 0.49033017478692653 0.3921692828064362 0.38920793057674835 0.43790502277139237 0.4353622447542862 0.38550840942117576 0.34370363735438064 0.32969331174047151 0.44236166424786538 0.30577100904653953 0.31556678346895939 0.45192789657919258 0.24395420399695025 0.21391362725226179 0.28659877865086503 0.40264545755947762 0.3958624240084051 0.4166048467677862 0.43716454397558485 0.26363862552490946 0.27982067951187278 0.24037149765619256 0.34708810047358934 0.45753233831407986 0.12063265714397393 0.40474940492620942 0.49083704965712027 0.30769551592030503 0.28267904820937328 0.52263954784519007 0.35493162268824807 0.39683524916546581 0.37137657670340168 0.31021402947449073 0.34392712739613091 0.32216261697188708 0.52586831913300003 0.4367065025047146 0.18129385482008048 0.37689210837852266 0.46954497700971232 0.38407656196744938 0.31832497083186923 0.28019595292868565 0.35673716150101065 0.3738509920128687 0.46211991726278479 0.41974727280801499 0.31003662083472894 0.41391325111247423 0.22884603949259955 0.41957725075765956 0.38861912885060951 0.2625869024025454 0.3501100825259586 0.35838305590542924 0.42194415608518654 0.43396254885382801 0.39047959253321018 0.3627094485674473 0.31898416120902728 0.35425554036860235 0.20736153677578836 0.2423286368318838 0.41564164317228847 0.31580894668605974 0.40976098677295725 0.35723032869558691 0.44313068321902344 0.28762099288596887 0.42489005132031038 0.44344006647582884 0.37097957281877159
 0 0 0 0 0.12311993014885256 0 0.13947208394579297 0 0.081686991150196467 0 0 0 0 0 0 0 0 0 0 0.081435104260772301 0 0.13329521120214871 0 0 0 0 0 0.042760402975885126 0.262120443596286 0 0 0.052727984527259471 0 0 0 0.039187000372641875 0 0 0 0 0 0.09539253651763363 0 0.086230616513501293 0 0.060067041793223822 0 0.020908904352252466 0 0.043996188075349475 0 0 0.0016474454830888207 0 0 0 0 0 0 0.20329685193769337 0 0 0.023739542425837389 0.1447099978433608 0 0.0069894813107344101 0 0 0 0 0 0 0.0083331957292602909 0 0 0.078972252481597754 0
 0 0 0 0 0 0 0 0 0 0 0 0 0 0 0 0 0 0 0 0 0 0 0 0 0 0 0 0 0 0 0 0 0 0 0 0 0 0 0 0 0 0 0 0 0 0 0 0 0 0 0 0 0 0 0 0 0 0 0 0 0 0 0 0 0 0 0 0 0 0 0 0 0 0 0 0 0
 0 0 0 0 0 0 0 0 0 0 0 0 0 0 0 0 0 0 0 0 0 0 0 0 0 0 0 0 0 0 0 0 0 0 0 0 0 0 0 0 0 0 0 0 0 0 0 0 0 0 0 0 0 0 0 0 0 0 0 0 0 0 0 0 0 0 0 0 0 0 0 0 0 0 0 0 0
 0 0 0 0 0 0 0 0 0 0 0 0 0 0 0 0 0 0 0 0 0 0 0 0 0 0 0 0 0 0 0 0 0 0 0 0 0 0 0 0 0 0 0 0 0 0 0 0 0 0 0 0 0 0 0 0 0 0 0 0 0 0 0 0 0 0 0 0 0 0 0 0 0 0 0 0 0


