# Created by Octave 6.4.0, Wed Feb 08 14:28:15 2023 GMT <unknown@tumajer>
# name: gT_full
# type: matrix
# rows: 12
# columns: 77
 0 0 0 0 0 0 0 0 0 0 0 0 0 0 0 0 0 0 0 0 0 0 0 0 0 0 0 0 0 0 0 0 0 0 0 0 0 0 0 0 0 0 0 0 0 0 0 0 0 0 0 0 0 0 0 0 0 0 0 0 0 0 0 0 0 0 0 0 0 0 0 0 0 0 0 0 0
 0 0 0 0 0 0 0 0 0 0 0 0 0 0 0 0 0 0 0 0 0 0 0 0 0 0 0 0 0 0 0 0 0 0 0 0 0 0 0 0 0 0 0 0 0 0 0 0 0 0 0 0 0 0 0 0 0 0 0 0 0 0 0 0 0 0 0 0 0 0 0 0 0 0 0 0 0
 0 0 0 0 0 0 0 0 0 0 0 0 0 0 0 0 0 0 0 0 0 0 0 0 0 0 0 0 0 0 0 0 0 0 0 0 0 0 0 0 0 0 0 0 0 0 0 0 0 0 0 0 0 0 0 0 0 0 0 0 0 0 0 0 0 0 0 0 0 0 0 0 0 0 0 0 0
 0 0 0 0 0 0 0 0 0 0 0 0 0 0 0 0 0 0 0 0 0 0 0 0 0 0 0 0 0 0 0 0 0 0 0 0 0 0 0 0 0 0 0 0 0 0 0 0 0 0 0 0 0 0 0 0 0 0 0 0 0 0 0 0 0 0 0 0 0 0 0 0 0 0 0 0 0
 0 0 0 0 0 0 0 0 0 0 0 0 0 0 0 0 0 0 0 0 0 0 0 0 0 0 0 0 0 0 0 0 0 0 0 0 0 0 0 0 0 0 0 0 0 0 0 0 0 0 0 0 0 0 0 0 0 0 0 0 0 0 0 0 0 0 0 0 0 0 0 0 0 0 0 0 0
 0.17712465463826119 0.18426957566777935 0.25616872066555629 0.16121055399332274 0.28272166979288726 0.20608105337604202 0.16190584685319545 0.22757923759956639 0.23137918227699897 0.42377291265181666 0.187595417518613 0.22788606585678162 0.29419950448562154 0.29205261564415691 0.36203447841128994 0.4562093593731617 0.13946173509635254 0.18820728412879031 0.0090772182759827034 0.23609117153054504 0.32215184177411926 0.19245896658007794 0.27319247007640451 0.28006857806622015 0.15216983568485262 0.25734742863398996 0.25993800321864885 0.33982423115641675 0.21278265719917805 0.15087121377046342 0.21035931915355613 0.18516959449992657 0.20403065556261524 0.40701428953333008 0.36618842452992417 0.40062369342594484 0.41242144051601354 0.25521579236801484 0.17928454020153189 0.35004179770424731 0.13560108485488587 0.20257157919105503 0.22946656399260143 0.33218521224105874 0.17264274733282392 0.22794045675461075 0.0099962231305154286 0.22143725622506302 0.12573737325109849 0.32017259227543282 0.26047453873437426 0.25451750275879875 0.1427550873312135 0.26694278869486832 0.30139110840649774 0.32120024800386854 0.32964538458039316 0.20652388438589372 0.3286033137558021 0.39672860271698179 0.10352668920463916 0.28636990923105787 0.13687073463557983 0.29710756208945799 0.10456405933904875 0.28738530825607744 0.36940852103446642 0.29584413344229266 0.25466850171575522 0.26855349011513696 0.19495568274490166 0.22586520956914219 0.35764934300022827 0.12899964249910162 0.33710879424283852 0.16902845722920087 0.24784862244588335
 0.56755571206585365 0.59981615451771286 0.49240165864317492 0.55015323408646799 0.55848831028768842 0.54216208372414254 0.38939959128828089 0.67971688758651649 0.55619185643257629 0.60221811481585608 0.49546937166361488 0.47495995698415039 0.72522117565254152 0.54733915001653388 0.45717713646677782 0.59071829492437544 0.37977319800318687 0.4805780823721702 0.49796150964553043 0.71135783892784887 0.44050468789123004 0.52843339088729824 0.44504202999082265 0.62998383097150257 0.54547591097789894 0.30745270279425641 0.44104967359627806 0.64540705783655439 0.48169979979257171 0.46052188446979009 0.65129150954399084 0.49284869732344494 0.55011991842906971 0.69551204371789632 0.55727871606320367 0.72724397046652289 0.59347754720859669 0.42711956000653734 0.5053347738739602 0.58763081988663635 0.47962249753024477 0.56954824101287604 0.51949556813990927 0.48576886872291186 0.57622139945162176 0.52136907064215576 0.4377357308390481 0.58107867669036906 0.62882578568625502 0.46710580587321965 0.55611512461823132 0.52586174458582546 0.29956899127764125 0.5712892747507814 0.56515603433079475 0.6319740817677405 0.49992525870223636 0.49389308048486208 0.54003072605280122 0.55783648164599042 0.52771651833966848 0.52089547543382264 0.52658491583005806 0.51994145681108173 0.56969597054208676 0.59616948495374311 0.57246771075272251 0.51549548795298161 0.58668987728888089 0.529658667211512 0.60942612413922215 0.5159556264625289 0.5359987106478451 0.53571099497433672 0.6004628910993256 0.44759315116353887 0.50826581689380246
 0.45355669659177117 0.24769461328284498 0.44536202073991127 0.37191640646365515 0.545307952329112 0.44283136965516628 0.4396529907069241 0.49023811690015129 0.48853657314063109 0.43605979631203667 0.39107967820700734 0.37681831446689662 0.496681245652354 0.35097899622156165 0.362261628008126 0.50689123770647437 0.28505501784339937 0.25298630000207573 0.33078773729857308 0.45529542024591396 0.44737582807902559 0.47034962874814346 0.49199664373816243 0.30559682443232833 0.32350626711233721 0.28043213021273061 0.39613366032471964 0.51436168750633959 0.15192226162683378 0.45750289936854177 0.55008462823906035 0.35357582531382037 0.32630044492078414 0.58338815703365499 0.40381921034727902 0.44853818929680073 0.4212303652098357 0.35667595031184529 0.39215085059300453 0.36961956518151395 0.58366991087094677 0.48951586245851825 0.22228423707087833 0.42692138799423235 0.52319822329934029 0.43424953249753001 0.36623640191823065 0.32705404761332463 0.40599769353951815 0.42346866058828736 0.51351927874245384 0.4702488460232675 0.35873188778872656 0.46339272200966852 0.27758704074717522 0.46972975654295152 0.43823431766362331 0.31323335291740662 0.40047289378462486 0.40820777944979292 0.46950690954832214 0.48136253701871701 0.43923427956864369 0.41261929723119106 0.3686853434198899 0.40485107193760994 0.26671582230544943 0.29992813416390735 0.46067093923070507 0.36749182268567882 0.45611315224075799 0.40380077745277548 0.4833715059153203 0.3440958857573771 0.46821052639306199 0.4811206190708775 0.42142908163922044
 0.010947036911041026 0 0.0085592568771963046 0.02464081507899454 0.15957251228775399 0 0.17680027756477351 0 0.11730463680944185 0.023970380548406254 0 0 0 0 0 0 0 0 0 0.12696758032211355 0.019124072422597713 0.18598348683779403 0 0 0 0 0 0.087469751774047963 0.35456427674855673 0 0 0.10630416462013792 0 0 0 0.093613614734581213 0 0 0 0 0 0.15305146554251348 0.013663729372362749 0.13952590436438489 0 0.10418460957122523 0 0.057765658542329706 0 0.079983305588251341 0 0 0.032878395643205917 0 0.00015724587264864494 0 0.0023953800763804943 0 0.0067171711305909834 0.20557204311504121 0 0.020692177258788063 0.046710284394657825 0.14909686055607577 0 0.026381173613640702 0 0 0 0 0 0.015613942786206555 0.024917592532656442 0 0 0.076047121056187286 0
 0 0 0 0 0 0 0 0 0 0 0 0 0 0 0 0 0 0 0 0 0 0 0 0 0 0 0 0 0 0 0 0 0 0 0 0 0 0 0 0 0 0 0 0 0 0 0 0 0 0 0 0 0 0 0 0 0 0 0 0 0 0 0 0 0 0 0 0 0 0 0 0 0 0 0 0 0
 0 0 0 0 0 0 0 0 0 0 0 0 0 0 0 0 0 0 0 0 0 0 0 0 0 0 0 0 0 0 0 0 0 0 0 0 0 0 0 0 0 0 0 0 0 0 0 0 0 0 0 0 0 0 0 0 0 0 0 0 0 0 0 0 0 0 0 0 0 0 0 0 0 0 0 0 0
 0 0 0 0 0 0 0 0 0 0 0 0 0 0 0 0 0 0 0 0 0 0 0 0 0 0 0 0 0 0 0 0 0 0 0 0 0 0 0 0 0 0 0 0 0 0 0 0 0 0 0 0 0 0 0 0 0 0 0 0 0 0 0 0 0 0 0 0 0 0 0 0 0 0 0 0 0


