"J01"	1901	1	-16.8733659455881
"J01"	1901	2	-12.9805102069762
"J01"	1901	3	-7.92337028556074
"J01"	1901	4	0.169370106922045
"J01"	1901	5	9.34589339790856
"J01"	1901	6	16.0064122103448
"J01"	1901	7	17.4624686239944
"J01"	1901	8	16.904998443021
"J01"	1901	9	9.93021511440211
"J01"	1901	10	1.97125935043698
"J01"	1901	11	-5.91102870163509
"J01"	1901	12	-12.6196931045781
"J01"	1902	1	-15.8365890248648
"J01"	1902	2	-10.7973864266226
"J01"	1902	3	-4.62974285604986
"J01"	1902	4	-0.0947765932730691
"J01"	1902	5	5.27553920361245
"J01"	1902	6	11.4926052273356
"J01"	1902	7	16.6334025927756
"J01"	1902	8	15.5210910263989
"J01"	1902	9	10.7701752759697
"J01"	1902	10	0.546007808039135
"J01"	1902	11	-4.80365123458474
"J01"	1902	12	-15.0883462572198
"J01"	1903	1	-16.5270257415152
"J01"	1903	2	-13.4958138275466
"J01"	1903	3	-5.25338332185702
"J01"	1903	4	-0.324660389210403
"J01"	1903	5	7.74527651211636
"J01"	1903	6	12.2308663183445
"J01"	1903	7	15.0527225009923
"J01"	1903	8	12.9409615756252
"J01"	1903	9	9.93703717155323
"J01"	1903	10	1.96006152314943
"J01"	1903	11	-5.07282838274501
"J01"	1903	12	-15.4868657978012
"J01"	1904	1	-18.9505502747874
"J01"	1904	2	-16.2788590893051
"J01"	1904	3	-8.37074618447905
"J01"	1904	4	-0.40427516942885
"J01"	1904	5	8.8211505883074
"J01"	1904	6	15.2164066313498
"J01"	1904	7	17.7993372403665
"J01"	1904	8	15.7336033618392
"J01"	1904	9	8.7892201023536
"J01"	1904	10	1.52032648002249
"J01"	1904	11	-6.60142279381654
"J01"	1904	12	-16.6749029139235
"J01"	1905	1	-18.7793428133864
"J01"	1905	2	-15.2243795404697
"J01"	1905	3	-7.74905441273298
"J01"	1905	4	-0.252478810428928
"J01"	1905	5	7.41354530264405
"J01"	1905	6	14.8086324081319
"J01"	1905	7	18.0536471545057
"J01"	1905	8	16.2194731979644
"J01"	1905	9	9.94291224756691
"J01"	1905	10	2.59965858828265
"J01"	1905	11	-5.79664481240419
"J01"	1905	12	-11.8429003414805
"J01"	1906	1	-12.53354657367
"J01"	1906	2	-11.4705597444125
"J01"	1906	3	-8.99940955242611
"J01"	1906	4	-0.372662009014183
"J01"	1906	5	5.40635494141458
"J01"	1906	6	15.0751974243882
"J01"	1906	7	18.3067208096131
"J01"	1906	8	17.7863777257518
"J01"	1906	9	9.63100419840155
"J01"	1906	10	2.70192281687308
"J01"	1906	11	-5.38422570421505
"J01"	1906	12	-14.3123989203351
"J01"	1907	1	-18.1450408701056
"J01"	1907	2	-15.8312320918436
"J01"	1907	3	-8.11314408686057
"J01"	1907	4	-0.396681266753766
"J01"	1907	5	4.03176085756237
"J01"	1907	6	14.7842687659318
"J01"	1907	7	16.212292044832
"J01"	1907	8	14.2633481687167
"J01"	1907	9	8.69007441700309
"J01"	1907	10	0.53938376188673
"J01"	1907	11	-4.49728752668991
"J01"	1907	12	-10.7593835127173
"J01"	1908	1	-15.6518468167511
"J01"	1908	2	-14.3233599472409
"J01"	1908	3	-8.92295205274603
"J01"	1908	4	-0.964234285570162
"J01"	1908	5	6.80211830136744
"J01"	1908	6	15.4927495033638
"J01"	1908	7	20.0853513726018
"J01"	1908	8	15.5032467256826
"J01"	1908	9	12.9834540021507
"J01"	1908	10	4.41673008441266
"J01"	1908	11	-5.33289504780425
"J01"	1908	12	-14.9033970136686
"J01"	1909	1	-17.5047621564372
"J01"	1909	2	-15.0515149909251
"J01"	1909	3	-7.41412884218774
"J01"	1909	4	-0.42800754398865
"J01"	1909	5	6.64129561691591
"J01"	1909	6	15.0940781080426
"J01"	1909	7	16.2016571647207
"J01"	1909	8	17.3778710752078
"J01"	1909	9	9.10890806321587
"J01"	1909	10	3.55184035574085
"J01"	1909	11	-3.69632598234794
"J01"	1909	12	-10.4587620919556
"J01"	1910	1	-12.2936587098018
"J01"	1910	2	-12.7179695378061
"J01"	1910	3	-6.7980037209741
"J01"	1910	4	-0.186434473151794
"J01"	1910	5	7.3220136295196
"J01"	1910	6	12.6153408307381
"J01"	1910	7	16.3562006732661
"J01"	1910	8	15.2843850336817
"J01"	1910	9	8.7931231632298
"J01"	1910	10	1.50633158198718
"J01"	1910	11	-4.24489111307779
"J01"	1910	12	-12.7214503242205
"J01"	1911	1	-15.1137203194277
"J01"	1911	2	-14.9366398385502
"J01"	1911	3	-7.88401419771453
"J01"	1911	4	-0.189804579423455
"J01"	1911	5	9.90344142407952
"J01"	1911	6	14.4183097954432
"J01"	1911	7	18.6139803379125
"J01"	1911	8	16.5074389466563
"J01"	1911	9	8.78983541473452
"J01"	1911	10	1.82931095512528
"J01"	1911	11	-6.76044737443783
"J01"	1911	12	-11.3323195328682
"J01"	1912	1	-20.2645999506396
"J01"	1912	2	-11.2214566749038
"J01"	1912	3	-8.70654908049239
"J01"	1912	4	-0.795711353981678
"J01"	1912	5	7.59116136593727
"J01"	1912	6	12.2908066938747
"J01"	1912	7	16.4556666712884
"J01"	1912	8	12.0973649920616
"J01"	1912	9	8.15720052488404
"J01"	1912	10	1.93783004907813
"J01"	1912	11	-5.88903447383578
"J01"	1912	12	-12.601059001681
"J01"	1913	1	-14.1668919869704
"J01"	1913	2	-16.3203796457984
"J01"	1913	3	-7.19590533859485
"J01"	1913	4	0
"J01"	1913	5	4.9523605509663
"J01"	1913	6	13.4309697723127
"J01"	1913	7	16.4021335190311
"J01"	1913	8	14.8030188299916
"J01"	1913	9	9.82242633721668
"J01"	1913	10	4.41734438355915
"J01"	1913	11	-3.16474729917078
"J01"	1913	12	-11.4061829377618
"J01"	1914	1	-17.5759542705207
"J01"	1914	2	-17.9003174050602
"J01"	1914	3	-6.04081817541084
"J01"	1914	4	-0.651530651488077
"J01"	1914	5	9.72946788632232
"J01"	1914	6	12.7285469918301
"J01"	1914	7	18.2247102990424
"J01"	1914	8	15.2766955950257
"J01"	1914	9	9.18575853745749
"J01"	1914	10	1.94122763318593
"J01"	1914	11	-7.23153635331501
"J01"	1914	12	-14.1400635327915
"J01"	1915	1	-13.7016496491831
"J01"	1915	2	-11.1355571986091
"J01"	1915	3	-6.50844934422741
"J01"	1915	4	0.0690268858103056
"J01"	1915	5	6.17666331891979
"J01"	1915	6	15.0408589797354
"J01"	1915	7	17.441934525856
"J01"	1915	8	16.0621365381788
"J01"	1915	9	9.59085621118773
"J01"	1915	10	3.02274936060097
"J01"	1915	11	-5.08075497420096
"J01"	1915	12	-10.8832136224435
"J01"	1916	1	-14.7812891643279
"J01"	1916	2	-14.6742912279512
"J01"	1916	3	-10.515450355655
"J01"	1916	4	0.0235895685072473
"J01"	1916	5	7.29964297315432
"J01"	1916	6	15.3030478913756
"J01"	1916	7	19.6673165293988
"J01"	1916	8	17.0518169761378
"J01"	1916	9	9.15978717863887
"J01"	1916	10	0.756315594417629
"J01"	1916	11	-7.64283838010174
"J01"	1916	12	-12.4319915727108
"J01"	1917	1	-19.0745606213691
"J01"	1917	2	-16.5514810105809
"J01"	1917	3	-7.27428501159675
"J01"	1917	4	-0.363108075473666
"J01"	1917	5	3.45604697540351
"J01"	1917	6	14.9254646054088
"J01"	1917	7	17.0304279470607
"J01"	1917	8	16.7845100094014
"J01"	1917	9	8.41623730234209
"J01"	1917	10	-0.216178058366436
"J01"	1917	11	-7.53021053244286
"J01"	1917	12	-17.2002792008843
"J01"	1918	1	-16.8502453110596
"J01"	1918	2	-17.135764865093
"J01"	1918	3	-9.7613962205179
"J01"	1918	4	-0.174040460974899
"J01"	1918	5	5.95630053627348
"J01"	1918	6	12.3220780562637
"J01"	1918	7	15.5420651033297
"J01"	1918	8	14.857677835956
"J01"	1918	9	8.19202540613957
"J01"	1918	10	2.26942092428807
"J01"	1918	11	-5.31437226821706
"J01"	1918	12	-13.8550260459326
"J01"	1919	1	-16.4760481128907
"J01"	1919	2	-10.543417134943
"J01"	1919	3	-6.40822434104744
"J01"	1919	4	-0.357811481857663
"J01"	1919	5	7.51747241444656
"J01"	1919	6	16.8315429737914
"J01"	1919	7	16.9372309157683
"J01"	1919	8	16.3620393971836
"J01"	1919	9	9.72599992362811
"J01"	1919	10	-0.53986175518421
"J01"	1919	11	-5.57945099796274
"J01"	1919	12	-16.5612213496183
"J01"	1920	1	-19.7142068190354
"J01"	1920	2	-13.6524729058608
"J01"	1920	3	-6.52333752403072
"J01"	1920	4	-0.262941216040004
"J01"	1920	5	9.40225051295296
"J01"	1920	6	16.3547241321112
"J01"	1920	7	16.2786831030431
"J01"	1920	8	17.2384146925155
"J01"	1920	9	9.39327409131912
"J01"	1920	10	3.98855531203324
"J01"	1920	11	-7.12511840081208
"J01"	1920	12	-12.7432405754771
"J01"	1921	1	-15.6341432052283
"J01"	1921	2	-14.0617891417547
"J01"	1921	3	-5.80983533668436
"J01"	1921	4	0.243656936554737
"J01"	1921	5	11.6068815173112
"J01"	1921	6	14.937271143332
"J01"	1921	7	20.7310617403363
"J01"	1921	8	14.3031250265776
"J01"	1921	9	10.1935146733183
"J01"	1921	10	0.53775781937185
"J01"	1921	11	-6.84513074568964
"J01"	1921	12	-14.3774144220427
"J01"	1922	1	-17.1232427649919
"J01"	1922	2	-14.8536493098935
"J01"	1922	3	-5.92436475055885
"J01"	1922	4	0.195280850416584
"J01"	1922	5	9.08232514625428
"J01"	1922	6	14.5798006397506
"J01"	1922	7	17.9301740873328
"J01"	1922	8	16.310974922003
"J01"	1922	9	10.1671225655065
"J01"	1922	10	1.28677569431011
"J01"	1922	11	-5.65586746264687
"J01"	1922	12	-16.3000191589345
"J01"	1923	1	-17.8354491935934
"J01"	1923	2	-17.6352245742767
"J01"	1923	3	-11.9870984281772
"J01"	1923	4	-0.690608524672644
"J01"	1923	5	7.03038223644796
"J01"	1923	6	14.4359384047291
"J01"	1923	7	16.4654219476214
"J01"	1923	8	13.9097127470519
"J01"	1923	9	10.7547829056181
"J01"	1923	10	4.59428600190516
"J01"	1923	11	-3.28342525121679
"J01"	1923	12	-8.81920575585463
"J01"	1924	1	-17.8657552063238
"J01"	1924	2	-15.8981034702641
"J01"	1924	3	-5.41053110791587
"J01"	1924	4	-0.416107021124785
"J01"	1924	5	5.99819400894286
"J01"	1924	6	14.0862633109366
"J01"	1924	7	17.2395837027919
"J01"	1924	8	15.9084849932858
"J01"	1924	9	10.6238339381702
"J01"	1924	10	4.36227784824404
"J01"	1924	11	-4.01320332156423
"J01"	1924	12	-16.0712728212022
"J01"	1925	1	-20.8494183364064
"J01"	1925	2	-11.5881043235307
"J01"	1925	3	-5.33805604823605
"J01"	1925	4	-0.430531565572548
"J01"	1925	5	6.08148065043954
"J01"	1925	6	14.9892146057513
"J01"	1925	7	16.3924069783234
"J01"	1925	8	16.6764522967694
"J01"	1925	9	7.94637944025355
"J01"	1925	10	-2.85892173525168
"J01"	1925	11	-5.92987418635233
"J01"	1925	12	-13.3482435101556
"J01"	1926	1	-16.9495363032201
"J01"	1926	2	-15.0670218937328
"J01"	1926	3	-9.58967587383541
"J01"	1926	4	-1.27530467519346
"J01"	1926	5	5.17336314036016
"J01"	1926	6	12.8778091969792
"J01"	1926	7	16.559540810316
"J01"	1926	8	14.5005344250515
"J01"	1926	9	8.94081600167401
"J01"	1926	10	1.36888710941556
"J01"	1926	11	-4.83700831842273
"J01"	1926	12	-15.1738763782108
"J01"	1927	1	-14.5165569980533
"J01"	1927	2	-13.5018772889663
"J01"	1927	3	-6.04057537206119
"J01"	1927	4	-0.198774181866415
"J01"	1927	5	4.4924407656744
"J01"	1927	6	12.7458706890465
"J01"	1927	7	18.137603827967
"J01"	1927	8	15.1691108041333
"J01"	1927	9	9.82848459783579
"J01"	1927	10	3.24394950028561
"J01"	1927	11	-4.20048201288404
"J01"	1927	12	-10.8171683172927
"J01"	1928	1	-17.0222717798546
"J01"	1928	2	-14.4259045642664
"J01"	1928	3	-8.43288263473479
"J01"	1928	4	-0.552012529222524
"J01"	1928	5	8.50769746088344
"J01"	1928	6	13.3392976736496
"J01"	1928	7	17.095685970795
"J01"	1928	8	16.6421295781174
"J01"	1928	9	9.09472120626937
"J01"	1928	10	0.93539985280103
"J01"	1928	11	-7.4018480185614
"J01"	1928	12	-10.1350429412615
"J01"	1929	1	-15.9686252135094
"J01"	1929	2	-12.8480679758975
"J01"	1929	3	-7.70457745613651
"J01"	1929	4	-0.75611672054273
"J01"	1929	5	5.42895222037843
"J01"	1929	6	13.4152870717938
"J01"	1929	7	16.3599723231738
"J01"	1929	8	14.2859196703928
"J01"	1929	9	9.77628170044781
"J01"	1929	10	1.54767570399612
"J01"	1929	11	-6.03663497147808
"J01"	1929	12	-16.7869381010343
"J01"	1930	1	-16.7986702144318
"J01"	1930	2	-13.0037542031783
"J01"	1930	3	-6.9702451636601
"J01"	1930	4	-0.414116225065405
"J01"	1930	5	7.67458894165284
"J01"	1930	6	16.3758960062522
"J01"	1930	7	17.1307371525395
"J01"	1930	8	14.752762794777
"J01"	1930	9	9.14816987569989
"J01"	1930	10	3.78850141398187
"J01"	1930	11	-3.47944738544396
"J01"	1930	12	-12.6338598871729
"J01"	1931	1	-17.0337283142276
"J01"	1931	2	-11.9916610151717
"J01"	1931	3	-2.68361326256901
"J01"	1931	4	0.946070444252392
"J01"	1931	5	8.17902641703728
"J01"	1931	6	15.1119104548408
"J01"	1931	7	18.5997951947484
"J01"	1931	8	15.519244751157
"J01"	1931	9	9.32642678986563
"J01"	1931	10	3.75874250651592
"J01"	1931	11	-1.65024940077635
"J01"	1931	12	-12.24540235622
"J01"	1932	1	-12.277424642141
"J01"	1932	2	-15.9660843928242
"J01"	1932	3	-8.17696156018891
"J01"	1932	4	-0.247877149676662
"J01"	1932	5	8.57286449918331
"J01"	1932	6	14.7775021418184
"J01"	1932	7	15.4730314410926
"J01"	1932	8	16.1842168696384
"J01"	1932	9	11.1060092894303
"J01"	1932	10	2.72079116496048
"J01"	1932	11	-6.51888861755673
"J01"	1932	12	-11.1840804604719
"J01"	1933	1	-12.5011271201707
"J01"	1933	2	-11.908514337599
"J01"	1933	3	-8.88316386123819
"J01"	1933	4	-0.216618799390743
"J01"	1933	5	6.50997098564081
"J01"	1933	6	14.0356991046844
"J01"	1933	7	17.4407389237216
"J01"	1933	8	15.7519812310901
"J01"	1933	9	8.88598387859304
"J01"	1933	10	1.2991437838564
"J01"	1933	11	-10.025518601598
"J01"	1933	12	-19.2852446929066
"J01"	1934	1	-17.5331003151371
"J01"	1934	2	-18.0969783899335
"J01"	1934	3	-9.20720994870474
"J01"	1934	4	0
"J01"	1934	5	6.8031304608148
"J01"	1934	6	12.9904754424031
"J01"	1934	7	16.8165054528204
"J01"	1934	8	14.6274293301824
"J01"	1934	9	12.9546903865638
"J01"	1934	10	0.396286050060242
"J01"	1934	11	-4.97735401859257
"J01"	1934	12	-16.4944776649109
"J01"	1935	1	-19.971291274483
"J01"	1935	2	-14.9055743795863
"J01"	1935	3	-8.46406172335411
"J01"	1935	4	-0.190756331541973
"J01"	1935	5	6.35373174743647
"J01"	1935	6	15.4217818238951
"J01"	1935	7	18.0836949754139
"J01"	1935	8	17.7809516380295
"J01"	1935	9	8.15758496906759
"J01"	1935	10	2.06173894925625
"J01"	1935	11	-4.52780715573516
"J01"	1935	12	-13.8012781704066
"J01"	1936	1	-15.5801904023212
"J01"	1936	2	-15.2777836600014
"J01"	1936	3	-3.22300482228175
"J01"	1936	4	-0.500379608179064
"J01"	1936	5	4.53701537516662
"J01"	1936	6	14.2773789349621
"J01"	1936	7	15.5787540833177
"J01"	1936	8	14.282462528916
"J01"	1936	9	9.43690116752959
"J01"	1936	10	0.19451360979105
"J01"	1936	11	-8.0623600875875
"J01"	1936	12	-12.1695770750091
"J01"	1937	1	-14.697214427095
"J01"	1937	2	-10.9370387653739
"J01"	1937	3	-9.11905098960265
"J01"	1937	4	0.682421496165349
"J01"	1937	5	9.46362152569653
"J01"	1937	6	13.9516806188231
"J01"	1937	7	18.7313190248906
"J01"	1937	8	17.4334956703671
"J01"	1937	9	10.0202775604355
"J01"	1937	10	2.11890378951651
"J01"	1937	11	-5.39250713243693
"J01"	1937	12	-14.0171861892796
"J01"	1938	1	-15.7253293544512
"J01"	1938	2	-15.3248472479135
"J01"	1938	3	-7.97480917707901
"J01"	1938	4	-0.165156555932954
"J01"	1938	5	7.33734548235115
"J01"	1938	6	16.8817639006405
"J01"	1938	7	17.3253650120542
"J01"	1938	8	15.7325415310996
"J01"	1938	9	8.62237512687888
"J01"	1938	10	3.43300885085608
"J01"	1938	11	-4.66564544334315
"J01"	1938	12	-11.4187125142769
"J01"	1939	1	-16.5526471614568
"J01"	1939	2	-16.5113537054285
"J01"	1939	3	-11.2712242279216
"J01"	1939	4	-0.981260596099497
"J01"	1939	5	7.10729746333014
"J01"	1939	6	12.9997964027795
"J01"	1939	7	18.7934371188757
"J01"	1939	8	17.0044227079387
"J01"	1939	9	8.61538535671011
"J01"	1939	10	0.472053942444469
"J01"	1939	11	-6.55792665670506
"J01"	1939	12	-11.7221177166478
"J01"	1940	1	-15.5616140085489
"J01"	1940	2	-13.6361278180018
"J01"	1940	3	-7.24915188981475
"J01"	1940	4	-0.423614927147793
"J01"	1940	5	8.13177193651672
"J01"	1940	6	13.5909789052244
"J01"	1940	7	17.5936583197584
"J01"	1940	8	16.6976255676098
"J01"	1940	9	9.10532729986017
"J01"	1940	10	0.186937361528082
"J01"	1940	11	-6.49209254669494
"J01"	1940	12	-14.7430761069841
"J01"	1941	1	-18.2089938446725
"J01"	1941	2	-10.7323352133353
"J01"	1941	3	-8.17955926896053
"J01"	1941	4	0.317226054104537
"J01"	1941	5	7.38575366521346
"J01"	1941	6	13.2687654931785
"J01"	1941	7	18.6706107090757
"J01"	1941	8	13.0369805100792
"J01"	1941	9	8.60785096853499
"J01"	1941	10	0.462735242839272
"J01"	1941	11	-6.52195490403845
"J01"	1941	12	-12.0428208703259
"J01"	1942	1	-18.12691259052
"J01"	1942	2	-13.4462940512189
"J01"	1942	3	-5.11061715301856
"J01"	1942	4	0.399077784432543
"J01"	1942	5	9.76037719087527
"J01"	1942	6	13.7562426103549
"J01"	1942	7	17.182385345489
"J01"	1942	8	16.0961630028819
"J01"	1942	9	10.5866168034397
"J01"	1942	10	3.39165177720444
"J01"	1942	11	-5.50873414196889
"J01"	1942	12	-16.5331056330673
"J01"	1943	1	-18.7535117859532
"J01"	1943	2	-11.8509270151021
"J01"	1943	3	-10.5705116251192
"J01"	1943	4	-1.67378275076413
"J01"	1943	5	5.90979416229335
"J01"	1943	6	12.9288135721167
"J01"	1943	7	17.5738054198081
"J01"	1943	8	14.3196435614844
"J01"	1943	9	10.4912058709368
"J01"	1943	10	3.5431901914706
"J01"	1943	11	-5.05899803105853
"J01"	1943	12	-14.9989830873537
"J01"	1944	1	-13.2924328332603
"J01"	1944	2	-15.5152887788696
"J01"	1944	3	-9.30468440025718
"J01"	1944	4	-0.65851730938325
"J01"	1944	5	9.32060191504342
"J01"	1944	6	14.9274167485903
"J01"	1944	7	17.7705472771416
"J01"	1944	8	17.2874904566382
"J01"	1944	9	11.3900721070897
"J01"	1944	10	0.630836276723062
"J01"	1944	11	-4.0293840973914
"J01"	1944	12	-13.7538418753392
"J01"	1945	1	-16.2500040315025
"J01"	1945	2	-12.6628896397138
"J01"	1945	3	-4.87684023097216
"J01"	1945	4	0.460911541215556
"J01"	1945	5	7.13984512274771
"J01"	1945	6	13.2941660787424
"J01"	1945	7	17.3776288943415
"J01"	1945	8	16.1107529124546
"J01"	1945	9	9.41962411466655
"J01"	1945	10	0.35793343005392
"J01"	1945	11	-5.97844906678857
"J01"	1945	12	-14.3614993072196
"J01"	1946	1	-18.2972552728914
"J01"	1946	2	-17.181054308215
"J01"	1946	3	-4.89847865088449
"J01"	1946	4	0
"J01"	1946	5	5.99819269633855
"J01"	1946	6	13.3750786235282
"J01"	1946	7	15.9006746203096
"J01"	1946	8	16.5190471260198
"J01"	1946	9	12.8101936170256
"J01"	1946	10	3.82524296731434
"J01"	1946	11	-6.6871308585111
"J01"	1946	12	-15.0687590926278
"J01"	1947	1	-17.9055957812494
"J01"	1947	2	-9.6080261120626
"J01"	1947	3	-5.32917994694534
"J01"	1947	4	-3.56410754798306
"J01"	1947	5	4.1352205635167
"J01"	1947	6	14.7610991072139
"J01"	1947	7	18.8709075521507
"J01"	1947	8	17.2291177895701
"J01"	1947	9	8.85493793742356
"J01"	1947	10	4.42842270046726
"J01"	1947	11	-4.18809327118255
"J01"	1947	12	-13.1314330413855
"J01"	1948	1	-17.4107089345521
"J01"	1948	2	-17.5921528344577
"J01"	1948	3	-10.3925511074302
"J01"	1948	4	-1.96494686697798
"J01"	1948	5	7.33880378085956
"J01"	1948	6	14.2381557472076
"J01"	1948	7	17.2990757083321
"J01"	1948	8	16.5568063675232
"J01"	1948	9	11.3681990220811
"J01"	1948	10	3.97467319338975
"J01"	1948	11	-3.03389332646247
"J01"	1948	12	-11.9720568054593
"J01"	1949	1	-15.7932852616911
"J01"	1949	2	-16.3750628652239
"J01"	1949	3	-8.36638956730083
"J01"	1949	4	0.282027087737691
"J01"	1949	5	6.30538012439547
"J01"	1949	6	16.6208204293371
"J01"	1949	7	17.9035841141551
"J01"	1949	8	15.8861643203124
"J01"	1949	9	9.59837462260657
"J01"	1949	10	3.61767259818789
"J01"	1949	11	-8.2589046909557
"J01"	1949	12	-11.4953706082822
"J01"	1950	1	-18.3528036043728
"J01"	1950	2	-17.7776514367388
"J01"	1950	3	-9.01825657169354
"J01"	1950	4	-0.296300268661677
"J01"	1950	5	9.71892333625706
"J01"	1950	6	12.9983283840399
"J01"	1950	7	16.4320459564525
"J01"	1950	8	16.4097996598036
"J01"	1950	9	8.72397873889382
"J01"	1950	10	0.794636194993571
"J01"	1950	11	-3.8514095408215
"J01"	1950	12	-10.621758240925
"J01"	1951	1	-16.3230155913454
"J01"	1951	2	-12.0140054978369
"J01"	1951	3	-4.88797799358071
"J01"	1951	4	2.99704997122965
"J01"	1951	5	8.37890747509676
"J01"	1951	6	14.2791280369257
"J01"	1951	7	16.9410842094362
"J01"	1951	8	15.8418248723584
"J01"	1951	9	9.85824431553189
"J01"	1951	10	2.30066372268477
"J01"	1951	11	-6.94152774790441
"J01"	1951	12	-14.7637106116735
"J01"	1952	1	-16.4326481240429
"J01"	1952	2	-11.8205711742419
"J01"	1952	3	-4.90240540721596
"J01"	1952	4	0.75221714753118
"J01"	1952	5	8.69546538128408
"J01"	1952	6	14.3606440527176
"J01"	1952	7	20.0305518900438
"J01"	1952	8	16.6712056580868
"J01"	1952	9	9.89167634192675
"J01"	1952	10	0
"J01"	1952	11	-5.67427248183172
"J01"	1952	12	-10.6353613471633
"J01"	1953	1	-14.4980984232757
"J01"	1953	2	-12.3613662415533
"J01"	1953	3	-6.37911265930108
"J01"	1953	4	2.21754330520298
"J01"	1953	5	8.18532205330573
"J01"	1953	6	14.9408732540361
"J01"	1953	7	17.9658144507167
"J01"	1953	8	15.4046260352512
"J01"	1953	9	9.31915448569682
"J01"	1953	10	3.12427169552634
"J01"	1953	11	-2.89712761431726
"J01"	1953	12	-11.9186666831682
"J01"	1954	1	-20.2189737262582
"J01"	1954	2	-9.62041006952347
"J01"	1954	3	-7.65094177812574
"J01"	1954	4	-2.38244393225134
"J01"	1954	5	8.09015597318781
"J01"	1954	6	16.3166870214439
"J01"	1954	7	16.4939022269649
"J01"	1954	8	14.8351145742938
"J01"	1954	9	9.45523255194107
"J01"	1954	10	1.7071265379537
"J01"	1954	11	-5.91278722857268
"J01"	1954	12	-11.6233746316793
"J01"	1955	1	-14.0918284045571
"J01"	1955	2	-13.3230341940163
"J01"	1955	3	-9.24038920542456
"J01"	1955	4	1.49675183977067
"J01"	1955	5	7.16456388814203
"J01"	1955	6	17.4917789360204
"J01"	1955	7	18.5004844599169
"J01"	1955	8	17.075657114996
"J01"	1955	9	8.26632473098824
"J01"	1955	10	2.71699581730467
"J01"	1955	11	-5.0247351610423
"J01"	1955	12	-15.0679909150109
"J01"	1956	1	-10.9238852113967
"J01"	1956	2	-13.9542363747396
"J01"	1956	3	-10.411712914969
"J01"	1956	4	-0.463628335399908
"J01"	1956	5	3.11835310446626
"J01"	1956	6	12.410422415123
"J01"	1956	7	15.3335220241856
"J01"	1956	8	13.9902650022866
"J01"	1956	9	8.1955267042839
"J01"	1956	10	3.38259574588367
"J01"	1956	11	-5.54038186082743
"J01"	1956	12	-15.5545307576393
"J01"	1957	1	-22.7566295626234
"J01"	1957	2	-13.9456934674532
"J01"	1957	3	-4.84379830753765
"J01"	1957	4	-1.38992174427992
"J01"	1957	5	6.7628453001084
"J01"	1957	6	13.4889185235876
"J01"	1957	7	16.3455570824778
"J01"	1957	8	13.7150329617231
"J01"	1957	9	9.56401599959328
"J01"	1957	10	3.23450740686611
"J01"	1957	11	-4.94582843509369
"J01"	1957	12	-9.83943474345737
"J01"	1958	1	-11.7278687213534
"J01"	1958	2	-11.3992155135091
"J01"	1958	3	-2.00248863725867
"J01"	1958	4	2.06988719874557
"J01"	1958	5	6.24757917976806
"J01"	1958	6	11.097159514658
"J01"	1958	7	16.5605056871038
"J01"	1958	8	14.447399547833
"J01"	1958	9	9.29131931712728
"J01"	1958	10	0.841860412059235
"J01"	1958	11	-6.67248997713017
"J01"	1958	12	-18.4859117517649
"J01"	1959	1	-13.7555504953156
"J01"	1959	2	-18.9748564116356
"J01"	1959	3	-10.1233281428327
"J01"	1959	4	-0.340551275798262
"J01"	1959	5	8.64782520026207
"J01"	1959	6	14.1537600578199
"J01"	1959	7	19.5704510040215
"J01"	1959	8	16.192309331743
"J01"	1959	9	11.089219941638
"J01"	1959	10	0.758301997065902
"J01"	1959	11	-6.98448008549346
"J01"	1959	12	-13.1660708549955
"J01"	1960	1	-15.2674999439953
"J01"	1960	2	-7.89431388669873
"J01"	1960	3	-9.28204550456529
"J01"	1960	4	-1.45057068815134
"J01"	1960	5	11.2574298843261
"J01"	1960	6	14.7316448103813
"J01"	1960	7	15.9885558120279
"J01"	1960	8	16.4199744514024
"J01"	1960	9	9.88383658060443
"J01"	1960	10	1.34611417862421
"J01"	1960	11	-4.86299216876682
"J01"	1960	12	-13.5474274096139
"J01"	1961	1	-20.8394545116075
"J01"	1961	2	-14.8158921500291
"J01"	1961	3	-7.9108355406023
"J01"	1961	4	2.18750699539509
"J01"	1961	5	6.46391385858717
"J01"	1961	6	13.5302128229324
"J01"	1961	7	17.2996477760866
"J01"	1961	8	16.3409976019118
"J01"	1961	9	12.4287719312318
"J01"	1961	10	3.51466105800179
"J01"	1961	11	-3.0407710798004
"J01"	1961	12	-9.80758567199813
"J01"	1962	1	-19.3892387878137
"J01"	1962	2	-18.8787446449231
"J01"	1962	3	-3.05813019193708
"J01"	1962	4	-1.60572887922349
"J01"	1962	5	6.15046890869686
"J01"	1962	6	14.9947333989644
"J01"	1962	7	16.4092258626036
"J01"	1962	8	16.8683766884532
"J01"	1962	9	9.01655726699344
"J01"	1962	10	2.57985618361969
"J01"	1962	11	-5.77766833849105
"J01"	1962	12	-12.8344767537028
"J01"	1963	1	-15.3053828871898
"J01"	1963	2	-17.6905957327245
"J01"	1963	3	-9.38098078698866
"J01"	1963	4	0
"J01"	1963	5	6.98086504667757
"J01"	1963	6	14.9776964285095
"J01"	1963	7	17.5178804093978
"J01"	1963	8	14.0366083361044
"J01"	1963	9	7.78742267644499
"J01"	1963	10	4.94578807322631
"J01"	1963	11	-3.34372784085795
"J01"	1963	12	-16.930521437224
"J01"	1964	1	-15.3813326031608
"J01"	1964	2	-12.9541275608298
"J01"	1964	3	-8.84841578480316
"J01"	1964	4	1.12996862113381
"J01"	1964	5	7.1821696110011
"J01"	1964	6	12.8936413097119
"J01"	1964	7	17.7238885583009
"J01"	1964	8	14.046605754012
"J01"	1964	9	8.55467188999555
"J01"	1964	10	0.41098154317989
"J01"	1964	11	-6.27749731531973
"J01"	1964	12	-13.5876048133741
"J01"	1965	1	-18.0813096215452
"J01"	1965	2	-13.6573157149793
"J01"	1965	3	-7.99971194076137
"J01"	1965	4	-0.807924960535329
"J01"	1965	5	6.02796819041242
"J01"	1965	6	13.9602157398496
"J01"	1965	7	14.3220013843826
"J01"	1965	8	13.7472684849996
"J01"	1965	9	8.68982086957907
"J01"	1965	10	-0.941693365985478
"J01"	1965	11	-8.69834650714426
"J01"	1965	12	-13.9623914232791
"J01"	1966	1	-11.7960051981723
"J01"	1966	2	-10.8196691364524
"J01"	1966	3	-3.15509468619195
"J01"	1966	4	0.598390293590385
"J01"	1966	5	6.01511410873972
"J01"	1966	6	14.5333192623478
"J01"	1966	7	15.7248437638624
"J01"	1966	8	14.7678595797162
"J01"	1966	9	9.24930569416268
"J01"	1966	10	1.27888007536258
"J01"	1966	11	-2.82830194157886
"J01"	1966	12	-11.7029371066183
"J01"	1967	1	-16.1992644295505
"J01"	1967	2	-17.2329787981167
"J01"	1967	3	-11.347789892753
"J01"	1967	4	-2.17998149315854
"J01"	1967	5	4.03338435546626
"J01"	1967	6	16.2822680664087
"J01"	1967	7	18.3272776044171
"J01"	1967	8	17.0063330068362
"J01"	1967	9	11.196516388569
"J01"	1967	10	1.95402577453482
"J01"	1967	11	-5.04262702276723
"J01"	1967	12	-11.1046456976436
"J01"	1968	1	-19.0766932798507
"J01"	1968	2	-14.5027172259519
"J01"	1968	3	-8.29281471236283
"J01"	1968	4	1.58762075222977
"J01"	1968	5	8.14195050116386
"J01"	1968	6	14.2064579449996
"J01"	1968	7	16.721416041815
"J01"	1968	8	11.9098435659038
"J01"	1968	9	14.3288153205401
"J01"	1968	10	4.20196120133868
"J01"	1968	11	-7.65112686452265
"J01"	1968	12	-11.8699868854049
"J01"	1969	1	-10.9201676805009
"J01"	1969	2	-10.4403646913884
"J01"	1969	3	-5.97776319084338
"J01"	1969	4	-3.10935018774354
"J01"	1969	5	4.41347188448796
"J01"	1969	6	12.5269082863027
"J01"	1969	7	16.3158962715297
"J01"	1969	8	16.0726639238578
"J01"	1969	9	7.18270251868134
"J01"	1969	10	0
"J01"	1969	11	-2.81333022137731
"J01"	1969	12	-10.6904048372906
"J01"	1970	1	-18.5931737158928
"J01"	1970	2	-15.0601650346244
"J01"	1970	3	-6.28650996168237
"J01"	1970	4	-1.02560696590359
"J01"	1970	5	5.00544111358991
"J01"	1970	6	13.3928678585219
"J01"	1970	7	19.411433557326
"J01"	1970	8	17.1760521960586
"J01"	1970	9	8.81051663605445
"J01"	1970	10	5.50513784705388
"J01"	1970	11	-4.71247223579442
"J01"	1970	12	-16.6987912400583
"J01"	1971	1	-16.7568596264347
"J01"	1971	2	-14.2056814952038
"J01"	1971	3	-6.9089720909175
"J01"	1971	4	0.425139157200475
"J01"	1971	5	8.83991963718096
"J01"	1971	6	13.1829167029921
"J01"	1971	7	16.3024135794277
"J01"	1971	8	14.5172681562356
"J01"	1971	9	10.8724254986429
"J01"	1971	10	3.96941715302837
"J01"	1971	11	-6.40299136986925
"J01"	1971	12	-16.5875206119648
"J01"	1972	1	-17.0194739710085
"J01"	1972	2	-17.7734766713104
"J01"	1972	3	-11.1917991373774
"J01"	1972	4	-1.00694117861394
"J01"	1972	5	6.36409888452442
"J01"	1972	6	13.4615073189436
"J01"	1972	7	17.7940797492589
"J01"	1972	8	14.8022724030901
"J01"	1972	9	8.84015254478394
"J01"	1972	10	-1.06887073402875
"J01"	1972	11	-7.28744909846988
"J01"	1972	12	-18.2249612350048
"J01"	1973	1	-16.5872382445955
"J01"	1973	2	-15.3818481377422
"J01"	1973	3	-4.39001316262132
"J01"	1973	4	-0.840318064655879
"J01"	1973	5	7.22789243545974
"J01"	1973	6	16.1763991028254
"J01"	1973	7	18.6843889066824
"J01"	1973	8	17.6147390830514
"J01"	1973	9	9.06497191345192
"J01"	1973	10	3.1378512691179
"J01"	1973	11	-6.17615852376736
"J01"	1973	12	-10.2716548229903
"J01"	1974	1	-21.3137736408234
"J01"	1974	2	-15.5596592825707
"J01"	1974	3	-10.7600162079592
"J01"	1974	4	-2.90276859238915
"J01"	1974	5	4.08877778694783
"J01"	1974	6	16.1612476158313
"J01"	1974	7	17.6762238178384
"J01"	1974	8	15.4634468757545
"J01"	1974	9	8.42176121266719
"J01"	1974	10	-2.08201998811926
"J01"	1974	11	-5.56706112657529
"J01"	1974	12	-10.8511644668201
"J01"	1975	1	-18.4063913125093
"J01"	1975	2	-15.6361473329721
"J01"	1975	3	-8.56285404671685
"J01"	1975	4	-2.9935574467668
"J01"	1975	5	9.50812209060637
"J01"	1975	6	15.9530519074874
"J01"	1975	7	19.3641119645664
"J01"	1975	8	15.9405859944015
"J01"	1975	9	10.6887767904735
"J01"	1975	10	3.22591090047991
"J01"	1975	11	-4.66326269762136
"J01"	1975	12	-14.3398415524487
"J01"	1976	1	-17.7841609533766
"J01"	1976	2	-13.9788813461613
"J01"	1976	3	-9.70921940618265
"J01"	1976	4	-1.77306094208108
"J01"	1976	5	7.08108676500699
"J01"	1976	6	16.8158449018614
"J01"	1976	7	18.3567226607227
"J01"	1976	8	15.8099564698532
"J01"	1976	9	8.63213678419984
"J01"	1976	10	-0.250924401878863
"J01"	1976	11	-7.03157995634445
"J01"	1976	12	-15.3135360661945
"J01"	1977	1	-15.3906441830671
"J01"	1977	2	-12.4291531217583
"J01"	1977	3	-3.34042638161497
"J01"	1977	4	-3.35844121271694
"J01"	1977	5	7.5191692150342
"J01"	1977	6	14.084628786456
"J01"	1977	7	15.655129889923
"J01"	1977	8	14.773729855036
"J01"	1977	9	8.40612111874979
"J01"	1977	10	2.40560456172143
"J01"	1977	11	-2.66942594429857
"J01"	1977	12	-12.9951010276674
"J01"	1978	1	-17.3410050933386
"J01"	1978	2	-12.2065881643394
"J01"	1978	3	-11.4822821705812
"J01"	1978	4	-2.83446661167859
"J01"	1978	5	9.59903587569127
"J01"	1978	6	12.6195322587387
"J01"	1978	7	16.9425219302826
"J01"	1978	8	15.3451256124223
"J01"	1978	9	6.77706835368995
"J01"	1978	10	-0.127503194058619
"J01"	1978	11	-7.00863998065134
"J01"	1978	12	-14.2683484670659
"J01"	1979	1	-13.580680088956
"J01"	1979	2	-16.8594963076163
"J01"	1979	3	-4.07106288144019
"J01"	1979	4	5.03811888940479
"J01"	1979	5	9.24286535129461
"J01"	1979	6	15.6189363716287
"J01"	1979	7	18.1285180533947
"J01"	1979	8	14.8122070156167
"J01"	1979	9	9.33570523651784
"J01"	1979	10	2.94698718622373
"J01"	1979	11	-4.33739569501738
"J01"	1979	12	-11.7585099191356
"J01"	1980	1	-14.0573891074891
"J01"	1980	2	-13.9934855911033
"J01"	1980	3	-6.8896920382327
"J01"	1980	4	4.34393632403021
"J01"	1980	5	7.45787653346366
"J01"	1980	6	12.7003166072229
"J01"	1980	7	16.3261849224624
"J01"	1980	8	18.3754420620567
"J01"	1980	9	7.16747733369432
"J01"	1980	10	-0.770962769290731
"J01"	1980	11	-6.00622552089125
"J01"	1980	12	-17.8098827868171
"J01"	1981	1	-15.7130781386467
"J01"	1981	2	-6.37784229322163
"J01"	1981	3	-4.07127845416376
"J01"	1981	4	9.18416575605779
"J01"	1981	5	6.64729300704701
"J01"	1981	6	13.5633973911396
"J01"	1981	7	18.5050193706192
"J01"	1981	8	17.3390182036807
"J01"	1981	9	12.1510558362427
"J01"	1981	10	2.70066127914119
"J01"	1981	11	-4.42683457467301
"J01"	1981	12	-9.16469682670563
"J01"	1982	1	-17.8583012047132
"J01"	1982	2	-17.4837474239581
"J01"	1982	3	-8.87352694581011
"J01"	1982	4	11.6026025011981
"J01"	1982	5	8.1116243213687
"J01"	1982	6	14.1338678409749
"J01"	1982	7	17.3994230179961
"J01"	1982	8	13.2245063381868
"J01"	1982	9	10.7207711343206
"J01"	1982	10	4.88226168090009
"J01"	1982	11	-4.62083788371682
"J01"	1982	12	-12.3105035920397
"J01"	1983	1	-14.6099261805294
"J01"	1983	2	-13.3166838657178
"J01"	1983	3	-6.89050729028105
"J01"	1983	4	-2.99638804203772
"J01"	1983	5	5.24677879460257
"J01"	1983	6	15.6695025485162
"J01"	1983	7	16.4932543863552
"J01"	1983	8	15.6759837987548
"J01"	1983	9	11.0938730360177
"J01"	1983	10	2.94742460454735
"J01"	1983	11	-5.40614775986531
"J01"	1983	12	-15.0828183927216
"J01"	1984	1	-19.2081608179717
"J01"	1984	2	-9.56675573408461
"J01"	1984	3	-9.18870923744653
"J01"	1984	4	-5.41419886398515
"J01"	1984	5	5.49135507320524
"J01"	1984	6	12.6590622962229
"J01"	1984	7	17.2753476840177
"J01"	1984	8	17.52276641263
"J01"	1984	9	7.88399815848705
"J01"	1984	10	3.95606925413119
"J01"	1984	11	-4.71915096563143
"J01"	1984	12	-13.5534719205086
"J01"	1985	1	-18.2220410869522
"J01"	1985	2	-12.062455134722
"J01"	1985	3	-8.77334453291367
"J01"	1985	4	2.14836105848114
"J01"	1985	5	4.71577091723448
"J01"	1985	6	14.5762786584776
"J01"	1985	7	17.0632330540054
"J01"	1985	8	16.2993972754757
"J01"	1985	9	11.1857794727074
"J01"	1985	10	2.41067295646512
"J01"	1985	11	-6.59216923595493
"J01"	1985	12	-15.6653452717107
"J01"	1986	1	-15.4770423415861
"J01"	1986	2	-13.7469077529967
"J01"	1986	3	-8.88125201274258
"J01"	1986	4	-3.13482111312109
"J01"	1986	5	9.92227644539443
"J01"	1986	6	10.7022707117411
"J01"	1986	7	16.2557507752253
"J01"	1986	8	15.1800503227714
"J01"	1986	9	7.48213378825468
"J01"	1986	10	0
"J01"	1986	11	-8.17783708746921
"J01"	1986	12	-12.3592464447578
"J01"	1987	1	-15.4785031778766
"J01"	1987	2	-13.0228016802539
"J01"	1987	3	-4.8087668763421
"J01"	1987	4	-4.44689147458636
"J01"	1987	5	7.30399194680563
"J01"	1987	6	13.7693292050832
"J01"	1987	7	17.6274113907909
"J01"	1987	8	14.7541208207375
"J01"	1987	9	10.6355340300013
"J01"	1987	10	2.3702124904943
"J01"	1987	11	-5.52922748819938
"J01"	1987	12	-13.4005904987877
"J01"	1988	1	-14.7974794609594
"J01"	1988	2	-15.5041765912555
"J01"	1988	3	-6.90370934966912
"J01"	1988	4	-1.37055818318534
"J01"	1988	5	9.61950877281992
"J01"	1988	6	12.3071271984972
"J01"	1988	7	18.9955727272931
"J01"	1988	8	15.9004935126451
"J01"	1988	9	8.20484787898825
"J01"	1988	10	0.616744026373495
"J01"	1988	11	-4.65388054086832
"J01"	1988	12	-15.7517027508182
"J01"	1989	1	-16.3746376580492
"J01"	1989	2	-15.6850700938976
"J01"	1989	3	-10.0488559399726
"J01"	1989	4	0.232107442203235
"J01"	1989	5	9.9247437067274
"J01"	1989	6	15.7440664996717
"J01"	1989	7	16.9008489930018
"J01"	1989	8	15.1811999318431
"J01"	1989	9	11.0995430155525
"J01"	1989	10	2.67817292630119
"J01"	1989	11	-7.45346110415389
"J01"	1989	12	-18.030091087508
"J01"	1990	1	-15.6032223831164
"J01"	1990	2	-17.1683938591256
"J01"	1990	3	-7.75233998103296
"J01"	1990	4	0
"J01"	1990	5	6.01141982248784
"J01"	1990	6	14.6643069787051
"J01"	1990	7	17.870181039882
"J01"	1990	8	16.9085438812526
"J01"	1990	9	8.28787184702097
"J01"	1990	10	1.07930284669837
"J01"	1990	11	-6.18903671808185
"J01"	1990	12	-13.2899433957709
"J01"	1991	1	-20.9261908433118
"J01"	1991	2	-13.3686998064376
"J01"	1991	3	-5.45257801815908
"J01"	1991	4	-0.328336238564876
"J01"	1991	5	6.69288878899042
"J01"	1991	6	14.1615624750258
"J01"	1991	7	17.357038088015
"J01"	1991	8	16.775789232452
"J01"	1991	9	8.52434616365479
"J01"	1991	10	2.59441060899985
"J01"	1991	11	-4.41550049789539
"J01"	1991	12	-15.5898992403272
"J01"	1992	1	-17.3165755798871
"J01"	1992	2	-18.0563956406675
"J01"	1992	3	-9.13161785227672
"J01"	1992	4	0.675015126406121
"J01"	1992	5	7.10147276527271
"J01"	1992	6	12.2273067688313
"J01"	1992	7	14.2828595861797
"J01"	1992	8	14.891818500689
"J01"	1992	9	10.3458222660228
"J01"	1992	10	0.231543057073769
"J01"	1992	11	-7.16875969835934
"J01"	1992	12	-13.4399033290336
"J01"	1993	1	-17.545205707781
"J01"	1993	2	-19.0613161775817
"J01"	1993	3	-7.7753568565657
"J01"	1993	4	-0.924023484650545
"J01"	1993	5	6.79981037124565
"J01"	1993	6	15.0678844784504
"J01"	1993	7	18.1016903623431
"J01"	1993	8	15.9296147995614
"J01"	1993	9	8.28696036374784
"J01"	1993	10	-1.24822988137973
"J01"	1993	11	-7.11721561224901
"J01"	1993	12	-12.8035052160915
"J01"	1994	1	-21.0406066101886
"J01"	1994	2	-17.2795912361901
"J01"	1994	3	-7.25804808508529
"J01"	1994	4	0.929500832936149
"J01"	1994	5	5.62292426348959
"J01"	1994	6	14.7577324957219
"J01"	1994	7	17.5866222850024
"J01"	1994	8	13.7643321550028
"J01"	1994	9	9.78165530573836
"J01"	1994	10	4.99821735035296
"J01"	1994	11	-4.4062592971508
"J01"	1994	12	-12.0577890849012
"J01"	1995	1	-15.7457392372539
"J01"	1995	2	-17.4016653802313
"J01"	1995	3	-8.21406223218225
"J01"	1995	4	0
"J01"	1995	5	7.25530877905443
"J01"	1995	6	15.6854619772778
"J01"	1995	7	18.3475017905398
"J01"	1995	8	16.9281030839496
"J01"	1995	9	8.14555777016241
"J01"	1995	10	3.80105290106648
"J01"	1995	11	-6.40811775439616
"J01"	1995	12	-13.7922120228673
"J01"	1996	1	-16.2866089377508
"J01"	1996	2	-13.2229650496475
"J01"	1996	3	-8.64506830662061
"J01"	1996	4	-0.746123651476346
"J01"	1996	5	4.87056521203728
"J01"	1996	6	15.6627180822254
"J01"	1996	7	16.1661091558641
"J01"	1996	8	16.410502105034
"J01"	1996	9	10.4773633587466
"J01"	1996	10	1.69746674327227
"J01"	1996	11	-5.3208589656434
"J01"	1996	12	-10.1220020212768
"J01"	1997	1	-15.8388779697239
"J01"	1997	2	-15.3561413471368
"J01"	1997	3	-11.0819673763753
"J01"	1997	4	0
"J01"	1997	5	3.89437741293769
"J01"	1997	6	13.935474459239
"J01"	1997	7	16.3382474189587
"J01"	1997	8	14.4499105096638
"J01"	1997	9	9.24190560238515
"J01"	1997	10	1.65688869306145
"J01"	1997	11	-6.63964592791547
"J01"	1997	12	-12.810170361447
"J01"	1998	1	-15.1921129416397
"J01"	1998	2	-8.85103325990795
"J01"	1998	3	-7.0783101926098
"J01"	1998	4	-1.2435864765963
"J01"	1998	5	9.47306374047312
"J01"	1998	6	15.1495605438648
"J01"	1998	7	17.2907623356791
"J01"	1998	8	15.7657362119555
"J01"	1998	9	9.06627418584604
"J01"	1998	10	1.81809813139929
"J01"	1998	11	-6.28567003032856
"J01"	1998	12	-12.4666535392022
"J01"	1999	1	-15.6474245239116
"J01"	1999	2	-10.0804462787805
"J01"	1999	3	-3.80621299634922
"J01"	1999	4	-0.490473466780676
"J01"	1999	5	11.2282489954578
"J01"	1999	6	16.4574187052657
"J01"	1999	7	17.5572110896335
"J01"	1999	8	15.636862482408
"J01"	1999	9	12.5446117179979
"J01"	1999	10	0.0984543964750001
"J01"	1999	11	-4.84935050964578
"J01"	1999	12	-12.2236129299225
"J01"	2000	1	-16.5118351933346
"J01"	2000	2	-13.0335631223642
"J01"	2000	3	-4.44263105971165
"J01"	2000	4	0.173269620559866
"J01"	2000	5	5.46077325374793
"J01"	2000	6	12.4731098113595
"J01"	2000	7	17.7252804137326
"J01"	2000	8	16.4655842498013
"J01"	2000	9	8.53855378448405
"J01"	2000	10	1.43875030002736
"J01"	2000	11	-3.70821644838661
"J01"	2000	12	-14.2213414510829
"J01"	2001	1	-16.0718992620531
"J01"	2001	2	-14.5829702959485
"J01"	2001	3	-4.76042157624894
"J01"	2001	4	-0.211063607212961
"J01"	2001	5	10.9593983597411
"J01"	2001	6	14.6342736983315
"J01"	2001	7	17.0176917886242
"J01"	2001	8	16.6218456535151
"J01"	2001	9	10.2146924651496
"J01"	2001	10	2.80236197545343
"J01"	2001	11	-3.97575170244891
"J01"	2001	12	-9.89493064285454
"J01"	2002	1	-16.8491767781134
"J01"	2002	2	-15.1248860758139
"J01"	2002	3	-9.41250067621951
"J01"	2002	4	0.0412528045882032
"J01"	2002	5	5.2456403835789
"J01"	2002	6	13.208507119426
"J01"	2002	7	17.1863556210447
"J01"	2002	8	16.0144644047048
"J01"	2002	9	10.6774743654504
"J01"	2002	10	0.272879103027897
"J01"	2002	11	-7.60777461880859
"J01"	2002	12	-13.1967265582228
"J01"	2003	1	-17.3300349941966
"J01"	2003	2	-17.3992836139119
"J01"	2003	3	-10.0409186745476
"J01"	2003	4	0.808460886096631
"J01"	2003	5	8.25872974918778
"J01"	2003	6	15.2746976286566
"J01"	2003	7	16.7732397778202
"J01"	2003	8	15.8847019203218
"J01"	2003	9	12.4918526043561
"J01"	2003	10	2.21435874124988
"J01"	2003	11	-5.44274709952391
"J01"	2003	12	-12.0742981033502
"J01"	2004	1	-18.2274745219016
"J01"	2004	2	-13.2588232010364
"J01"	2004	3	-6.33566589286019
"J01"	2004	4	0.0794365106844668
"J01"	2004	5	4.78519881167824
"J01"	2004	6	12.251194702422
"J01"	2004	7	18.0078802767531
"J01"	2004	8	14.7106941956852
"J01"	2004	9	9.69894063761565
"J01"	2004	10	3.70971828407038
"J01"	2004	11	-6.55329768367325
"J01"	2004	12	-15.2036215550852
"J01"	2005	1	-19.238627266281
"J01"	2005	2	-11.6539016525834
"J01"	2005	3	-6.64384909884692
"J01"	2005	4	-0.548072435857365
"J01"	2005	5	7.52749058504223
"J01"	2005	6	14.7896237824957
"J01"	2005	7	19.1433975837718
"J01"	2005	8	15.6241599541153
"J01"	2005	9	10.0695730136822
"J01"	2005	10	3.11045407582541
"J01"	2005	11	-5.13102320006882
"J01"	2005	12	-14.9567757448597
"J01"	2006	1	-13.5421681097263
"J01"	2006	2	-14.8559639284
"J01"	2006	3	-4.63245381048228
"J01"	2006	4	-1.27803282877426
"J01"	2006	5	9.16694114505673
"J01"	2006	6	16.1036456117651
"J01"	2006	7	17.7666732678183
"J01"	2006	8	13.8870106559627
"J01"	2006	9	9.55116424260659
"J01"	2006	10	1.80308911590118
"J01"	2006	11	-2.72128787390264
"J01"	2006	12	-11.7207025911336
"J01"	2007	1	-15.6862806259369
"J01"	2007	2	-14.8873577225253
"J01"	2007	3	-8.93100045881043
"J01"	2007	4	-0.65401696383491
"J01"	2007	5	6.39415867671654
"J01"	2007	6	15.2533118654033
"J01"	2007	7	17.3590623152741
"J01"	2007	8	14.3244464506198
"J01"	2007	9	8.1633914488443
"J01"	2007	10	3.67753787558392
"J01"	2007	11	-7.92482159803964
"J01"	2007	12	-16.5641571467255
"J01"	2008	1	-15.1379545943342
"J01"	2008	2	-14.4023382915948
"J01"	2008	3	-9.8534964314593
"J01"	2008	4	-1.15144352730002
"J01"	2008	5	7.36489626712833
"J01"	2008	6	14.0282556935051
"J01"	2008	7	17.8205413720686
"J01"	2008	8	16.3565561145924
"J01"	2008	9	9.75898753083731
"J01"	2008	10	2.18471433078621
"J01"	2008	11	-4.87523843075963
"J01"	2008	12	-15.4237662230938
"J01"	2009	1	-19.5159923700231
"J01"	2009	2	-11.6456252129968
"J01"	2009	3	-7.84101434377775
"J01"	2009	4	-0.384566942314435
"J01"	2009	5	5.7725655918466
"J01"	2009	6	14.4993012739389
"J01"	2009	7	16.9350169805558
"J01"	2009	8	14.8142117449958
"J01"	2009	9	9.68817510256519
"J01"	2009	10	0
"J01"	2009	11	-2.2272404564398
"J01"	2009	12	-12.4725115827158
"J01"	2010	1	-12.4438447497883
"J01"	2010	2	-7.32878345111912
"J01"	2010	3	-3.96100590388551
"J01"	2010	4	-1.43153156771373
"J01"	2010	5	7.31398787599601
"J01"	2010	6	13.5591286529909
"J01"	2010	7	17.8786942992602
"J01"	2010	8	16.4584154594096
"J01"	2010	9	8.67392670834514
"J01"	2010	10	1.33958786251814
"J01"	2010	11	-4.89967618968717
"J01"	2010	12	-8.47217506655871
"J01"	2011	1	-14.9449168947618
"J01"	2011	2	-15.1944730884414
"J01"	2011	3	-7.68815063059666
"J01"	2011	4	0.0390714491003847
"J01"	2011	5	5.89636737650093
"J01"	2011	6	13.6554981931997
"J01"	2011	7	17.3810252319935
"J01"	2011	8	15.0153597386936
"J01"	2011	9	10.2323377538051
"J01"	2011	10	2.69097292503248
"J01"	2011	11	-3.57208397008591
"J01"	2011	12	-13.0591096250019
"J01"	2012	1	-16.5125137379806
"J01"	2012	2	-13.1427389480627
"J01"	2012	3	-4.76194340640899
"J01"	2012	4	-0.356232576126026
"J01"	2012	5	7.83435294710108
"J01"	2012	6	15.8249267693446
"J01"	2012	7	17.3648295285938
"J01"	2012	8	16.5557770762547
"J01"	2012	9	10.3295166039724
"J01"	2012	10	2.70218371129788
"J01"	2012	11	-5.57136488760014
"J01"	2012	12	-12.8992871393848
"J01"	2013	1	-17.0253071644553
"J01"	2013	2	-12.1203924245119
"J01"	2013	3	-3.50611493147536
"J01"	2013	4	-0.281406366450791
"J01"	2013	5	7.31895344929942
"J01"	2013	6	12.5312921358085
"J01"	2013	7	17.9244815359215
"J01"	2013	8	14.748117675521
"J01"	2013	9	8.40756998853374
"J01"	2013	10	2.43472305693807
"J01"	2013	11	-7.50233969272927
"J01"	2013	12	-19.8522367845469
"J01"	2014	1	-17.6511080744983
"J01"	2014	2	-15.1386073078917
"J01"	2014	3	-12.3244394170683
"J01"	2014	4	-0.0409101346686219
"J01"	2014	5	6.15871241148295
"J01"	2014	6	15.7392957236223
"J01"	2014	7	18.1006487365141
"J01"	2014	8	16.4650634847972
"J01"	2014	9	8.51607159263962
"J01"	2014	10	2.58723799093014
"J01"	2014	11	-8.96100493477772
"J01"	2014	12	-13.7278941378591
"J01"	2015	1	-18.5000004035499
"J01"	2015	2	-19.9257140916746
"J01"	2015	3	-9.20520586195387
"J01"	2015	4	0.333500336331977
"J01"	2015	5	7.18673363605069
"J01"	2015	6	13.1044068316071
"J01"	2015	7	15.5018598031236
"J01"	2015	8	16.3274933159611
"J01"	2015	9	10.8616729433135
"J01"	2015	10	0.666695203492798
"J01"	2015	11	-5.43812110099073
"J01"	2015	12	-9.74191239446848
"J01"	2016	1	-14.5728613504624
"J01"	2016	2	-14.2301388220645
"J01"	2016	3	-9.06525621913267
"J01"	2016	4	0.637697836624827
"J01"	2016	5	7.88556381775116
"J01"	2016	6	13.4857767587688
"J01"	2016	7	16.7319416225329
"J01"	2016	8	15.9146562340867
"J01"	2016	9	9.38722943204226
"J01"	2016	10	2.48179889584911
"J01"	2016	11	-3.45599993843614
"J01"	2016	12	-15.040812015004
