"J01"	1901	1	-28.7426277645138
"J01"	1901	2	-24.5226511901115
"J01"	1901	3	-21.9156471409726
"J01"	1901	4	-9.22307347512544
"J01"	1901	5	-2.41598716919768
"J01"	1901	6	3.75277729068075
"J01"	1901	7	5.79770323232199
"J01"	1901	8	5.11276300486761
"J01"	1901	9	0
"J01"	1901	10	-5.22049248377318
"J01"	1901	11	-13.5796036160979
"J01"	1901	12	-22.5556671840687
"J01"	1902	1	-28.3647035134353
"J01"	1902	2	-24.3610425181052
"J01"	1902	3	-16.378260916339
"J01"	1902	4	-9.95957128663595
"J01"	1902	5	-4.04975961589168
"J01"	1902	6	0
"J01"	1902	7	5.53330963416422
"J01"	1902	8	4.93751004294082
"J01"	1902	9	3.07037933510899
"J01"	1902	10	-5.85911708865375
"J01"	1902	11	-13.0669410494324
"J01"	1902	12	-25.6380188982657
"J01"	1903	1	-26.876273549712
"J01"	1903	2	-26.582786785787
"J01"	1903	3	-17.3239652005719
"J01"	1903	4	-11.2493307654922
"J01"	1903	5	-3.7125588590459
"J01"	1903	6	3.89375095840521
"J01"	1903	7	6.39434132490741
"J01"	1903	8	4.64020420690876
"J01"	1903	9	1.39196737193536
"J01"	1903	10	-3.98219824732206
"J01"	1903	11	-13.4321186500764
"J01"	1903	12	-26.0801343775727
"J01"	1904	1	-30.6588543853766
"J01"	1904	2	-30.7363760199339
"J01"	1904	3	-21.5907813585846
"J01"	1904	4	-10.78755082168
"J01"	1904	5	-2.27076573258271
"J01"	1904	6	3.20376121095973
"J01"	1904	7	7.02164957069438
"J01"	1904	8	6.58501354615475
"J01"	1904	9	-1.71411922563351
"J01"	1904	10	-5.40875883732206
"J01"	1904	11	-14.0872736029081
"J01"	1904	12	-26.7145816803707
"J01"	1905	1	-32.6984625990247
"J01"	1905	2	-28.103664741409
"J01"	1905	3	-23.1900213021762
"J01"	1905	4	-9.95777152883799
"J01"	1905	5	-3.25047556934547
"J01"	1905	6	2.73939451813929
"J01"	1905	7	6.97722047992356
"J01"	1905	8	4.1857407970815
"J01"	1905	9	2.35511748434348
"J01"	1905	10	-4.68700100847427
"J01"	1905	11	-13.3821194682938
"J01"	1905	12	-22.3007268336851
"J01"	1906	1	-25.8993679913941
"J01"	1906	2	-26.387145242267
"J01"	1906	3	-22.3666400529479
"J01"	1906	4	-11.3419594465054
"J01"	1906	5	-3.77297171866446
"J01"	1906	6	1.94880254949635
"J01"	1906	7	6.38407787001256
"J01"	1906	8	5.49029949067066
"J01"	1906	9	0.474654185017768
"J01"	1906	10	-4.08882049571612
"J01"	1906	11	-12.1952191766803
"J01"	1906	12	-26.6534309751255
"J01"	1907	1	-29.1510778050779
"J01"	1907	2	-27.798860194211
"J01"	1907	3	-21.9016766138016
"J01"	1907	4	-11.5290985469963
"J01"	1907	5	-4.06439038613525
"J01"	1907	6	3.26878047212784
"J01"	1907	7	7.44065558555294
"J01"	1907	8	6.04697222115541
"J01"	1907	9	1.27580307752625
"J01"	1907	10	-5.03312509051176
"J01"	1907	11	-12.3646214333789
"J01"	1907	12	-20.6833775457762
"J01"	1908	1	-28.9537409923757
"J01"	1908	2	-27.5579830720646
"J01"	1908	3	-22.434712499014
"J01"	1908	4	-13.9327187029054
"J01"	1908	5	-2.6339086640944
"J01"	1908	6	3.67919817221569
"J01"	1908	7	8.37816712615132
"J01"	1908	8	5.87571539539374
"J01"	1908	9	4.18080067182842
"J01"	1908	10	-2.38283321201377
"J01"	1908	11	-12.4361429875373
"J01"	1908	12	-26.3923410686266
"J01"	1909	1	-27.9083211489515
"J01"	1909	2	-28.4272993460659
"J01"	1909	3	-19.3272168176956
"J01"	1909	4	-11.6327642970585
"J01"	1909	5	-2.99996711365453
"J01"	1909	6	2.44091750992071
"J01"	1909	7	7.68443865715576
"J01"	1909	8	6.42216129275999
"J01"	1909	9	3.08189241038168
"J01"	1909	10	-1.82219399992358
"J01"	1909	11	-11.6406597064327
"J01"	1909	12	-19.2353250455611
"J01"	1910	1	-23.8400620380402
"J01"	1910	2	-28.4709372636788
"J01"	1910	3	-19.5840329007238
"J01"	1910	4	-8.40785063099569
"J01"	1910	5	-2.19300271611271
"J01"	1910	6	3.64533083118981
"J01"	1910	7	7.32324993405952
"J01"	1910	8	6.60744535141425
"J01"	1910	9	0.654645164511456
"J01"	1910	10	-4.02981373033676
"J01"	1910	11	-9.59976038577455
"J01"	1910	12	-24.7662752840699
"J01"	1911	1	-31.3695768386189
"J01"	1911	2	-29.7223435299231
"J01"	1911	3	-22.8763162634001
"J01"	1911	4	-11.0975952974871
"J01"	1911	5	-1.53613734418992
"J01"	1911	6	4.78981427290962
"J01"	1911	7	8.79012877096271
"J01"	1911	8	7.25992487626422
"J01"	1911	9	0
"J01"	1911	10	-4.61544206237196
"J01"	1911	11	-14.8470297935987
"J01"	1911	12	-19.694351317382
"J01"	1912	1	-30.0322730625559
"J01"	1912	2	-23.6541176501622
"J01"	1912	3	-23.060487583165
"J01"	1912	4	-13.979889799974
"J01"	1912	5	-3.1070941815399
"J01"	1912	6	1.65832853496311
"J01"	1912	7	6.29737086714245
"J01"	1912	8	4.64967929958074
"J01"	1912	9	0.832398901531462
"J01"	1912	10	-3.63095965988684
"J01"	1912	11	-13.3807055180658
"J01"	1912	12	-25.2380449205946
"J01"	1913	1	-27.1660147772043
"J01"	1913	2	-31.6934606980463
"J01"	1913	3	-20.1913563523479
"J01"	1913	4	-10.2897603493689
"J01"	1913	5	-3.0534975642696
"J01"	1913	6	0.1472061111043
"J01"	1913	7	6.37835585978617
"J01"	1913	8	5.19405065142649
"J01"	1913	9	0.838636202050985
"J01"	1913	10	-1.12850238297649
"J01"	1913	11	-10.3951246559832
"J01"	1913	12	-20.2387574373337
"J01"	1914	1	-28.7584798751373
"J01"	1914	2	-30.6422881895391
"J01"	1914	3	-16.8343886533153
"J01"	1914	4	-13.4608886622356
"J01"	1914	5	-2.37978004119792
"J01"	1914	6	1.29454754556287
"J01"	1914	7	6.14251905111663
"J01"	1914	8	4.700031154277
"J01"	1914	9	2.53205874294002
"J01"	1914	10	-5.07272592852021
"J01"	1914	11	-15.2264174357042
"J01"	1914	12	-24.6270215774733
"J01"	1915	1	-25.5833572066562
"J01"	1915	2	-23.0562823978121
"J01"	1915	3	-18.5867085990356
"J01"	1915	4	-9.29792786387778
"J01"	1915	5	-2.93683276276878
"J01"	1915	6	2.39106920514466
"J01"	1915	7	5.80422033408166
"J01"	1915	8	5.35205178953964
"J01"	1915	9	2.03595504524999
"J01"	1915	10	-4.21456841383423
"J01"	1915	11	-11.3965761655341
"J01"	1915	12	-18.3443701017066
"J01"	1916	1	-26.6964090413443
"J01"	1916	2	-26.8528098851156
"J01"	1916	3	-25.6072265359184
"J01"	1916	4	-9.4996209313476
"J01"	1916	5	-1.97568853411804
"J01"	1916	6	4.95534306563342
"J01"	1916	7	8.41457666506803
"J01"	1916	8	5.99628720193744
"J01"	1916	9	2.04285715892985
"J01"	1916	10	-5.26196579959526
"J01"	1916	11	-14.4081611231511
"J01"	1916	12	-22.4410950799609
"J01"	1917	1	-29.9221480842444
"J01"	1917	2	-28.5128987623887
"J01"	1917	3	-19.9713778878185
"J01"	1917	4	-8.58301560763418
"J01"	1917	5	-2.98863923778098
"J01"	1917	6	4.71921741510922
"J01"	1917	7	8.49352592084034
"J01"	1917	8	7.53255144184563
"J01"	1917	9	-1.02267564718905
"J01"	1917	10	-4.42232512356556
"J01"	1917	11	-14.8562923696612
"J01"	1917	12	-27.8055583123365
"J01"	1918	1	-25.2784953520616
"J01"	1918	2	-29.9957972342847
"J01"	1918	3	-23.8430286047018
"J01"	1918	4	-11.6822945415927
"J01"	1918	5	-3.1034355526639
"J01"	1918	6	1.58645328418699
"J01"	1918	7	7.52815724875869
"J01"	1918	8	5.25164216405383
"J01"	1918	9	0.510596853257554
"J01"	1918	10	-5.06126629728549
"J01"	1918	11	-11.7156435807249
"J01"	1918	12	-22.9599162915491
"J01"	1919	1	-27.5480281392865
"J01"	1919	2	-20.2697061582266
"J01"	1919	3	-18.3406835431576
"J01"	1919	4	-9.83095020457055
"J01"	1919	5	-2.75829231020322
"J01"	1919	6	4.93030112889385
"J01"	1919	7	6.36082991603775
"J01"	1919	8	6.33069696713384
"J01"	1919	9	1.35553519150283
"J01"	1919	10	-6.94556779722974
"J01"	1919	11	-12.6438666185654
"J01"	1919	12	-28.1332360229998
"J01"	1920	1	-31.0805608248897
"J01"	1920	2	-25.0510098285948
"J01"	1920	3	-20.9978414361154
"J01"	1920	4	-9.47413796536521
"J01"	1920	5	-3.23969060712081
"J01"	1920	6	2.67635557503978
"J01"	1920	7	6.34444738778375
"J01"	1920	8	5.52018649926519
"J01"	1920	9	2.18585902992028
"J01"	1920	10	-2.58344810221903
"J01"	1920	11	-15.9294662881177
"J01"	1920	12	-20.7465372596619
"J01"	1921	1	-25.5348924051883
"J01"	1921	2	-28.5331666730128
"J01"	1921	3	-18.8841896755458
"J01"	1921	4	-11.7481788847095
"J01"	1921	5	-2.23530499790741
"J01"	1921	6	2.75641699565785
"J01"	1921	7	8.09228615775568
"J01"	1921	8	3.40215871742987
"J01"	1921	9	0.665115251909059
"J01"	1921	10	-5.31922786031887
"J01"	1921	11	-15.4460885594847
"J01"	1921	12	-24.3632721737716
"J01"	1922	1	-29.0766499609561
"J01"	1922	2	-29.5657714969233
"J01"	1922	3	-20.1203641631023
"J01"	1922	4	-9.41767237725569
"J01"	1922	5	-2.24808710323024
"J01"	1922	6	3.8213402123257
"J01"	1922	7	5.58853657295004
"J01"	1922	8	4.69083107674641
"J01"	1922	9	-0.655315654708093
"J01"	1922	10	-6.79535886567982
"J01"	1922	11	-13.1791293136236
"J01"	1922	12	-28.5683829610598
"J01"	1923	1	-30.9822257217933
"J01"	1923	2	-31.9423081338712
"J01"	1923	3	-26.2958301994938
"J01"	1923	4	-13.6850338809775
"J01"	1923	5	-3.67242155414065
"J01"	1923	6	0.364093759933802
"J01"	1923	7	5.16173669616515
"J01"	1923	8	3.68655350070254
"J01"	1923	9	-0.803986430930812
"J01"	1923	10	-4.88113688065485
"J01"	1923	11	-11.8585617864562
"J01"	1923	12	-17.8521406570726
"J01"	1924	1	-30.1715534583043
"J01"	1924	2	-29.8412838538528
"J01"	1924	3	-15.9204053324769
"J01"	1924	4	-10.6894214325303
"J01"	1924	5	-3.40658319696472
"J01"	1924	6	2.51088091928284
"J01"	1924	7	5.66356553924846
"J01"	1924	8	4.74166208897684
"J01"	1924	9	0
"J01"	1924	10	-6.07422888928736
"J01"	1924	11	-11.8589860300202
"J01"	1924	12	-26.6454210057725
"J01"	1925	1	-33.1627013296034
"J01"	1925	2	-23.6997687718159
"J01"	1925	3	-18.3235481776591
"J01"	1925	4	-11.1898448272324
"J01"	1925	5	-3.32722338564865
"J01"	1925	6	4.12540869268108
"J01"	1925	7	7.2923065036746
"J01"	1925	8	6.74759473155309
"J01"	1925	9	-0.612851924078248
"J01"	1925	10	-7.35668049671919
"J01"	1925	11	-12.6156058312869
"J01"	1925	12	-23.7297504871205
"J01"	1926	1	-29.1302832798968
"J01"	1926	2	-27.5315541393123
"J01"	1926	3	-24.4609881783863
"J01"	1926	4	-13.4059920266728
"J01"	1926	5	-4.39194230343334
"J01"	1926	6	2.44172040333185
"J01"	1926	7	5.22444059094175
"J01"	1926	8	4.79037404411411
"J01"	1926	9	-0.148852400224985
"J01"	1926	10	-3.9938717837179
"J01"	1926	11	-13.5645475830592
"J01"	1926	12	-25.3060576087403
"J01"	1927	1	-26.5504995968466
"J01"	1927	2	-26.8506293931685
"J01"	1927	3	-19.64187346805
"J01"	1927	4	-11.0598037876041
"J01"	1927	5	-3.35543272793448
"J01"	1927	6	1.26249071499782
"J01"	1927	7	8.0714351293808
"J01"	1927	8	4.97323889031469
"J01"	1927	9	1.4427168017109
"J01"	1927	10	-2.78141335155116
"J01"	1927	11	-11.9730139485542
"J01"	1927	12	-22.094539365713
"J01"	1928	1	-29.2620999349122
"J01"	1928	2	-28.4921075010243
"J01"	1928	3	-19.8104916834936
"J01"	1928	4	-11.474769094969
"J01"	1928	5	-1.63605736823638
"J01"	1928	6	2.38065852212492
"J01"	1928	7	6.72552425034038
"J01"	1928	8	6.73230046142188
"J01"	1928	9	-1.25634042139663
"J01"	1928	10	-5.18627220877795
"J01"	1928	11	-14.723220087003
"J01"	1928	12	-20.3473118129367
"J01"	1929	1	-27.8527165522597
"J01"	1929	2	-26.5476038398163
"J01"	1929	3	-20.7674476743178
"J01"	1929	4	-12.9485821680426
"J01"	1929	5	-3.76666022849411
"J01"	1929	6	2.57724419575368
"J01"	1929	7	5.99662442953789
"J01"	1929	8	4.70673100713766
"J01"	1929	9	0.404773863213073
"J01"	1929	10	-4.53587413261168
"J01"	1929	11	-14.2712085921683
"J01"	1929	12	-27.3108431019435
"J01"	1930	1	-30.185302805692
"J01"	1930	2	-27.6150963991445
"J01"	1930	3	-18.948413045517
"J01"	1930	4	-11.4498185579175
"J01"	1930	5	-3.197562178554
"J01"	1930	6	5.54230096358284
"J01"	1930	7	6.69106704629253
"J01"	1930	8	5.72126816358636
"J01"	1930	9	2.08595830402891
"J01"	1930	10	-3.98083506880449
"J01"	1930	11	-11.4552156148773
"J01"	1930	12	-22.7266294489496
"J01"	1931	1	-27.7823816517865
"J01"	1931	2	-24.9691856384328
"J01"	1931	3	-13.3328925627566
"J01"	1931	4	-8.6870450495538
"J01"	1931	5	-1.45771413519701
"J01"	1931	6	3.95082801797417
"J01"	1931	7	9.00070835117105
"J01"	1931	8	6.00206396039291
"J01"	1931	9	1.8904065938756
"J01"	1931	10	-3.05683353444688
"J01"	1931	11	-9.39104418690521
"J01"	1931	12	-21.9606682009372
"J01"	1932	1	-25.2686283777764
"J01"	1932	2	-29.1827713048432
"J01"	1932	3	-20.053930915917
"J01"	1932	4	-10.1668590317936
"J01"	1932	5	-3.11789325378354
"J01"	1932	6	1.84871162319442
"J01"	1932	7	6.45735113904559
"J01"	1932	8	6.17884271100911
"J01"	1932	9	2.43895076593456
"J01"	1932	10	-3.61626963544784
"J01"	1932	11	-15.2121445585387
"J01"	1932	12	-23.942996156612
"J01"	1933	1	-24.8281073748822
"J01"	1933	2	-23.8611093340548
"J01"	1933	3	-22.5053787881504
"J01"	1933	4	-9.71264814501049
"J01"	1933	5	-3.80862475449002
"J01"	1933	6	2.69614405179457
"J01"	1933	7	5.93978230346592
"J01"	1933	8	5.33087327646854
"J01"	1933	9	0.827155707569093
"J01"	1933	10	-4.73565179195038
"J01"	1933	11	-19.4463149635813
"J01"	1933	12	-31.1378789054332
"J01"	1934	1	-31.1525474983106
"J01"	1934	2	-31.760090421139
"J01"	1934	3	-22.9600214453084
"J01"	1934	4	-9.44949912618977
"J01"	1934	5	-3.1312413749347
"J01"	1934	6	2.14069166186925
"J01"	1934	7	6.22895344028644
"J01"	1934	8	4.49214567639872
"J01"	1934	9	3.78477045379498
"J01"	1934	10	-5.30237982603565
"J01"	1934	11	-11.9510331681691
"J01"	1934	12	-26.4533176934225
"J01"	1935	1	-32.2170116528099
"J01"	1935	2	-29.6855385175982
"J01"	1935	3	-22.6098356343095
"J01"	1935	4	-10.4537447189052
"J01"	1935	5	-3.33255312023092
"J01"	1935	6	4.78403261233005
"J01"	1935	7	7.62102122050614
"J01"	1935	8	6.61151221858999
"J01"	1935	9	0
"J01"	1935	10	-4.75468536649277
"J01"	1935	11	-13.2374262659271
"J01"	1935	12	-21.6621166801972
"J01"	1936	1	-26.2882075124271
"J01"	1936	2	-27.7948704427181
"J01"	1936	3	-15.9111700486324
"J01"	1936	4	-9.50300240227831
"J01"	1936	5	-3.63155554809672
"J01"	1936	6	3.38164479040736
"J01"	1936	7	5.90626672225759
"J01"	1936	8	4.35954058722973
"J01"	1936	9	0.651857074001402
"J01"	1936	10	-5.42117443498484
"J01"	1936	11	-16.0767566353054
"J01"	1936	12	-25.3398037025754
"J01"	1937	1	-28.64699871751
"J01"	1937	2	-23.4905978387832
"J01"	1937	3	-20.8882609307025
"J01"	1937	4	-9.62649212390758
"J01"	1937	5	-1.47374469030756
"J01"	1937	6	3.88951757726714
"J01"	1937	7	8.19660225619963
"J01"	1937	8	7.78505284907862
"J01"	1937	9	1.48455012328555
"J01"	1937	10	-4.03078045806462
"J01"	1937	11	-11.7899979626316
"J01"	1937	12	-23.9938915267292
"J01"	1938	1	-29.1073176105701
"J01"	1938	2	-27.9810721012927
"J01"	1938	3	-21.63720599804
"J01"	1938	4	-10.5375183764343
"J01"	1938	5	-2.55607300697877
"J01"	1938	6	4.60414652651762
"J01"	1938	7	7.88711312908634
"J01"	1938	8	6.05273965557132
"J01"	1938	9	0.933345579949282
"J01"	1938	10	-3.85547279302286
"J01"	1938	11	-13.5845986148047
"J01"	1938	12	-21.2607555897902
"J01"	1939	1	-28.1601289517494
"J01"	1939	2	-30.7877018345581
"J01"	1939	3	-26.9467318075793
"J01"	1939	4	-11.7486289904614
"J01"	1939	5	-4.03162555504778
"J01"	1939	6	1.3548076425667
"J01"	1939	7	8.07917045005668
"J01"	1939	8	7.3517319036148
"J01"	1939	9	1.01633027654251
"J01"	1939	10	-5.18950956634909
"J01"	1939	11	-13.544740294596
"J01"	1939	12	-20.5006203811465
"J01"	1940	1	-26.5022947077238
"J01"	1940	2	-27.1492848939166
"J01"	1940	3	-19.4873585851723
"J01"	1940	4	-11.2828495889691
"J01"	1940	5	-2.0646409163051
"J01"	1940	6	2.28434118182595
"J01"	1940	7	7.37604611099132
"J01"	1940	8	5.43198334191544
"J01"	1940	9	2.09618420529165
"J01"	1940	10	-5.7762122976135
"J01"	1940	11	-12.0378373058868
"J01"	1940	12	-26.1855333969925
"J01"	1941	1	-29.1778682102021
"J01"	1941	2	-23.0799026274445
"J01"	1941	3	-21.2526747893625
"J01"	1941	4	-11.4100069980894
"J01"	1941	5	-3.0461051197727
"J01"	1941	6	1.86263528677489
"J01"	1941	7	6.77519872724103
"J01"	1941	8	4.02104059117794
"J01"	1941	9	0.491284297557519
"J01"	1941	10	-5.41743513656428
"J01"	1941	11	-12.9757352928336
"J01"	1941	12	-21.9539985589197
"J01"	1942	1	-31.3561489790761
"J01"	1942	2	-24.9722990067322
"J01"	1942	3	-17.4206470547575
"J01"	1942	4	-10.543348535485
"J01"	1942	5	-1.07985872899287
"J01"	1942	6	3.09434663510195
"J01"	1942	7	6.17625178320867
"J01"	1942	8	5.82936105889526
"J01"	1942	9	0.678589358433594
"J01"	1942	10	-3.72055039129163
"J01"	1942	11	-13.230726793589
"J01"	1942	12	-27.8575661833878
"J01"	1943	1	-28.8793797192208
"J01"	1943	2	-25.0385293495581
"J01"	1943	3	-23.8818500327785
"J01"	1943	4	-13.5617343765868
"J01"	1943	5	-4.80403352632366
"J01"	1943	6	1.85081931853343
"J01"	1943	7	6.77407638530934
"J01"	1943	8	5.83083206985558
"J01"	1943	9	1.34218502612474
"J01"	1943	10	-3.06399293609907
"J01"	1943	11	-13.3881054963525
"J01"	1943	12	-26.0067751777142
"J01"	1944	1	-24.1587286171636
"J01"	1944	2	-29.590194380773
"J01"	1944	3	-22.3905516151434
"J01"	1944	4	-12.3973190389498
"J01"	1944	5	-2.6429087551634
"J01"	1944	6	2.97279202036636
"J01"	1944	7	6.97472997242092
"J01"	1944	8	6.94146440013
"J01"	1944	9	3.51679997419337
"J01"	1944	10	-4.90042908178765
"J01"	1944	11	-10.8563139609053
"J01"	1944	12	-23.3512830361823
"J01"	1945	1	-28.3676251214753
"J01"	1945	2	-26.1815021375909
"J01"	1945	3	-18.5374127686316
"J01"	1945	4	-9.62345315006206
"J01"	1945	5	-2.63801050146384
"J01"	1945	6	2.8616867178077
"J01"	1945	7	6.97733909145545
"J01"	1945	8	5.84130630888082
"J01"	1945	9	1.22822447196306
"J01"	1945	10	-5.10937261196588
"J01"	1945	11	-13.102086475596
"J01"	1945	12	-23.4847502980272
"J01"	1946	1	-29.2274185114998
"J01"	1946	2	-30.2350841738031
"J01"	1946	3	-19.491644164204
"J01"	1946	4	-11.2576277416204
"J01"	1946	5	-3.31500731943585
"J01"	1946	6	1.73231266375003
"J01"	1946	7	4.88672653402515
"J01"	1946	8	5.44649787275176
"J01"	1946	9	2.35375795946061
"J01"	1946	10	-3.57759697615846
"J01"	1946	11	-14.4601127603124
"J01"	1946	12	-26.1181346937718
"J01"	1947	1	-29.679822550908
"J01"	1947	2	-21.0527292380989
"J01"	1947	3	-18.5981020886836
"J01"	1947	4	-16.9323418058421
"J01"	1947	5	-5.15571729882612
"J01"	1947	6	1.82883907700605
"J01"	1947	7	8.88188738827538
"J01"	1947	8	5.55733730137187
"J01"	1947	9	-0.376199279694932
"J01"	1947	10	-2.42360706034385
"J01"	1947	11	-11.6927922689676
"J01"	1947	12	-22.7434921454919
"J01"	1948	1	-29.7229299512462
"J01"	1948	2	-33.334616403657
"J01"	1948	3	-26.9623295427695
"J01"	1948	4	-13.2390482993488
"J01"	1948	5	-2.23187757693896
"J01"	1948	6	2.73538324703063
"J01"	1948	7	7.39105190070869
"J01"	1948	8	6.58133832977213
"J01"	1948	9	2.44820041398892
"J01"	1948	10	-3.49756386004285
"J01"	1948	11	-9.00313196803094
"J01"	1948	12	-20.7615622971241
"J01"	1949	1	-28.3320381952514
"J01"	1949	2	-30.8143509916136
"J01"	1949	3	-21.5397495432186
"J01"	1949	4	-9.01819130116811
"J01"	1949	5	-3.09689108668526
"J01"	1949	6	4.84956280667642
"J01"	1949	7	7.59815186013121
"J01"	1949	8	5.88596573600473
"J01"	1949	9	2.07852686733118
"J01"	1949	10	-3.79551569636591
"J01"	1949	11	-15.5280626283283
"J01"	1949	12	-22.1846954491341
"J01"	1950	1	-31.5437974879135
"J01"	1950	2	-31.0680107063739
"J01"	1950	3	-22.9112507363814
"J01"	1950	4	-10.5640179115756
"J01"	1950	5	-2.70181807792605
"J01"	1950	6	2.92246903999064
"J01"	1950	7	6.60552380028943
"J01"	1950	8	4.37429115666406
"J01"	1950	9	-0.28496424935297
"J01"	1950	10	-5.16456830832042
"J01"	1950	11	-11.4009658783319
"J01"	1950	12	-20.2902275982471
"J01"	1951	1	-27.685575954096
"J01"	1951	2	-25.8390488669921
"J01"	1951	3	-18.60025153701
"J01"	1951	4	-5.08996345781555
"J01"	1951	5	-1.92364609810923
"J01"	1951	6	3.01614065544679
"J01"	1951	7	6.01197508569264
"J01"	1951	8	5.09900779524423
"J01"	1951	9	0.956731545725544
"J01"	1951	10	-4.87643146835511
"J01"	1951	11	-15.3102479316987
"J01"	1951	12	-25.1215943142394
"J01"	1952	1	-30.5904590367843
"J01"	1952	2	-24.4201227339232
"J01"	1952	3	-15.9312152635405
"J01"	1952	4	-10.0966733296671
"J01"	1952	5	-0.958428374206854
"J01"	1952	6	3.81221467136017
"J01"	1952	7	8.72785374020843
"J01"	1952	8	6.74740144734308
"J01"	1952	9	1.15831064016275
"J01"	1952	10	-5.75689934518748
"J01"	1952	11	-13.4027698492624
"J01"	1952	12	-19.7989441250824
"J01"	1953	1	-28.0515672440252
"J01"	1953	2	-24.5459708828525
"J01"	1953	3	-18.638059643541
"J01"	1953	4	-5.82173535816778
"J01"	1953	5	-2.76885974756232
"J01"	1953	6	2.90357199817225
"J01"	1953	7	6.52877817623009
"J01"	1953	8	4.30422955097231
"J01"	1953	9	1.65823151754034
"J01"	1953	10	-5.36705701392861
"J01"	1953	11	-10.1495340545637
"J01"	1953	12	-22.3097582263118
"J01"	1954	1	-33.3194845837575
"J01"	1954	2	-22.9038731448104
"J01"	1954	3	-20.1022395079204
"J01"	1954	4	-14.3144278811416
"J01"	1954	5	-1.71173282174136
"J01"	1954	6	3.89760724809955
"J01"	1954	7	6.13433196597312
"J01"	1954	8	5.34134338467494
"J01"	1954	9	1.48082096681758
"J01"	1954	10	-3.90204619615011
"J01"	1954	11	-12.9394095935733
"J01"	1954	12	-22.4035438662527
"J01"	1955	1	-23.66799698179
"J01"	1955	2	-26.5416661674224
"J01"	1955	3	-21.5643846757225
"J01"	1955	4	-10.2319947702806
"J01"	1955	5	-1.79946954479668
"J01"	1955	6	4.38952369878489
"J01"	1955	7	6.84596237656016
"J01"	1955	8	6.27917277249428
"J01"	1955	9	0.500269284928093
"J01"	1955	10	-3.509113245034
"J01"	1955	11	-10.899985531662
"J01"	1955	12	-24.4007141654893
"J01"	1956	1	-19.2513232394397
"J01"	1956	2	-26.5455306095179
"J01"	1956	3	-24.8906290233948
"J01"	1956	4	-9.92883650421931
"J01"	1956	5	-6.41448360156088
"J01"	1956	6	1.79249637486433
"J01"	1956	7	5.34126104866521
"J01"	1956	8	4.02222095271998
"J01"	1956	9	-0.203061331714575
"J01"	1956	10	-3.40734003273517
"J01"	1956	11	-14.8218874681948
"J01"	1956	12	-27.8966964923521
"J01"	1957	1	-36.1415561907803
"J01"	1957	2	-25.817450017519
"J01"	1957	3	-16.4927388493667
"J01"	1957	4	-11.2601418436646
"J01"	1957	5	-4.7928406280874
"J01"	1957	6	2.18654701753184
"J01"	1957	7	6.4555365265874
"J01"	1957	8	4.02879126632126
"J01"	1957	9	1.34092145848901
"J01"	1957	10	-3.49856653830995
"J01"	1957	11	-11.4323723027537
"J01"	1957	12	-21.4571345116912
"J01"	1958	1	-22.7546005209534
"J01"	1958	2	-23.322111386139
"J01"	1958	3	-12.7581112381682
"J01"	1958	4	-9.31290290503608
"J01"	1958	5	-3.18427443554688
"J01"	1958	6	0.495833975678697
"J01"	1958	7	6.56127905454654
"J01"	1958	8	4.75822051210898
"J01"	1958	9	0.524559701656515
"J01"	1958	10	-5.62410561617084
"J01"	1958	11	-14.4234712706566
"J01"	1958	12	-29.050236364623
"J01"	1959	1	-25.6298610309813
"J01"	1959	2	-33.6714517190989
"J01"	1959	3	-24.4735223146043
"J01"	1959	4	-10.6377105352335
"J01"	1959	5	-1.96063519709666
"J01"	1959	6	2.76951611317875
"J01"	1959	7	8.78731702818651
"J01"	1959	8	6.21273926066918
"J01"	1959	9	2.88448616082134
"J01"	1959	10	-4.64215662757647
"J01"	1959	11	-15.144347168844
"J01"	1959	12	-23.0156062744278
"J01"	1960	1	-25.821724547073
"J01"	1960	2	-19.5691420607359
"J01"	1960	3	-21.9764515000892
"J01"	1960	4	-11.9582104217909
"J01"	1960	5	-0.186201989065088
"J01"	1960	6	4.24076762328031
"J01"	1960	7	6.06303109069117
"J01"	1960	8	5.59559932560146
"J01"	1960	9	1.63383731156718
"J01"	1960	10	-3.95313026076096
"J01"	1960	11	-12.0497196999812
"J01"	1960	12	-23.7882482847393
"J01"	1961	1	-31.4557640336921
"J01"	1961	2	-29.0735750640464
"J01"	1961	3	-21.6546897985406
"J01"	1961	4	-6.94330207003415
"J01"	1961	5	-2.97183852855267
"J01"	1961	6	2.26094519340807
"J01"	1961	7	6.57030157845156
"J01"	1961	8	6.22021303837274
"J01"	1961	9	2.89069139371696
"J01"	1961	10	-3.45917208150437
"J01"	1961	11	-9.67477527867277
"J01"	1961	12	-17.7681595137269
"J01"	1962	1	-31.9389347002963
"J01"	1962	2	-33.5991132483142
"J01"	1962	3	-14.7039195509254
"J01"	1962	4	-13.0548581669122
"J01"	1962	5	-3.15114044045429
"J01"	1962	6	2.54664782706976
"J01"	1962	7	5.66134578365409
"J01"	1962	8	6.11771744613859
"J01"	1962	9	1.36312679029495
"J01"	1962	10	-4.30766690696729
"J01"	1962	11	-14.1899079794545
"J01"	1962	12	-22.9262854135566
"J01"	1963	1	-28.2094939499296
"J01"	1963	2	-31.0921864760428
"J01"	1963	3	-24.0068700914913
"J01"	1963	4	-9.26965835491916
"J01"	1963	5	-4.3495967725263
"J01"	1963	6	2.43899929340004
"J01"	1963	7	8.3906251787249
"J01"	1963	8	4.66565347823123
"J01"	1963	9	-1.27743220516062
"J01"	1963	10	-3.43212107680243
"J01"	1963	11	-10.1671483216636
"J01"	1963	12	-27.4697292400571
"J01"	1964	1	-28.2746969481647
"J01"	1964	2	-25.1831991025603
"J01"	1964	3	-24.7131791466655
"J01"	1964	4	-11.1906311277602
"J01"	1964	5	-2.31180918766331
"J01"	1964	6	1.84564015996819
"J01"	1964	7	6.56965038076287
"J01"	1964	8	5.07845427378243
"J01"	1964	9	0.94999080068421
"J01"	1964	10	-5.88546731706724
"J01"	1964	11	-14.6639597366538
"J01"	1964	12	-24.3454830454225
"J01"	1965	1	-30.3806494493398
"J01"	1965	2	-28.7712996670741
"J01"	1965	3	-19.3217994701008
"J01"	1965	4	-11.2779779082799
"J01"	1965	5	-3.23649454925133
"J01"	1965	6	3.09401944278899
"J01"	1965	7	4.44549256535492
"J01"	1965	8	4.24645962961321
"J01"	1965	9	0.36426786583247
"J01"	1965	10	-6.04825992264399
"J01"	1965	11	-17.1981310091079
"J01"	1965	12	-23.908378354741
"J01"	1966	1	-21.445619810949
"J01"	1966	2	-24.3165734330965
"J01"	1966	3	-15.7967829128624
"J01"	1966	4	-8.82892777181192
"J01"	1966	5	-4.53493316315458
"J01"	1966	6	2.69397557870985
"J01"	1966	7	6.05874550213046
"J01"	1966	8	6.20840365240144
"J01"	1966	9	0.744767247170165
"J01"	1966	10	-3.85699040391626
"J01"	1966	11	-10.7284287022698
"J01"	1966	12	-21.3916967664166
"J01"	1967	1	-28.440068346376
"J01"	1967	2	-31.9147067835694
"J01"	1967	3	-26.617705195339
"J01"	1967	4	-14.5979900910309
"J01"	1967	5	-3.89403205487975
"J01"	1967	6	3.06306833828035
"J01"	1967	7	8.37555892804527
"J01"	1967	8	6.71767665873092
"J01"	1967	9	2.02952153586432
"J01"	1967	10	-3.6517714425343
"J01"	1967	11	-12.0316140586247
"J01"	1967	12	-22.3429378904247
"J01"	1968	1	-31.1309861594508
"J01"	1968	2	-27.1569067757522
"J01"	1968	3	-22.371717295544
"J01"	1968	4	-8.91347509189634
"J01"	1968	5	-3.62586333853467
"J01"	1968	6	1.80911390011396
"J01"	1968	7	6.04993305520109
"J01"	1968	8	2.88962836351619
"J01"	1968	9	5.70041970507002
"J01"	1968	10	-1.21150987535122
"J01"	1968	11	-14.1409400816579
"J01"	1968	12	-20.0335724975071
"J01"	1969	1	-20.4061573566921
"J01"	1969	2	-22.0988852139523
"J01"	1969	3	-18.1325828683447
"J01"	1969	4	-16.5005954769727
"J01"	1969	5	-4.29259611276239
"J01"	1969	6	2.27295355229897
"J01"	1969	7	6.14562371757971
"J01"	1969	8	6.07884209267392
"J01"	1969	9	-1.18994941523455
"J01"	1969	10	-6.02887007920093
"J01"	1969	11	-8.8295944576966
"J01"	1969	12	-19.6041762638268
"J01"	1970	1	-29.3775506685562
"J01"	1970	2	-29.1685234960028
"J01"	1970	3	-19.4596158561849
"J01"	1970	4	-12.5491964932332
"J01"	1970	5	-4.21884182676088
"J01"	1970	6	2.5433831412051
"J01"	1970	7	7.54960827347169
"J01"	1970	8	7.50762796218733
"J01"	1970	9	0.404222515675276
"J01"	1970	10	-2.76964693991744
"J01"	1970	11	-12.654251613736
"J01"	1970	12	-27.1431508121874
"J01"	1971	1	-27.9980072860466
"J01"	1971	2	-27.7101718361325
"J01"	1971	3	-19.0366690993458
"J01"	1971	4	-8.90629144017952
"J01"	1971	5	-1.50829509050135
"J01"	1971	6	2.24895312803522
"J01"	1971	7	6.73869875863827
"J01"	1971	8	5.23485131016396
"J01"	1971	9	2.87785037543549
"J01"	1971	10	-2.75734221004798
"J01"	1971	11	-14.5399209843264
"J01"	1971	12	-26.9033166320694
"J01"	1972	1	-31.6667967623584
"J01"	1972	2	-31.8959852704235
"J01"	1972	3	-24.6834310947463
"J01"	1972	4	-12.2504623812691
"J01"	1972	5	-5.02741220169425
"J01"	1972	6	2.7039458124866
"J01"	1972	7	6.83404420167996
"J01"	1972	8	4.40458077060496
"J01"	1972	9	0.417088677994502
"J01"	1972	10	-7.41418101576554
"J01"	1972	11	-16.3147256527528
"J01"	1972	12	-30.394196911359
"J01"	1973	1	-27.9745403686082
"J01"	1973	2	-29.3133756211156
"J01"	1973	3	-18.1961413081455
"J01"	1973	4	-9.21920413111395
"J01"	1973	5	-1.33712575868909
"J01"	1973	6	4.8262401379884
"J01"	1973	7	9.44087487429332
"J01"	1973	8	7.76791337298197
"J01"	1973	9	0.281207816743002
"J01"	1973	10	-4.10401355025199
"J01"	1973	11	-13.4599919959397
"J01"	1973	12	-19.4866991617751
"J01"	1974	1	-34.3415522548824
"J01"	1974	2	-28.7839825846772
"J01"	1974	3	-25.5892221089408
"J01"	1974	4	-13.1828776209644
"J01"	1974	5	-4.04094611732576
"J01"	1974	6	4.06724753799351
"J01"	1974	7	7.12724353445638
"J01"	1974	8	5.40484425937846
"J01"	1974	9	-0.849981544554496
"J01"	1974	10	-7.72840980860142
"J01"	1974	11	-12.4238124849636
"J01"	1974	12	-20.2487331799335
"J01"	1975	1	-31.1655643825634
"J01"	1975	2	-28.3584106795198
"J01"	1975	3	-21.2678359570802
"J01"	1975	4	-12.1840939128285
"J01"	1975	5	-2.6178837017616
"J01"	1975	6	4.60608128116925
"J01"	1975	7	9.43268938517455
"J01"	1975	8	6.10427624717842
"J01"	1975	9	2.98472662287499
"J01"	1975	10	-3.9004048692946
"J01"	1975	11	-12.8925600875133
"J01"	1975	12	-27.0735000472136
"J01"	1976	1	-30.0059277164624
"J01"	1976	2	-28.5473690214333
"J01"	1976	3	-24.8601080535532
"J01"	1976	4	-10.4741334238705
"J01"	1976	5	-2.3456055938644
"J01"	1976	6	4.22584308870207
"J01"	1976	7	7.52442735578896
"J01"	1976	8	5.37882333809146
"J01"	1976	9	0.141953724994905
"J01"	1976	10	-5.70508291394892
"J01"	1976	11	-13.4595068433674
"J01"	1976	12	-28.0344944100132
"J01"	1977	1	-27.0567993448449
"J01"	1977	2	-24.9517488872818
"J01"	1977	3	-14.688885587136
"J01"	1977	4	-13.4473074432552
"J01"	1977	5	-2.95575600934197
"J01"	1977	6	3.66665818541094
"J01"	1977	7	5.9184675504626
"J01"	1977	8	5.16242543630272
"J01"	1977	9	-0.564368776011407
"J01"	1977	10	-3.70942881403172
"J01"	1977	11	-10.0461476427671
"J01"	1977	12	-23.3385127827607
"J01"	1978	1	-28.6060558770849
"J01"	1978	2	-22.4832381332243
"J01"	1978	3	-25.370645059706
"J01"	1978	4	-11.4329347144148
"J01"	1978	5	-1.58915417708545
"J01"	1978	6	2.6538817103086
"J01"	1978	7	6.5197576783231
"J01"	1978	8	5.14827175005534
"J01"	1978	9	-2.09298657806123
"J01"	1978	10	-5.97029329845482
"J01"	1978	11	-16.2760851456555
"J01"	1978	12	-24.4118070810357
"J01"	1979	1	-23.8837588947957
"J01"	1979	2	-27.4713287464738
"J01"	1979	3	-17.1530636787104
"J01"	1979	4	-8.08203344341089
"J01"	1979	5	-0.500568023513424
"J01"	1979	6	4.29553845914332
"J01"	1979	7	7.32145303057125
"J01"	1979	8	5.43529750847593
"J01"	1979	9	0.137310343785089
"J01"	1979	10	-3.80156956693725
"J01"	1979	11	-11.1910645961811
"J01"	1979	12	-19.924883971558
"J01"	1980	1	-25.8361025508551
"J01"	1980	2	-27.7556285031706
"J01"	1980	3	-19.9257588347502
"J01"	1980	4	-9.7414284269128
"J01"	1980	5	-2.2196608977576
"J01"	1980	6	1.8259556181207
"J01"	1980	7	6.71866853331501
"J01"	1980	8	7.2248596037875
"J01"	1980	9	-0.538063954682168
"J01"	1980	10	-5.52888235049092
"J01"	1980	11	-13.5415311945897
"J01"	1980	12	-28.7303775746457
"J01"	1981	1	-27.6868652978499
"J01"	1981	2	-18.1475976650898
"J01"	1981	3	-14.6867870180246
"J01"	1981	4	-11.9233842483016
"J01"	1981	5	-3.3549269753386
"J01"	1981	6	2.37140877991717
"J01"	1981	7	6.51649458094559
"J01"	1981	8	5.90123047294764
"J01"	1981	9	3.28167193219349
"J01"	1981	10	-4.45070739820217
"J01"	1981	11	-10.4588923424202
"J01"	1981	12	-17.8000690071603
"J01"	1982	1	-30.7264671201422
"J01"	1982	2	-30.2507234547472
"J01"	1982	3	-23.1067163760667
"J01"	1982	4	-14.6318694393355
"J01"	1982	5	-2.25349930936723
"J01"	1982	6	3.09781499790069
"J01"	1982	7	6.51397246185787
"J01"	1982	8	3.78774329263032
"J01"	1982	9	0.766137711833701
"J01"	1982	10	-3.73480068223543
"J01"	1982	11	-12.6099527021069
"J01"	1982	12	-24.3801048501857
"J01"	1983	1	-26.9326671331544
"J01"	1983	2	-27.370743393614
"J01"	1983	3	-18.072888907664
"J01"	1983	4	-7.23088990688855
"J01"	1983	5	-3.09605575542954
"J01"	1983	6	3.6399688415152
"J01"	1983	7	6.10967007347746
"J01"	1983	8	5.6607698314351
"J01"	1983	9	3.3449284999823
"J01"	1983	10	-4.02259079403787
"J01"	1983	11	-12.8886982876756
"J01"	1983	12	-25.7879048890331
"J01"	1984	1	-32.5502832715013
"J01"	1984	2	-21.9547586321415
"J01"	1984	3	-22.0756299795127
"J01"	1984	4	-10.8730752414127
"J01"	1984	5	-3.01550447729273
"J01"	1984	6	2.36229132998313
"J01"	1984	7	7.90644161270029
"J01"	1984	8	6.23214184609288
"J01"	1984	9	0.719651699832784
"J01"	1984	10	-4.40741795094203
"J01"	1984	11	-11.8929787277281
"J01"	1984	12	-24.2621217460522
"J01"	1985	1	-27.7851785273721
"J01"	1985	2	-25.1804966046476
"J01"	1985	3	-21.6633853592999
"J01"	1985	4	-14.3245853661314
"J01"	1985	5	-5.55354256541651
"J01"	1985	6	2.44817969650291
"J01"	1985	7	6.79876408141751
"J01"	1985	8	5.71359650621598
"J01"	1985	9	2.43421939907236
"J01"	1985	10	-4.2453936460099
"J01"	1985	11	-14.2428937956091
"J01"	1985	12	-26.3810232570598
"J01"	1986	1	-28.0723800816664
"J01"	1986	2	-27.3860952454901
"J01"	1986	3	-23.9213478223853
"J01"	1986	4	-7.49081868545696
"J01"	1986	5	-2.42907425704487
"J01"	1986	6	0.542611103767645
"J01"	1986	7	5.49209663245417
"J01"	1986	8	5.19783573259742
"J01"	1986	9	-0.894828841704086
"J01"	1986	10	-6.21998362455909
"J01"	1986	11	-17.7753436630412
"J01"	1986	12	-23.4863848944994
"J01"	1987	1	-27.5760075590166
"J01"	1987	2	-25.5364185614148
"J01"	1987	3	-17.1455757365985
"J01"	1987	4	-6.9854494596945
"J01"	1987	5	-3.40697070888597
"J01"	1987	6	2.52375964941981
"J01"	1987	7	7.57736395818643
"J01"	1987	8	4.58754468971511
"J01"	1987	9	2.0480710479916
"J01"	1987	10	-3.92522519696073
"J01"	1987	11	-13.2613621185917
"J01"	1987	12	-23.3556020703726
"J01"	1988	1	-26.9883107305679
"J01"	1988	2	-30.1739796649987
"J01"	1988	3	-20.1240985730221
"J01"	1988	4	-8.67032673238299
"J01"	1988	5	-1.61027332169436
"J01"	1988	6	1.61583609477814
"J01"	1988	7	7.36433783955181
"J01"	1988	8	5.24416921431715
"J01"	1988	9	0.830200448069457
"J01"	1988	10	-5.36705098457906
"J01"	1988	11	-11.2069705961408
"J01"	1988	12	-26.4093614340871
"J01"	1989	1	-29.5732317968452
"J01"	1989	2	-30.7635410378206
"J01"	1989	3	-24.8498026256934
"J01"	1989	4	-9.94115716780673
"J01"	1989	5	-0.757842271454284
"J01"	1989	6	3.66293554060415
"J01"	1989	7	5.36232323896393
"J01"	1989	8	5.98881790311096
"J01"	1989	9	1.59727715958372
"J01"	1989	10	-4.65205969814875
"J01"	1989	11	-15.7489908745649
"J01"	1989	12	-27.3011632896215
"J01"	1990	1	-28.1125443078403
"J01"	1990	2	-31.4615902094238
"J01"	1990	3	-22.5945672039855
"J01"	1990	4	-11.633880526981
"J01"	1990	5	-4.69595241251258
"J01"	1990	6	2.66557490034822
"J01"	1990	7	6.83463987468477
"J01"	1990	8	6.62727576304413
"J01"	1990	9	0.287944102658133
"J01"	1990	10	-4.50267439030976
"J01"	1990	11	-12.9176484532116
"J01"	1990	12	-25.3079776814688
"J01"	1991	1	-34.4877870801528
"J01"	1991	2	-27.9198515577803
"J01"	1991	3	-18.2851292511557
"J01"	1991	4	-11.8609428190223
"J01"	1991	5	-3.30596682008091
"J01"	1991	6	2.56099292034702
"J01"	1991	7	6.61753593681211
"J01"	1991	8	5.82401526864749
"J01"	1991	9	0.368986976552164
"J01"	1991	10	-4.1599618250678
"J01"	1991	11	-12.7501604132177
"J01"	1991	12	-27.8267961463207
"J01"	1992	1	-28.6844890484749
"J01"	1992	2	-30.4571386037156
"J01"	1992	3	-22.5026671282089
"J01"	1992	4	-13.1388412293082
"J01"	1992	5	-4.11605215345666
"J01"	1992	6	2.36834876317469
"J01"	1992	7	4.2334338638646
"J01"	1992	8	5.02849348184706
"J01"	1992	9	1.41830046137117
"J01"	1992	10	-4.88825266255835
"J01"	1992	11	-15.6615484895657
"J01"	1992	12	-24.1185423261586
"J01"	1993	1	-30.6283685860757
"J01"	1993	2	-33.5127244432218
"J01"	1993	3	-22.8173097432364
"J01"	1993	4	-10.2094670449436
"J01"	1993	5	-1.34822784633859
"J01"	1993	6	2.6993929266056
"J01"	1993	7	7.16148247470458
"J01"	1993	8	6.40904212969539
"J01"	1993	9	0
"J01"	1993	10	-6.8218413493541
"J01"	1993	11	-16.2127986319343
"J01"	1993	12	-22.5099820845322
"J01"	1994	1	-33.5882053430564
"J01"	1994	2	-30.0979984021434
"J01"	1994	3	-19.7394691908667
"J01"	1994	4	-14.4383539321772
"J01"	1994	5	-4.99517589853288
"J01"	1994	6	3.45593455792986
"J01"	1994	7	7.23167487463197
"J01"	1994	8	4.21176207097848
"J01"	1994	9	1.39224096207946
"J01"	1994	10	-2.50122048823882
"J01"	1994	11	-11.2843743773
"J01"	1994	12	-22.6213024807261
"J01"	1995	1	-27.5806631211158
"J01"	1995	2	-30.8449850476333
"J01"	1995	3	-20.7728898671246
"J01"	1995	4	-10.8688267193375
"J01"	1995	5	-3.32849683184252
"J01"	1995	6	2.82766572072791
"J01"	1995	7	7.88334168312038
"J01"	1995	8	5.57448303469984
"J01"	1995	9	0.157552701725509
"J01"	1995	10	-2.12740280699436
"J01"	1995	11	-14.8460660888321
"J01"	1995	12	-24.0671240176851
"J01"	1996	1	-30.1678496378382
"J01"	1996	2	-25.5051845200529
"J01"	1996	3	-20.2627995028385
"J01"	1996	4	-9.08583846965626
"J01"	1996	5	-5.10851245069435
"J01"	1996	6	3.22801676865754
"J01"	1996	7	7.07413753977971
"J01"	1996	8	5.62364068496178
"J01"	1996	9	0.530858152745563
"J01"	1996	10	-5.43959534063007
"J01"	1996	11	-12.8030565257765
"J01"	1996	12	-19.3522962494509
"J01"	1997	1	-27.3501731380369
"J01"	1997	2	-29.518157668653
"J01"	1997	3	-25.1000849689616
"J01"	1997	4	-12.6920156740803
"J01"	1997	5	-3.99520553144051
"J01"	1997	6	2.02045928635791
"J01"	1997	7	6.46350446528041
"J01"	1997	8	4.38929922705021
"J01"	1997	9	1.60789945427556
"J01"	1997	10	-4.47367324256497
"J01"	1997	11	-13.9876013620723
"J01"	1997	12	-22.6590775638248
"J01"	1998	1	-25.5294913025774
"J01"	1998	2	-21.8229515086022
"J01"	1998	3	-19.236690749842
"J01"	1998	4	-8.5757484492516
"J01"	1998	5	-0.237953655620682
"J01"	1998	6	4.25364711056724
"J01"	1998	7	7.10547634467493
"J01"	1998	8	5.07739648900044
"J01"	1998	9	2.18647369126799
"J01"	1998	10	-4.00986413510217
"J01"	1998	11	-13.049847013405
"J01"	1998	12	-24.2307872025453
"J01"	1999	1	-29.0695888810176
"J01"	1999	2	-24.4206215798578
"J01"	1999	3	-14.6053415612879
"J01"	1999	4	-8.37138550927946
"J01"	1999	5	-0.120501501227836
"J01"	1999	6	4.21309454211607
"J01"	1999	7	7.1668173989006
"J01"	1999	8	5.39194294811302
"J01"	1999	9	3.204067225378
"J01"	1999	10	-5.99693157467352
"J01"	1999	11	-12.3102169368477
"J01"	1999	12	-21.5312897124819
"J01"	2000	1	-27.9654210615928
"J01"	2000	2	-27.1331508507863
"J01"	2000	3	-16.0397217401261
"J01"	2000	4	-12.6195741869948
"J01"	2000	5	-3.78435259661457
"J01"	2000	6	1.30882325368978
"J01"	2000	7	6.46578968027308
"J01"	2000	8	6.32192146220447
"J01"	2000	9	0.659967352004112
"J01"	2000	10	-5.54563703009545
"J01"	2000	11	-10.8417839622278
"J01"	2000	12	-23.52923401485
"J01"	2001	1	-28.1849617515427
"J01"	2001	2	-28.5247864942765
"J01"	2001	3	-17.8805279881999
"J01"	2001	4	-12.5215681150501
"J01"	2001	5	0
"J01"	2001	6	3.40108989899047
"J01"	2001	7	6.8115193508876
"J01"	2001	8	6.17383807116382
"J01"	2001	9	1.34373242517398
"J01"	2001	10	-3.20370045258496
"J01"	2001	11	-11.4354305523986
"J01"	2001	12	-18.5774496812314
"J01"	2002	1	-29.2316346089854
"J01"	2002	2	-27.6613173183247
"J01"	2002	3	-23.8229306634729
"J01"	2002	4	-12.2097692929893
"J01"	2002	5	-5.64316063036552
"J01"	2002	6	1.2822586606307
"J01"	2002	7	6.8705796500215
"J01"	2002	8	5.58961010744334
"J01"	2002	9	1.42889975575995
"J01"	2002	10	-6.28817126825834
"J01"	2002	11	-15.9134329797745
"J01"	2002	12	-23.4385086493117
"J01"	2003	1	-27.5100827282204
"J01"	2003	2	-30.1954343190151
"J01"	2003	3	-23.6987280343961
"J01"	2003	4	-14.4454198908322
"J01"	2003	5	-3.6883479523021
"J01"	2003	6	3.01307200931415
"J01"	2003	7	7.02199645249927
"J01"	2003	8	5.44712380074602
"J01"	2003	9	2.2347123522209
"J01"	2003	10	-3.88228859685517
"J01"	2003	11	-12.1278873792069
"J01"	2003	12	-21.7362420164384
"J01"	2004	1	-28.7780950244819
"J01"	2004	2	-26.2336768836529
"J01"	2004	3	-21.3166499036433
"J01"	2004	4	-12.0056737676077
"J01"	2004	5	-5.42058999718625
"J01"	2004	6	1.72553389484252
"J01"	2004	7	6.98503525982829
"J01"	2004	8	5.56221671809985
"J01"	2004	9	0.293929618830933
"J01"	2004	10	-4.06544268287077
"J01"	2004	11	-14.3444241936188
"J01"	2004	12	-27.5081404491397
"J01"	2005	1	-33.0778773243689
"J01"	2005	2	-25.4622125324303
"J01"	2005	3	-20.2675020742311
"J01"	2005	4	-8.28758244965532
"J01"	2005	5	-1.9656273047307
"J01"	2005	6	3.1804681893497
"J01"	2005	7	6.57750505135986
"J01"	2005	8	5.33418590758973
"J01"	2005	9	1.60365737053301
"J01"	2005	10	-2.36388774249876
"J01"	2005	11	-12.9562601628047
"J01"	2005	12	-23.6531283973889
"J01"	2006	1	-25.4013929901074
"J01"	2006	2	-27.9009342091534
"J01"	2006	3	-15.1290237715422
"J01"	2006	4	-8.17949216738755
"J01"	2006	5	-0.798738892798832
"J01"	2006	6	3.91249001190356
"J01"	2006	7	7.18767236401761
"J01"	2006	8	3.85271261357643
"J01"	2006	9	0.726012205864352
"J01"	2006	10	-4.45098327406576
"J01"	2006	11	-10.4683606090951
"J01"	2006	12	-21.0573859451553
"J01"	2007	1	-26.684498101794
"J01"	2007	2	-27.4368462860201
"J01"	2007	3	-22.557496737881
"J01"	2007	4	-11.1476424081667
"J01"	2007	5	-5.00635596493572
"J01"	2007	6	3.11060726966727
"J01"	2007	7	6.59965080154862
"J01"	2007	8	4.30713349136568
"J01"	2007	9	0.599442575989655
"J01"	2007	10	-3.42894203466361
"J01"	2007	11	-15.9915354284993
"J01"	2007	12	-27.5470829036496
"J01"	2008	1	-27.4532980631858
"J01"	2008	2	-27.9045808037578
"J01"	2008	3	-24.5589368609879
"J01"	2008	4	-7.84925779307107
"J01"	2008	5	-2.06402517545359
"J01"	2008	6	3.60164315336707
"J01"	2008	7	7.7502152572821
"J01"	2008	8	6.14238250979527
"J01"	2008	9	1.06415454045508
"J01"	2008	10	-4.11481591039716
"J01"	2008	11	-11.9538741871392
"J01"	2008	12	-27.4465198379313
"J01"	2009	1	-30.6710329004426
"J01"	2009	2	-24.197667777782
"J01"	2009	3	-22.0748178841229
"J01"	2009	4	-9.42818919281946
"J01"	2009	5	-5.46046523521598
"J01"	2009	6	3.04277506238311
"J01"	2009	7	7.16551269343458
"J01"	2009	8	5.26286044169873
"J01"	2009	9	0.779707768142599
"J01"	2009	10	-6.85734397508233
"J01"	2009	11	-9.84032690914482
"J01"	2009	12	-21.5461376388736
"J01"	2010	1	-22.5075715302894
"J01"	2010	2	-16.0869363563966
"J01"	2010	3	-17.2615841972489
"J01"	2010	4	-6.34560905949802
"J01"	2010	5	-1.28287403921933
"J01"	2010	6	2.05540431514486
"J01"	2010	7	7.85030555870879
"J01"	2010	8	5.92298729656945
"J01"	2010	9	1.42265945850451
"J01"	2010	10	-3.62195278063884
"J01"	2010	11	-11.9276757906758
"J01"	2010	12	-15.7043549837761
"J01"	2011	1	-24.5524902427845
"J01"	2011	2	-28.0331620502551
"J01"	2011	3	-20.2675546601491
"J01"	2011	4	-13.4050022384426
"J01"	2011	5	-3.62967791515285
"J01"	2011	6	2.75930253834565
"J01"	2011	7	6.10441653180224
"J01"	2011	8	6.01333602680833
"J01"	2011	9	1.19259313473007
"J01"	2011	10	-3.03124577720013
"J01"	2011	11	-11.5764139924417
"J01"	2011	12	-25.2500573447667
"J01"	2012	1	-29.2039264495563
"J01"	2012	2	-25.6576029399451
"J01"	2012	3	-18.6069500308285
"J01"	2012	4	-9.68897980199059
"J01"	2012	5	-1.92332178082673
"J01"	2012	6	4.02262612444234
"J01"	2012	7	6.78785199417943
"J01"	2012	8	6.49210923979721
"J01"	2012	9	1.5073328284788
"J01"	2012	10	-3.49183965845556
"J01"	2012	11	-12.238857145213
"J01"	2012	12	-21.807586308004
"J01"	2013	1	-29.6782745514994
"J01"	2013	2	-25.1602968722616
"J01"	2013	3	-13.6215804106225
"J01"	2013	4	-11.1361256972565
"J01"	2013	5	-2.56398097414202
"J01"	2013	6	1.7055889241972
"J01"	2013	7	6.30919412325443
"J01"	2013	8	4.79438925386096
"J01"	2013	9	0.90444383405605
"J01"	2013	10	-4.1065467605435
"J01"	2013	11	-14.1691351311713
"J01"	2013	12	-30.227889057546
"J01"	2014	1	-29.6130864989821
"J01"	2014	2	-28.2273192940543
"J01"	2014	3	-25.7709751966457
"J01"	2014	4	-11.4216873713142
"J01"	2014	5	-2.7686348807668
"J01"	2014	6	3.51565421634503
"J01"	2014	7	7.9573397174733
"J01"	2014	8	6.11649245932135
"J01"	2014	9	0.512852058999494
"J01"	2014	10	-3.62836090109148
"J01"	2014	11	-16.8234437497282
"J01"	2014	12	-23.9866449107383
"J01"	2015	1	-32.9399474113733
"J01"	2015	2	-35.6047387082256
"J01"	2015	3	-23.3000922203641
"J01"	2015	4	-12.4362581052629
"J01"	2015	5	-2.82464848897872
"J01"	2015	6	2.15678589448103
"J01"	2015	7	6.33406115814179
"J01"	2015	8	6.57734129188447
"J01"	2015	9	1.73593001257004
"J01"	2015	10	-7.68507066584486
"J01"	2015	11	-13.2479952670623
"J01"	2015	12	-19.7121161891577
"J01"	2016	1	-25.1912555981815
"J01"	2016	2	-29.0136554710289
"J01"	2016	3	-22.9445374113102
"J01"	2016	4	-14.1744684916015
"J01"	2016	5	-3.04313468421809
"J01"	2016	6	3.5112615048453
"J01"	2016	7	6.82779749246526
"J01"	2016	8	5.38314989987176
"J01"	2016	9	0.940368056888625
"J01"	2016	10	-4.21052468799644
"J01"	2016	11	-11.1350278396898
"J01"	2016	12	-27.8843698513708
