"J02"	1901	1	-28.0315150886364
"J02"	1901	2	-23.3995270504025
"J02"	1901	3	-21.1418299549972
"J02"	1901	4	-8.16352059492841
"J02"	1901	5	-1.51713567708162
"J02"	1901	6	3.99726579629074
"J02"	1901	7	6.55914692980811
"J02"	1901	8	5.79410784044732
"J02"	1901	9	0.962649409944676
"J02"	1901	10	-4.55837848237162
"J02"	1901	11	-12.6862751336379
"J02"	1901	12	-21.6340942016322
"J02"	1902	1	-27.6199249624379
"J02"	1902	2	-23.2264122374222
"J02"	1902	3	-14.8155719575753
"J02"	1902	4	-8.96262653798739
"J02"	1902	5	-3.66564160006254
"J02"	1902	6	2.05138706162678
"J02"	1902	7	6.32484835828803
"J02"	1902	8	5.75626071613826
"J02"	1902	9	3.1697929763264
"J02"	1902	10	-4.9218812569421
"J02"	1902	11	-12.2649672393638
"J02"	1902	12	-24.9009205467774
"J02"	1903	1	-26.1083293510529
"J02"	1903	2	-25.6537622610015
"J02"	1903	3	-15.9892607217476
"J02"	1903	4	-10.46199166234
"J02"	1903	5	-3.21421599054113
"J02"	1903	6	4.10547538420529
"J02"	1903	7	6.99067705153181
"J02"	1903	8	5.51846101684438
"J02"	1903	9	1.97700192442439
"J02"	1903	10	-3.28527554527446
"J02"	1903	11	-12.6436216981319
"J02"	1903	12	-25.5678858736153
"J02"	1904	1	-30.296784503283
"J02"	1904	2	-30.3823402027197
"J02"	1904	3	-20.9633248744615
"J02"	1904	4	-9.96196158484521
"J02"	1904	5	-1.46280071553385
"J02"	1904	6	3.6596002689614
"J02"	1904	7	7.55685795842075
"J02"	1904	8	6.88079805983277
"J02"	1904	9	-0.115777346348598
"J02"	1904	10	-4.64837694908122
"J02"	1904	11	-13.4222025727031
"J02"	1904	12	-26.1349344524883
"J02"	1905	1	-32.4854519278007
"J02"	1905	2	-27.7129873877893
"J02"	1905	3	-22.8385821936101
"J02"	1905	4	-9.26288147029628
"J02"	1905	5	-2.61125520727298
"J02"	1905	6	3.41380664824237
"J02"	1905	7	7.42367118897572
"J02"	1905	8	5.04340223937622
"J02"	1905	9	2.49139157738213
"J02"	1905	10	-4.01100730452445
"J02"	1905	11	-12.8006315327499
"J02"	1905	12	-21.7017147363562
"J02"	1906	1	-25.3742490254324
"J02"	1906	2	-25.8462491356036
"J02"	1906	3	-21.915779716887
"J02"	1906	4	-10.765120079743
"J02"	1906	5	-3.35948290724501
"J02"	1906	6	3.06811438485609
"J02"	1906	7	6.99139594670489
"J02"	1906	8	6.00637739854568
"J02"	1906	9	1.3985745570128
"J02"	1906	10	-3.47293097687599
"J02"	1906	11	-11.5787303031917
"J02"	1906	12	-26.2676093864435
"J02"	1907	1	-28.6627321998335
"J02"	1907	2	-27.1825314073897
"J02"	1907	3	-21.395362198994
"J02"	1907	4	-10.8691057299121
"J02"	1907	5	-3.60735929911579
"J02"	1907	6	3.72255384325686
"J02"	1907	7	7.96031852258994
"J02"	1907	8	6.56990153077363
"J02"	1907	9	1.80582172877944
"J02"	1907	10	-4.33388942377275
"J02"	1907	11	-11.7562793823151
"J02"	1907	12	-20.0319878129949
"J02"	1908	1	-28.5505571987657
"J02"	1908	2	-27.0222771852518
"J02"	1908	3	-21.9775189395524
"J02"	1908	4	-13.4752177831061
"J02"	1908	5	-1.85464393507393
"J02"	1908	6	3.877185413916
"J02"	1908	7	8.83075020082143
"J02"	1908	8	6.33417510836945
"J02"	1908	9	3.61319469916872
"J02"	1908	10	-1.89363985251913
"J02"	1908	11	-11.7331249036754
"J02"	1908	12	-25.8940539538073
"J02"	1909	1	-27.3373602478713
"J02"	1909	2	-27.9658999666953
"J02"	1909	3	-18.4622323336261
"J02"	1909	4	-10.9836959667055
"J02"	1909	5	-2.40098069603115
"J02"	1909	6	3.13205087498368
"J02"	1909	7	8.20294079628452
"J02"	1909	8	6.89936132735829
"J02"	1909	9	2.92071957320718
"J02"	1909	10	-1.4519458899035
"J02"	1909	11	-10.9091893562937
"J02"	1909	12	-18.3531371891476
"J02"	1910	1	-23.1227254489742
"J02"	1910	2	-28.1137509163584
"J02"	1910	3	-18.9493120867022
"J02"	1910	4	-7.49447928918387
"J02"	1910	5	-1.4460223920254
"J02"	1910	6	3.88716281295792
"J02"	1910	7	7.77700203330471
"J02"	1910	8	6.96558238339455
"J02"	1910	9	1.42824777044384
"J02"	1910	10	-3.40876481875068
"J02"	1910	11	-8.6844863965366
"J02"	1910	12	-24.108498491155
"J02"	1911	1	-31.1063687669338
"J02"	1911	2	-29.3660434624123
"J02"	1911	3	-22.338655611795
"J02"	1911	4	-10.3074234906722
"J02"	1911	5	-0.689441231223671
"J02"	1911	6	4.74254612766204
"J02"	1911	7	9.2529489694521
"J02"	1911	8	7.53287755700759
"J02"	1911	9	1.03550523054992
"J02"	1911	10	-3.96429267885462
"J02"	1911	11	-14.3592319585908
"J02"	1911	12	-18.9597021464836
"J02"	1912	1	-29.6883402254854
"J02"	1912	2	-22.8227974302701
"J02"	1912	3	-22.5302115035301
"J02"	1912	4	-13.5225743384355
"J02"	1912	5	-2.53100959484605
"J02"	1912	6	2.69817528363315
"J02"	1912	7	6.93071714470013
"J02"	1912	8	5.30117520617554
"J02"	1912	9	1.54223381892324
"J02"	1912	10	-3.11880510316368
"J02"	1912	11	-12.7339253886433
"J02"	1912	12	-24.7064086771944
"J02"	1913	1	-26.6684967375477
"J02"	1913	2	-31.4838668267184
"J02"	1913	3	-19.3236942055229
"J02"	1913	4	-9.53994760039774
"J02"	1913	5	-2.47064292350692
"J02"	1913	6	1.65393157290569
"J02"	1913	7	7.0100993333293
"J02"	1913	8	5.87029068787611
"J02"	1913	9	1.64824257094431
"J02"	1913	10	-0.57259050552166
"J02"	1913	11	-9.40897165455351
"J02"	1913	12	-19.4485570942871
"J02"	1914	1	-28.2465163019804
"J02"	1914	2	-30.1492657318428
"J02"	1914	3	-15.6185649885556
"J02"	1914	4	-12.859294723787
"J02"	1914	5	-1.60826844895381
"J02"	1914	6	2.3097708018028
"J02"	1914	7	6.69090054858622
"J02"	1914	8	5.44008250120062
"J02"	1914	9	2.65337281350327
"J02"	1914	10	-4.42605776453679
"J02"	1914	11	-14.4847645531347
"J02"	1914	12	-23.7861127529442
"J02"	1915	1	-24.7221369040085
"J02"	1915	2	-21.9186318189399
"J02"	1915	3	-17.6143594463506
"J02"	1915	4	-8.28029115952711
"J02"	1915	5	-2.24381040778674
"J02"	1915	6	3.16583484049065
"J02"	1915	7	6.4729846206937
"J02"	1915	8	6.01046001290796
"J02"	1915	9	2.25745936384199
"J02"	1915	10	-3.57988006990147
"J02"	1915	11	-10.5618841204397
"J02"	1915	12	-17.3192867663533
"J02"	1916	1	-25.7951611681017
"J02"	1916	2	-25.9913247250336
"J02"	1916	3	-25.1110088100202
"J02"	1916	4	-8.60244184420378
"J02"	1916	5	-1.27724765156225
"J02"	1916	6	5.02240281467353
"J02"	1916	7	8.95630256431506
"J02"	1916	8	6.58139510922862
"J02"	1916	9	2.26025575673938
"J02"	1916	10	-4.63475397569969
"J02"	1916	11	-13.740834963378
"J02"	1916	12	-21.8484232527987
"J02"	1917	1	-29.5656857798712
"J02"	1917	2	-28.0670310382713
"J02"	1917	3	-19.2086039475657
"J02"	1917	4	-7.72537532168417
"J02"	1917	5	-2.3085993514985
"J02"	1917	6	4.87977211693444
"J02"	1917	7	8.94086667384442
"J02"	1917	8	7.85287364692212
"J02"	1917	9	0.461445783822152
"J02"	1917	10	-3.7913688622534
"J02"	1917	11	-14.4221953152021
"J02"	1917	12	-27.3743400792548
"J02"	1918	1	-24.6340105259915
"J02"	1918	2	-29.6455611450049
"J02"	1918	3	-23.3068726421886
"J02"	1918	4	-10.948927271746
"J02"	1918	5	-2.53796908023789
"J02"	1918	6	2.43809526246442
"J02"	1918	7	8.12655610772196
"J02"	1918	8	5.92481276386734
"J02"	1918	9	1.46068725825654
"J02"	1918	10	-4.45035622862988
"J02"	1918	11	-11.0064271422629
"J02"	1918	12	-22.3979846097626
"J02"	1919	1	-27.100413342424
"J02"	1919	2	-19.1265695485288
"J02"	1919	3	-17.5054204031847
"J02"	1919	4	-9.07313975973634
"J02"	1919	5	-2.16547690181237
"J02"	1919	6	5.09740305141055
"J02"	1919	7	6.91308467401394
"J02"	1919	8	6.7969861428846
"J02"	1919	9	1.95773614521715
"J02"	1919	10	-6.31232295762381
"J02"	1919	11	-11.7938262644688
"J02"	1919	12	-27.5199996448151
"J02"	1920	1	-30.7654206902119
"J02"	1920	2	-24.4095975439733
"J02"	1920	3	-20.4036364798629
"J02"	1920	4	-8.59805797322003
"J02"	1920	5	-2.59122777706137
"J02"	1920	6	3.35774988137524
"J02"	1920	7	6.90009074639632
"J02"	1920	8	6.06913562312597
"J02"	1920	9	2.35239254184437
"J02"	1920	10	-1.87777806791968
"J02"	1920	11	-15.3847667661429
"J02"	1920	12	-19.9409089694089
"J02"	1921	1	-24.7296352066914
"J02"	1921	2	-27.8947790213756
"J02"	1921	3	-18.0010187453457
"J02"	1921	4	-11.0238255201217
"J02"	1921	5	-1.5153282965088
"J02"	1921	6	3.31908435166389
"J02"	1921	7	8.58725113236131
"J02"	1921	8	4.14095450860713
"J02"	1921	9	1.4444328898802
"J02"	1921	10	-4.74705910992306
"J02"	1921	11	-14.8796343576172
"J02"	1921	12	-23.6609583595081
"J02"	1922	1	-28.5935134154425
"J02"	1922	2	-28.9825578931412
"J02"	1922	3	-19.2971057748985
"J02"	1922	4	-8.55071149375911
"J02"	1922	5	-1.5378815771729
"J02"	1922	6	4.18133620931068
"J02"	1922	7	6.07427262081054
"J02"	1922	8	5.31216708707959
"J02"	1922	9	0.533586571137052
"J02"	1922	10	-6.42059286394794
"J02"	1922	11	-12.4785328245934
"J02"	1922	12	-27.9805459918228
"J02"	1923	1	-30.5576987261541
"J02"	1923	2	-31.5732809895964
"J02"	1923	3	-25.6915854022868
"J02"	1923	4	-13.0789750847642
"J02"	1923	5	-3.05906453429434
"J02"	1923	6	1.344437034746
"J02"	1923	7	5.66080734701598
"J02"	1923	8	4.38267433000301
"J02"	1923	9	0.519619046514707
"J02"	1923	10	-4.19872064299319
"J02"	1923	11	-11.0813006776919
"J02"	1923	12	-17.0999895300027
"J02"	1924	1	-29.52279326664
"J02"	1924	2	-29.2669890700219
"J02"	1924	3	-15.0841108008201
"J02"	1924	4	-9.90892447599237
"J02"	1924	5	-2.77911714836749
"J02"	1924	6	3.20830874827269
"J02"	1924	7	6.24662873463308
"J02"	1924	8	5.25251727041207
"J02"	1924	9	1.0024233586466
"J02"	1924	10	-5.68155114603655
"J02"	1924	11	-11.0877417828812
"J02"	1924	12	-25.9193233325032
"J02"	1925	1	-32.6891437088655
"J02"	1925	2	-22.8632335416797
"J02"	1925	3	-17.5739744529554
"J02"	1925	4	-10.4406669082792
"J02"	1925	5	-2.69822566769681
"J02"	1925	6	4.57303641042
"J02"	1925	7	7.83170327011873
"J02"	1925	8	7.22191061336679
"J02"	1925	9	0.48202983095962
"J02"	1925	10	-6.86907532707712
"J02"	1925	11	-11.8977853767079
"J02"	1925	12	-23.1389074257478
"J02"	1926	1	-28.5568214080404
"J02"	1926	2	-26.7613377847119
"J02"	1926	3	-23.6607805045124
"J02"	1926	4	-12.6742614121858
"J02"	1926	5	-3.81651618457039
"J02"	1926	6	3.13874829823753
"J02"	1926	7	5.81612005362606
"J02"	1926	8	5.49115215608869
"J02"	1926	9	0.758578070458147
"J02"	1926	10	-3.36106824499063
"J02"	1926	11	-12.8114973189318
"J02"	1926	12	-24.6589942469471
"J02"	1927	1	-25.8254721165711
"J02"	1927	2	-26.0608786498029
"J02"	1927	3	-18.7443357549785
"J02"	1927	4	-10.2096949465113
"J02"	1927	5	-2.7340443175703
"J02"	1927	6	2.20549788209032
"J02"	1927	7	8.59999237702941
"J02"	1927	8	5.56048215295074
"J02"	1927	9	1.93234346903645
"J02"	1927	10	-1.95703444790175
"J02"	1927	11	-11.128996707002
"J02"	1927	12	-21.1797443226095
"J02"	1928	1	-28.5946385621901
"J02"	1928	2	-27.8615163289747
"J02"	1928	3	-19.0242103016315
"J02"	1928	4	-10.7467420660095
"J02"	1928	5	-0.850728873212404
"J02"	1928	6	3.07337016741019
"J02"	1928	7	7.28353175053201
"J02"	1928	8	7.33018121180766
"J02"	1928	9	0.103701936486713
"J02"	1928	10	-4.55649355690802
"J02"	1928	11	-14.1504001085451
"J02"	1928	12	-19.6012298626273
"J02"	1929	1	-27.2640067476629
"J02"	1929	2	-25.8629362928563
"J02"	1929	3	-20.0000040936286
"J02"	1929	4	-12.2851069787799
"J02"	1929	5	-3.06645396337472
"J02"	1929	6	3.24256786800443
"J02"	1929	7	6.56689149805677
"J02"	1929	8	5.30056395517875
"J02"	1929	9	1.27306690592391
"J02"	1929	10	-3.85911104043145
"J02"	1929	11	-13.5758775793418
"J02"	1929	12	-26.7237148700384
"J02"	1930	1	-29.6332653553272
"J02"	1930	2	-26.9647590267138
"J02"	1930	3	-18.1714034764257
"J02"	1930	4	-10.7243990539599
"J02"	1930	5	-2.58119728079369
"J02"	1930	6	5.91335714085472
"J02"	1930	7	7.25023086705756
"J02"	1930	8	6.37187642987273
"J02"	1930	9	2.4409889763698
"J02"	1930	10	-3.36453192890837
"J02"	1930	11	-10.7054556686965
"J02"	1930	12	-22.1477086723795
"J02"	1931	1	-27.4021094370565
"J02"	1931	2	-24.3666420866942
"J02"	1931	3	-12.6381340015089
"J02"	1931	4	-7.96403000506634
"J02"	1931	5	-0.794899933116733
"J02"	1931	6	4.4859830957233
"J02"	1931	7	9.43378517271907
"J02"	1931	8	6.64440188317121
"J02"	1931	9	2.40807540514648
"J02"	1931	10	-2.37239453724407
"J02"	1931	11	-8.63906045397762
"J02"	1931	12	-21.1735182524398
"J02"	1932	1	-24.7701218548553
"J02"	1932	2	-28.5682838960946
"J02"	1932	3	-19.300198374679
"J02"	1932	4	-9.40336350784613
"J02"	1932	5	-2.40749673991031
"J02"	1932	6	2.56048089008015
"J02"	1932	7	7.01778161183277
"J02"	1932	8	6.71841009090656
"J02"	1932	9	2.87487369521954
"J02"	1932	10	-2.88240397932836
"J02"	1932	11	-14.5768006002723
"J02"	1932	12	-23.2014918857987
"J02"	1933	1	-24.2369574231473
"J02"	1933	2	-23.0695257443525
"J02"	1933	3	-21.7582231925556
"J02"	1933	4	-9.04193893750822
"J02"	1933	5	-3.11903684853
"J02"	1933	6	3.23677522684308
"J02"	1933	7	6.50229893053295
"J02"	1933	8	5.89411255284543
"J02"	1933	9	1.54184146921545
"J02"	1933	10	-4.09441140048147
"J02"	1933	11	-19.1190715492658
"J02"	1933	12	-30.6321483139625
"J02"	1934	1	-30.7026093260159
"J02"	1934	2	-31.0701772185166
"J02"	1934	3	-22.2129864682209
"J02"	1934	4	-8.67941854453645
"J02"	1934	5	-2.5295759902639
"J02"	1934	6	2.71484977979583
"J02"	1934	7	6.68742768713056
"J02"	1934	8	5.07166761847545
"J02"	1934	9	4.10933642291084
"J02"	1934	10	-4.70836868207805
"J02"	1934	11	-11.2660298542497
"J02"	1934	12	-25.8658847504296
"J02"	1935	1	-31.6673750238954
"J02"	1935	2	-29.170212479312
"J02"	1935	3	-21.7650779235474
"J02"	1935	4	-9.71559484826213
"J02"	1935	5	-2.63909892794976
"J02"	1935	6	5.2947420275059
"J02"	1935	7	8.17335629289803
"J02"	1935	8	7.15126157358371
"J02"	1935	9	0.677662380797501
"J02"	1935	10	-4.1242087447066
"J02"	1935	11	-12.5172674052478
"J02"	1935	12	-20.9024360331232
"J02"	1936	1	-25.7313292382306
"J02"	1936	2	-27.1692771250334
"J02"	1936	3	-15.3148222410813
"J02"	1936	4	-8.65040617681518
"J02"	1936	5	-3.04755025769433
"J02"	1936	6	3.97651983336112
"J02"	1936	7	6.46033671924568
"J02"	1936	8	4.93314941744559
"J02"	1936	9	1.34695895377733
"J02"	1936	10	-4.8417837419793
"J02"	1936	11	-15.472324904283
"J02"	1936	12	-24.7412072953526
"J02"	1937	1	-27.9942359892997
"J02"	1937	2	-22.9667202632391
"J02"	1937	3	-19.9624351415725
"J02"	1937	4	-8.78388221031726
"J02"	1937	5	-0.754829256169262
"J02"	1937	6	4.46011149236214
"J02"	1937	7	8.74859599128304
"J02"	1937	8	8.41754907940105
"J02"	1937	9	2.01741178852552
"J02"	1937	10	-3.36088520592047
"J02"	1937	11	-11.0306897214559
"J02"	1937	12	-23.3816904855569
"J02"	1938	1	-28.5559598090385
"J02"	1938	2	-27.2618772428561
"J02"	1938	3	-20.80845633962
"J02"	1938	4	-9.71620593590641
"J02"	1938	5	-1.86080089210066
"J02"	1938	6	5.04535001426738
"J02"	1938	7	8.43839787803649
"J02"	1938	8	6.60470773028281
"J02"	1938	9	1.48925425180408
"J02"	1938	10	-3.28122790749522
"J02"	1938	11	-12.8916229270462
"J02"	1938	12	-20.623283336358
"J02"	1939	1	-27.6163920367435
"J02"	1939	2	-30.1543605987668
"J02"	1939	3	-26.0534892606685
"J02"	1939	4	-10.9477056097008
"J02"	1939	5	-3.46544928486693
"J02"	1939	6	2.03194904425089
"J02"	1939	7	8.62989998934005
"J02"	1939	8	7.89470322333483
"J02"	1939	9	1.56271085001231
"J02"	1939	10	-4.60255579752549
"J02"	1939	11	-12.8544188596395
"J02"	1939	12	-19.7653767060885
"J02"	1940	1	-26.0753792607975
"J02"	1940	2	-26.5437419579787
"J02"	1940	3	-18.6979349352386
"J02"	1940	4	-10.4787526522336
"J02"	1940	5	-1.46880282750725
"J02"	1940	6	2.91950664813121
"J02"	1940	7	7.92312894315698
"J02"	1940	8	5.98749374017495
"J02"	1940	9	2.63802466248288
"J02"	1940	10	-5.12465159125874
"J02"	1940	11	-11.2183457007075
"J02"	1940	12	-25.6076201698865
"J02"	1941	1	-28.6328182736775
"J02"	1941	2	-22.5293064230071
"J02"	1941	3	-20.5417019644376
"J02"	1941	4	-10.7096536292158
"J02"	1941	5	-2.37082339053837
"J02"	1941	6	2.50771738370743
"J02"	1941	7	7.31798539559015
"J02"	1941	8	4.68288893022703
"J02"	1941	9	1.01544048564975
"J02"	1941	10	-4.84722196696192
"J02"	1941	11	-12.2826439504612
"J02"	1941	12	-21.3499289904613
"J02"	1942	1	-30.7887471911264
"J02"	1942	2	-24.510364529984
"J02"	1942	3	-16.8846541490786
"J02"	1942	4	-9.84065853754448
"J02"	1942	5	-0.371516156035278
"J02"	1942	6	3.69636979457639
"J02"	1942	7	6.71430899480899
"J02"	1942	8	6.38070310848325
"J02"	1942	9	1.29514967209956
"J02"	1942	10	-3.0698347855436
"J02"	1942	11	-12.4466370091671
"J02"	1942	12	-27.2921182653216
"J02"	1943	1	-28.3431280921771
"J02"	1943	2	-24.3866067556106
"J02"	1943	3	-22.9266833968463
"J02"	1943	4	-12.7719691100106
"J02"	1943	5	-4.27093739174605
"J02"	1943	6	2.48533781061596
"J02"	1943	7	7.31195316198877
"J02"	1943	8	6.38086404529666
"J02"	1943	9	1.97739305776452
"J02"	1943	10	-2.39196649249305
"J02"	1943	11	-12.7096753550748
"J02"	1943	12	-25.3340080791094
"J02"	1944	1	-23.6956719326422
"J02"	1944	2	-28.958027633501
"J02"	1944	3	-21.5678448602505
"J02"	1944	4	-11.6037451041735
"J02"	1944	5	-1.96925850431575
"J02"	1944	6	3.57451797748913
"J02"	1944	7	7.51083363961234
"J02"	1944	8	7.48330299408463
"J02"	1944	9	4.26245738432435
"J02"	1944	10	-4.31316376175884
"J02"	1944	11	-10.0710967929199
"J02"	1944	12	-22.6750716893666
"J02"	1945	1	-27.7460845532087
"J02"	1945	2	-25.5248043446361
"J02"	1945	3	-17.8079730680948
"J02"	1945	4	-8.83591012512312
"J02"	1945	5	-1.96653961933178
"J02"	1945	6	3.46388089295192
"J02"	1945	7	7.51088869042793
"J02"	1945	8	6.48789855289817
"J02"	1945	9	1.95056919653104
"J02"	1945	10	-4.43309495946994
"J02"	1945	11	-12.3302549637581
"J02"	1945	12	-22.7145267059952
"J02"	1946	1	-28.4944071107468
"J02"	1946	2	-29.587001509694
"J02"	1946	3	-18.8467451250585
"J02"	1946	4	-10.4682420078817
"J02"	1946	5	-2.662836010022
"J02"	1946	6	2.35341037525503
"J02"	1946	7	5.51205117309091
"J02"	1946	8	6.09440822728547
"J02"	1946	9	3.04174430685588
"J02"	1946	10	-2.85140730030269
"J02"	1946	11	-13.686680332858
"J02"	1946	12	-25.4515867193565
"J02"	1947	1	-29.1407694987252
"J02"	1947	2	-20.6446733939198
"J02"	1947	3	-17.9839885635305
"J02"	1947	4	-16.1005854183621
"J02"	1947	5	-4.55823049194591
"J02"	1947	6	2.44311275987175
"J02"	1947	7	9.4142846143243
"J02"	1947	8	6.10253402446338
"J02"	1947	9	0.0359054743367793
"J02"	1947	10	-1.6677104275496
"J02"	1947	11	-10.9399247665174
"J02"	1947	12	-22.0854565712469
"J02"	1948	1	-29.1852362150831
"J02"	1948	2	-32.3977862757559
"J02"	1948	3	-26.1196907145248
"J02"	1948	4	-12.532663572531
"J02"	1948	5	-1.45273966453242
"J02"	1948	6	3.43310634782138
"J02"	1948	7	8.01766524623173
"J02"	1948	8	7.21197378829951
"J02"	1948	9	3.23290150610847
"J02"	1948	10	-2.78172454138191
"J02"	1948	11	-8.28946255754668
"J02"	1948	12	-20.0151795957234
"J02"	1949	1	-27.7277386521238
"J02"	1949	2	-30.0466183853018
"J02"	1949	3	-20.8538839925014
"J02"	1949	4	-8.26366547480044
"J02"	1949	5	-2.44621024089658
"J02"	1949	6	5.42361662876421
"J02"	1949	7	8.12213721134227
"J02"	1949	8	6.52240619806165
"J02"	1949	9	2.83266229384996
"J02"	1949	10	-3.09338467187756
"J02"	1949	11	-14.7349365747763
"J02"	1949	12	-21.539894124407
"J02"	1950	1	-30.8680877891237
"J02"	1950	2	-30.1910439885919
"J02"	1950	3	-21.9861164741326
"J02"	1950	4	-9.7925046401803
"J02"	1950	5	-1.93851011991376
"J02"	1950	6	3.51485521741538
"J02"	1950	7	7.22754422601281
"J02"	1950	8	4.93341548047774
"J02"	1950	9	0.135010772058179
"J02"	1950	10	-4.60276884444413
"J02"	1950	11	-10.7762966226331
"J02"	1950	12	-19.659036372419
"J02"	1951	1	-27.7060272096143
"J02"	1951	2	-24.9304834230153
"J02"	1951	3	-17.7156883115757
"J02"	1951	4	-4.21820221810009
"J02"	1951	5	-0.92952115687568
"J02"	1951	6	4.00687868508081
"J02"	1951	7	7.0336671275073
"J02"	1951	8	5.14455630545149
"J02"	1951	9	1.93968499768542
"J02"	1951	10	-3.91002051255567
"J02"	1951	11	-14.3134151604587
"J02"	1951	12	-24.1722973915193
"J02"	1952	1	-29.9410739229602
"J02"	1952	2	-23.7640440804371
"J02"	1952	3	-15.1417520939837
"J02"	1952	4	-9.43996171166046
"J02"	1952	5	-0.219180177899392
"J02"	1952	6	4.39969183155362
"J02"	1952	7	9.24029738732423
"J02"	1952	8	7.35549076786709
"J02"	1952	9	1.74652627734918
"J02"	1952	10	-5.21523518544532
"J02"	1952	11	-12.7462045936032
"J02"	1952	12	-19.1796528431188
"J02"	1953	1	-27.4726641341629
"J02"	1953	2	-23.9909626415112
"J02"	1953	3	-17.9636841127009
"J02"	1953	4	-5.05748057866105
"J02"	1953	5	-2.10758428589068
"J02"	1953	6	3.5932386227509
"J02"	1953	7	7.14722635753774
"J02"	1953	8	4.96595899435998
"J02"	1953	9	2.25539242341546
"J02"	1953	10	-4.81845955411913
"J02"	1953	11	-9.6744444500113
"J02"	1953	12	-21.5811389265062
"J02"	1954	1	-32.7000869071483
"J02"	1954	2	-22.4107994809312
"J02"	1954	3	-19.2813197513148
"J02"	1954	4	-13.5707311562982
"J02"	1954	5	-0.895030183921435
"J02"	1954	6	4.48737700018896
"J02"	1954	7	6.65411419801038
"J02"	1954	8	5.9756455496389
"J02"	1954	9	2.16612686960002
"J02"	1954	10	-3.31960868693355
"J02"	1954	11	-12.1978976995634
"J02"	1954	12	-21.7771140571246
"J02"	1955	1	-23.2225324918877
"J02"	1955	2	-25.9234755251052
"J02"	1955	3	-20.6947524255587
"J02"	1955	4	-9.4800367227094
"J02"	1955	5	-1.08190131857191
"J02"	1955	6	4.98191774161839
"J02"	1955	7	7.36062333817015
"J02"	1955	8	6.88430645924377
"J02"	1955	9	1.17852353474723
"J02"	1955	10	-2.81850172097626
"J02"	1955	11	-10.2165378574776
"J02"	1955	12	-23.768162474181
"J02"	1956	1	-18.9389126642452
"J02"	1956	2	-26.0293239843524
"J02"	1956	3	-24.004143056228
"J02"	1956	4	-9.18555880000725
"J02"	1956	5	-5.96872349813058
"J02"	1956	6	2.47655902775999
"J02"	1956	7	5.866485801724
"J02"	1956	8	4.69171794200004
"J02"	1956	9	0.292343574773814
"J02"	1956	10	-2.8150000243332
"J02"	1956	11	-14.0304479536025
"J02"	1956	12	-27.1549904892578
"J02"	1957	1	-35.448601644548
"J02"	1957	2	-25.2288382840837
"J02"	1957	3	-15.8095140117678
"J02"	1957	4	-10.3874603847321
"J02"	1957	5	-4.25607626732025
"J02"	1957	6	2.77087908766652
"J02"	1957	7	6.97148639483636
"J02"	1957	8	4.69762726971248
"J02"	1957	9	2.0074141117539
"J02"	1957	10	-2.80907748255703
"J02"	1957	11	-10.7398523622549
"J02"	1957	12	-20.838195049631
"J02"	1958	1	-22.351638579079
"J02"	1958	2	-22.8226092182269
"J02"	1958	3	-12.3106197032001
"J02"	1958	4	-8.58598745689044
"J02"	1958	5	-2.64423170176936
"J02"	1958	6	1.0645212473844
"J02"	1958	7	7.17554618611529
"J02"	1958	8	5.40191022079362
"J02"	1958	9	1.2236847001685
"J02"	1958	10	-5.00083094180766
"J02"	1958	11	-13.7449166990282
"J02"	1958	12	-28.4180789102622
"J02"	1959	1	-25.1477522833669
"J02"	1959	2	-32.7114352324021
"J02"	1959	3	-23.5076073627885
"J02"	1959	4	-9.98141463019084
"J02"	1959	5	-1.23322607405914
"J02"	1959	6	3.45725474921992
"J02"	1959	7	9.27865977347218
"J02"	1959	8	6.80460043663813
"J02"	1959	9	3.44112329616285
"J02"	1959	10	-3.99043682450207
"J02"	1959	11	-14.3458749618414
"J02"	1959	12	-22.2949372583954
"J02"	1960	1	-25.23702430635
"J02"	1960	2	-19.1963331785236
"J02"	1960	3	-21.1012373813331
"J02"	1960	4	-11.2741375215613
"J02"	1960	5	0.57694831391313
"J02"	1960	6	4.94905769732609
"J02"	1960	7	6.5808146239292
"J02"	1960	8	6.10580472520709
"J02"	1960	9	2.15970027140458
"J02"	1960	10	-3.27799578193968
"J02"	1960	11	-11.4428425171399
"J02"	1960	12	-23.1686993524184
"J02"	1961	1	-30.8199254735363
"J02"	1961	2	-28.3780646186199
"J02"	1961	3	-20.7921039817303
"J02"	1961	4	-6.16457107373997
"J02"	1961	5	-2.2138385799117
"J02"	1961	6	2.83992952761375
"J02"	1961	7	7.08187244562139
"J02"	1961	8	6.90559049445774
"J02"	1961	9	3.27925202831443
"J02"	1961	10	-2.76358404981073
"J02"	1961	11	-9.13576587479561
"J02"	1961	12	-17.0392499902625
"J02"	1962	1	-31.2971407891204
"J02"	1962	2	-32.7578371270945
"J02"	1962	3	-14.0806099171796
"J02"	1962	4	-12.3531203575605
"J02"	1962	5	-2.60597200821397
"J02"	1962	6	3.029765722502
"J02"	1962	7	6.18173328418991
"J02"	1962	8	6.70399763197872
"J02"	1962	9	1.99951685105003
"J02"	1962	10	-3.54734112778838
"J02"	1962	11	-13.4246896260145
"J02"	1962	12	-22.2066050369999
"J02"	1963	1	-27.66911048908
"J02"	1963	2	-30.4367512718253
"J02"	1963	3	-23.2671740045769
"J02"	1963	4	-8.4404402692277
"J02"	1963	5	-3.79989711293335
"J02"	1963	6	3.01849319898029
"J02"	1963	7	8.88036746640511
"J02"	1963	8	5.3009924310087
"J02"	1963	9	-0.279903517940944
"J02"	1963	10	-2.82950959159759
"J02"	1963	11	-9.50991362901844
"J02"	1963	12	-26.7712817533073
"J02"	1964	1	-27.7359526003174
"J02"	1964	2	-24.6153119706479
"J02"	1964	3	-23.852591268424
"J02"	1964	4	-10.4271202145251
"J02"	1964	5	-1.69600762145684
"J02"	1964	6	2.40609758827849
"J02"	1964	7	7.07782363470427
"J02"	1964	8	5.6964958428939
"J02"	1964	9	1.64058196837677
"J02"	1964	10	-5.31039695545736
"J02"	1964	11	-13.9917738618299
"J02"	1964	12	-23.6339158806433
"J02"	1965	1	-29.6977429028334
"J02"	1965	2	-28.0936434729883
"J02"	1965	3	-18.537419219973
"J02"	1965	4	-10.5138339402291
"J02"	1965	5	-2.59458443592235
"J02"	1965	6	3.69263260897515
"J02"	1965	7	5.07406656200948
"J02"	1965	8	4.89049207237757
"J02"	1965	9	1.06072356492261
"J02"	1965	10	-5.49036778879445
"J02"	1965	11	-16.3707804850034
"J02"	1965	12	-23.2948549945174
"J02"	1966	1	-20.9545429673378
"J02"	1966	2	-23.7719328820502
"J02"	1966	3	-15.2218533287217
"J02"	1966	4	-8.00125694176799
"J02"	1966	5	-3.99592236635425
"J02"	1966	6	3.27824360391516
"J02"	1966	7	6.66910773797675
"J02"	1966	8	6.68304114447939
"J02"	1966	9	1.48033407376824
"J02"	1966	10	-3.26965559870077
"J02"	1966	11	-10.1472893030338
"J02"	1966	12	-20.6543253395318
"J02"	1967	1	-27.9064167748528
"J02"	1967	2	-31.1503545891027
"J02"	1967	3	-25.7062078712234
"J02"	1967	4	-13.7900700517674
"J02"	1967	5	-3.30027217114757
"J02"	1967	6	3.66308497588768
"J02"	1967	7	8.96317017334412
"J02"	1967	8	7.27429966831415
"J02"	1967	9	2.49928843000108
"J02"	1967	10	-2.94834318660164
"J02"	1967	11	-11.3213459419941
"J02"	1967	12	-21.6125748190694
"J02"	1968	1	-30.6539530204765
"J02"	1968	2	-26.5291991518816
"J02"	1968	3	-21.6910781408689
"J02"	1968	4	-8.28104311526999
"J02"	1968	5	-3.00772414163204
"J02"	1968	6	2.34731991062431
"J02"	1968	7	6.55655470357003
"J02"	1968	8	3.56438142885082
"J02"	1968	9	5.21748125986903
"J02"	1968	10	-0.326543520278634
"J02"	1968	11	-13.4931135856402
"J02"	1968	12	-19.270072281634
"J02"	1969	1	-19.8978279384184
"J02"	1969	2	-21.5084609932278
"J02"	1969	3	-17.3766468246717
"J02"	1969	4	-15.7747316657241
"J02"	1969	5	-3.61824165029617
"J02"	1969	6	2.83112420077824
"J02"	1969	7	6.64947233548035
"J02"	1969	8	6.65334841435575
"J02"	1969	9	-0.0653177019609943
"J02"	1969	10	-5.50452255271284
"J02"	1969	11	-8.16286005762372
"J02"	1969	12	-18.8275305710101
"J02"	1970	1	-28.7386612749916
"J02"	1970	2	-28.4881616336239
"J02"	1970	3	-18.6628822406702
"J02"	1970	4	-11.6716523736806
"J02"	1970	5	-3.73168631128676
"J02"	1970	6	3.11477432326173
"J02"	1970	7	8.04218934834337
"J02"	1970	8	8.04143448541537
"J02"	1970	9	1.25040392474998
"J02"	1970	10	-1.98281207494838
"J02"	1970	11	-11.8308670091028
"J02"	1970	12	-26.6860839932175
"J02"	1971	1	-27.377646363594
"J02"	1971	2	-26.9687049418375
"J02"	1971	3	-18.2499389301339
"J02"	1971	4	-8.07187491784303
"J02"	1971	5	-0.747772623723912
"J02"	1971	6	2.79862933835085
"J02"	1971	7	7.33504016605677
"J02"	1971	8	5.82884426256164
"J02"	1971	9	2.96424384695709
"J02"	1971	10	-1.96191772124731
"J02"	1971	11	-13.7977402095274
"J02"	1971	12	-26.2472132376852
"J02"	1972	1	-31.0160842008018
"J02"	1972	2	-31.1504486430703
"J02"	1972	3	-23.7381492882586
"J02"	1972	4	-11.4752728917243
"J02"	1972	5	-4.56610644663266
"J02"	1972	6	3.38310478846688
"J02"	1972	7	7.32832801118558
"J02"	1972	8	5.01562427529076
"J02"	1972	9	1.27585114691047
"J02"	1972	10	-7.04249794838787
"J02"	1972	11	-15.5641828871974
"J02"	1972	12	-29.9121330068603
"J02"	1973	1	-27.4552424394882
"J02"	1973	2	-28.6336024279122
"J02"	1973	3	-17.5279208903416
"J02"	1973	4	-8.38182642901192
"J02"	1973	5	-0.586345420791088
"J02"	1973	6	5.56868064431902
"J02"	1973	7	10.0223538188592
"J02"	1973	8	8.30182882796687
"J02"	1973	9	1.18479634950088
"J02"	1973	10	-3.42533446635146
"J02"	1973	11	-12.6307291181712
"J02"	1973	12	-18.781596236191
"J02"	1974	1	-33.8961623365699
"J02"	1974	2	-28.2179735929568
"J02"	1974	3	-24.6194292389119
"J02"	1974	4	-12.3914834984979
"J02"	1974	5	-3.30803241804126
"J02"	1974	6	4.75581697725361
"J02"	1974	7	7.71737695189179
"J02"	1974	8	5.98756367888543
"J02"	1974	9	0.290674258697096
"J02"	1974	10	-7.41099783531268
"J02"	1974	11	-11.697621580079
"J02"	1974	12	-19.5558321557537
"J02"	1975	1	-30.6397422123276
"J02"	1975	2	-27.8030933372789
"J02"	1975	3	-20.412863515099
"J02"	1975	4	-11.3042593321026
"J02"	1975	5	-2.0307835252358
"J02"	1975	6	5.34478331468574
"J02"	1975	7	9.91344554836347
"J02"	1975	8	6.67278526267109
"J02"	1975	9	3.09316301899245
"J02"	1975	10	-3.19995574625493
"J02"	1975	11	-12.1650300306545
"J02"	1975	12	-26.5353496744307
"J02"	1976	1	-29.3863577069862
"J02"	1976	2	-27.8883088449125
"J02"	1976	3	-24.1080668216798
"J02"	1976	4	-9.81999875559906
"J02"	1976	5	-1.75417520728793
"J02"	1976	6	4.83566819886524
"J02"	1976	7	8.11048330414781
"J02"	1976	8	5.95740663035222
"J02"	1976	9	0.992041453707073
"J02"	1976	10	-5.19241038293292
"J02"	1976	11	-12.7331755438994
"J02"	1976	12	-27.5209585067672
"J02"	1977	1	-26.6360188808103
"J02"	1977	2	-24.272823169144
"J02"	1977	3	-14.204657233922
"J02"	1977	4	-12.6384127370619
"J02"	1977	5	-2.27779770010973
"J02"	1977	6	4.42835846466811
"J02"	1977	7	6.50819574503282
"J02"	1977	8	5.64130323693199
"J02"	1977	9	0.487024417367449
"J02"	1977	10	-2.98851621033163
"J02"	1977	11	-9.30230035191807
"J02"	1977	12	-22.6131743379465
"J02"	1978	1	-28.188591094131
"J02"	1978	2	-21.8557691813105
"J02"	1978	3	-24.5020143539669
"J02"	1978	4	-10.5591626848511
"J02"	1978	5	-1.00129229182434
"J02"	1978	6	3.32257641546642
"J02"	1978	7	7.10620287278566
"J02"	1978	8	5.72436289653686
"J02"	1978	9	-0.522114801282088
"J02"	1978	10	-5.48834881013025
"J02"	1978	11	-15.6726816923323
"J02"	1978	12	-23.8120982816896
"J02"	1979	1	-23.2440095110995
"J02"	1979	2	-26.7365461688836
"J02"	1979	3	-16.499792834593
"J02"	1979	4	-7.38170591301945
"J02"	1979	5	0.175659528048624
"J02"	1979	6	5.11794484541143
"J02"	1979	7	7.90419177481463
"J02"	1979	8	6.10652379866386
"J02"	1979	9	1.06455834800319
"J02"	1979	10	-3.09199153247713
"J02"	1979	11	-10.444767799646
"J02"	1979	12	-19.1177665628772
"J02"	1980	1	-25.2023088561865
"J02"	1980	2	-27.0149882554516
"J02"	1980	3	-19.1974557016123
"J02"	1980	4	-9.00546953541162
"J02"	1980	5	-1.64677936619041
"J02"	1980	6	2.31404787139074
"J02"	1980	7	7.30188480126869
"J02"	1980	8	7.78776652512323
"J02"	1980	9	0.447198902102143
"J02"	1980	10	-5.09942728214511
"J02"	1980	11	-12.9188407268144
"J02"	1980	12	-28.1302468527219
"J02"	1981	1	-27.0639494630953
"J02"	1981	2	-17.7910159629265
"J02"	1981	3	-13.9946554491582
"J02"	1981	4	-11.1301143382993
"J02"	1981	5	-2.66868515293858
"J02"	1981	6	2.91036535638342
"J02"	1981	7	7.098975674791
"J02"	1981	8	6.46804804945766
"J02"	1981	9	3.4260877775887
"J02"	1981	10	-3.71064030020661
"J02"	1981	11	-9.69525820839423
"J02"	1981	12	-16.8498099557224
"J02"	1982	1	-30.12972206528
"J02"	1982	2	-29.6647009390112
"J02"	1982	3	-22.191282430957
"J02"	1982	4	-13.8554257014086
"J02"	1982	5	-1.59023006216819
"J02"	1982	6	3.80644976709946
"J02"	1982	7	6.99516585152497
"J02"	1982	8	4.34718573970404
"J02"	1982	9	1.40158975807284
"J02"	1982	10	-3.02553108945837
"J02"	1982	11	-11.9744247024841
"J02"	1982	12	-23.77652744299
"J02"	1983	1	-26.3004978467778
"J02"	1983	2	-26.6367618969059
"J02"	1983	3	-17.3876636251711
"J02"	1983	4	-6.58105609213622
"J02"	1983	5	-2.41158553543429
"J02"	1983	6	4.20191660429214
"J02"	1983	7	6.69019494147326
"J02"	1983	8	6.22497197426989
"J02"	1983	9	3.57396762129008
"J02"	1983	10	-3.34400125294306
"J02"	1983	11	-12.1569545627628
"J02"	1983	12	-25.1108565586632
"J02"	1984	1	-32.1770220891653
"J02"	1984	2	-21.5078582426084
"J02"	1984	3	-21.1841060526345
"J02"	1984	4	-10.0064097877094
"J02"	1984	5	-2.23297174333908
"J02"	1984	6	2.89635268345644
"J02"	1984	7	8.48385921059655
"J02"	1984	8	6.80133299050881
"J02"	1984	9	1.34344120037495
"J02"	1984	10	-3.86602987295924
"J02"	1984	11	-11.143550264853
"J02"	1984	12	-23.7532842406051
"J02"	1985	1	-27.2600419377916
"J02"	1985	2	-24.5786976452949
"J02"	1985	3	-20.7810415156298
"J02"	1985	4	-13.5311027986136
"J02"	1985	5	-4.75461693121291
"J02"	1985	6	3.08929263663658
"J02"	1985	7	7.37600216117945
"J02"	1985	8	6.27620929516562
"J02"	1985	9	2.81009850335127
"J02"	1985	10	-3.49165124727392
"J02"	1985	11	-13.6349624028273
"J02"	1985	12	-25.8041085219809
"J02"	1986	1	-27.5500105689627
"J02"	1986	2	-26.6504463723315
"J02"	1986	3	-23.0788265868656
"J02"	1986	4	-6.85476340570987
"J02"	1986	5	-1.87670473512577
"J02"	1986	6	0.980311788749893
"J02"	1986	7	6.06639904737731
"J02"	1986	8	5.74948234487442
"J02"	1986	9	-0.0259983981823853
"J02"	1986	10	-5.72091415757786
"J02"	1986	11	-17.1320173420641
"J02"	1986	12	-22.8634795219558
"J02"	1987	1	-26.9473577993214
"J02"	1987	2	-24.8245443683138
"J02"	1987	3	-16.5776527772777
"J02"	1987	4	-6.47681473784203
"J02"	1987	5	-2.69923327836261
"J02"	1987	6	3.069079126977
"J02"	1987	7	8.15483599237066
"J02"	1987	8	5.12101565159984
"J02"	1987	9	2.63517059641359
"J02"	1987	10	-3.25385674000815
"J02"	1987	11	-12.5353676977022
"J02"	1987	12	-22.5313211757835
"J02"	1988	1	-26.452577468569
"J02"	1988	2	-29.4025142063617
"J02"	1988	3	-19.3775006996089
"J02"	1988	4	-7.89694695758056
"J02"	1988	5	-1.12217887228511
"J02"	1988	6	2.15548064983519
"J02"	1988	7	7.84119532818628
"J02"	1988	8	5.8907201328658
"J02"	1988	9	1.49372825849882
"J02"	1988	10	-4.79038471146634
"J02"	1988	11	-10.4452541637953
"J02"	1988	12	-25.707532543889
"J02"	1989	1	-29.0662798604357
"J02"	1989	2	-30.0859741940386
"J02"	1989	3	-23.9785591090651
"J02"	1989	4	-9.11525291241558
"J02"	1989	5	-0.24551936349151
"J02"	1989	6	4.33951248797679
"J02"	1989	7	5.9253206960743
"J02"	1989	8	6.65859962723295
"J02"	1989	9	2.14976640060136
"J02"	1989	10	-4.03039368091793
"J02"	1989	11	-15.0618458369117
"J02"	1989	12	-26.5920097199116
"J02"	1990	1	-27.5891910627405
"J02"	1990	2	-30.8762942459842
"J02"	1990	3	-21.8810385177392
"J02"	1990	4	-10.9320974365082
"J02"	1990	5	-3.76936165449349
"J02"	1990	6	3.22126850948036
"J02"	1990	7	7.30703873306214
"J02"	1990	8	7.32468639123734
"J02"	1990	9	0.903370901374488
"J02"	1990	10	-3.8737106425472
"J02"	1990	11	-12.1854073851815
"J02"	1990	12	-24.5843801171019
"J02"	1991	1	-34.1219829436513
"J02"	1991	2	-27.3744334927683
"J02"	1991	3	-17.5847882414373
"J02"	1991	4	-11.2479547977828
"J02"	1991	5	-2.69397296782305
"J02"	1991	6	3.10080594573788
"J02"	1991	7	7.0862912641093
"J02"	1991	8	6.38895075930398
"J02"	1991	9	0.954616969135948
"J02"	1991	10	-3.52012724955827
"J02"	1991	11	-12.1160284712468
"J02"	1991	12	-27.1839081360418
"J02"	1992	1	-28.0652082495993
"J02"	1992	2	-29.6809334085514
"J02"	1992	3	-21.689458452988
"J02"	1992	4	-12.3632322884608
"J02"	1992	5	-3.31953745721376
"J02"	1992	6	2.97819368323891
"J02"	1992	7	4.86306735125963
"J02"	1992	8	5.65125110653059
"J02"	1992	9	2.00365489187393
"J02"	1992	10	-4.26943469517381
"J02"	1992	11	-15.0537632224354
"J02"	1992	12	-23.3895862904981
"J02"	1993	1	-30.1189278591527
"J02"	1993	2	-32.7961364929145
"J02"	1993	3	-22.0948043922151
"J02"	1993	4	-9.57818613354083
"J02"	1993	5	-0.846159257105299
"J02"	1993	6	3.25354679181048
"J02"	1993	7	7.73743785774324
"J02"	1993	8	7.11141030389622
"J02"	1993	9	0.350709884384948
"J02"	1993	10	-6.12144018216793
"J02"	1993	11	-15.5986345644503
"J02"	1993	12	-21.8000430864843
"J02"	1994	1	-32.983024267612
"J02"	1994	2	-29.4200091037566
"J02"	1994	3	-19.000435271469
"J02"	1994	4	-13.4928815666842
"J02"	1994	5	-4.17388345784244
"J02"	1994	6	4.12703325022279
"J02"	1994	7	7.8096805018391
"J02"	1994	8	4.66926435014356
"J02"	1994	9	2.09603008760693
"J02"	1994	10	-1.87587681642789
"J02"	1994	11	-10.4503891667657
"J02"	1994	12	-22.1138269777832
"J02"	1995	1	-26.9571009269547
"J02"	1995	2	-30.0519131435528
"J02"	1995	3	-20.1057615287162
"J02"	1995	4	-10.007315297307
"J02"	1995	5	-2.60281516570259
"J02"	1995	6	3.4988368207721
"J02"	1995	7	8.48009252477821
"J02"	1995	8	6.1246090414894
"J02"	1995	9	0.539963081280727
"J02"	1995	10	-1.53232520335137
"J02"	1995	11	-14.0084980644672
"J02"	1995	12	-23.329603563418
"J02"	1996	1	-29.6403322402314
"J02"	1996	2	-24.8908016271626
"J02"	1996	3	-19.5102126311092
"J02"	1996	4	-8.32122734331932
"J02"	1996	5	-4.03293377525161
"J02"	1996	6	3.86909409210197
"J02"	1996	7	7.64891385075544
"J02"	1996	8	6.17733732803914
"J02"	1996	9	0.982880276293154
"J02"	1996	10	-4.69052358951331
"J02"	1996	11	-12.0724871676705
"J02"	1996	12	-18.8461379223574
"J02"	1997	1	-26.8318354871639
"J02"	1997	2	-28.8353391328153
"J02"	1997	3	-24.3132224157824
"J02"	1997	4	-11.8343358081932
"J02"	1997	5	-3.16412356361731
"J02"	1997	6	2.43791991463646
"J02"	1997	7	7.01628854997412
"J02"	1997	8	4.92737052692368
"J02"	1997	9	2.42525780891742
"J02"	1997	10	-3.85041719999001
"J02"	1997	11	-13.2417939904244
"J02"	1997	12	-21.962280715193
"J02"	1998	1	-25.0306327723696
"J02"	1998	2	-21.2842238534377
"J02"	1998	3	-18.5141584153505
"J02"	1998	4	-7.94647150610867
"J02"	1998	5	-0.0961079374410532
"J02"	1998	6	5.20541899229055
"J02"	1998	7	7.78233071860753
"J02"	1998	8	5.57464997856999
"J02"	1998	9	3.26764330990163
"J02"	1998	10	-3.41192876311229
"J02"	1998	11	-12.3158281130418
"J02"	1998	12	-23.577240808152
"J02"	1999	1	-28.5358585098653
"J02"	1999	2	-23.8361261462952
"J02"	1999	3	-13.9120649579843
"J02"	1999	4	-7.75740802758148
"J02"	1999	5	-0.128551915599763
"J02"	1999	6	5.07173773256623
"J02"	1999	7	7.64717650321606
"J02"	1999	8	5.91922322886825
"J02"	1999	9	4.8105145047178
"J02"	1999	10	-5.27497135234104
"J02"	1999	11	-11.5939347989982
"J02"	1999	12	-20.8903929389663
"J02"	2000	1	-27.3468898646798
"J02"	2000	2	-26.5901637133253
"J02"	2000	3	-15.5061240634521
"J02"	2000	4	-11.7671068137249
"J02"	2000	5	-2.96132486169851
"J02"	2000	6	1.63687373482866
"J02"	2000	7	6.91093807417456
"J02"	2000	8	6.96121028225373
"J02"	2000	9	1.05415184436734
"J02"	2000	10	-4.83946303806609
"J02"	2000	11	-10.2754602640228
"J02"	2000	12	-22.8011396378
"J02"	2001	1	-27.6631256636849
"J02"	2001	2	-27.84579315775
"J02"	2001	3	-17.0961086835102
"J02"	2001	4	-11.6757298719305
"J02"	2001	5	0.00549740205698024
"J02"	2001	6	4.20069988381873
"J02"	2001	7	7.37371386390967
"J02"	2001	8	6.8007421185518
"J02"	2001	9	2.09857321509238
"J02"	2001	10	-2.70519504114444
"J02"	2001	11	-10.8598545371482
"J02"	2001	12	-18.309055971616
"J02"	2002	1	-28.7840051240545
"J02"	2002	2	-26.9025128727283
"J02"	2002	3	-22.8823152746281
"J02"	2002	4	-11.3833239308573
"J02"	2002	5	-4.32819910964735
"J02"	2002	6	1.46319102239582
"J02"	2002	7	7.43564102613905
"J02"	2002	8	6.13787346468892
"J02"	2002	9	2.14378323662049
"J02"	2002	10	-5.37187208468294
"J02"	2002	11	-14.9467799214499
"J02"	2002	12	-22.8138802431074
"J02"	2003	1	-27.0089838646966
"J02"	2003	2	-29.5597260818912
"J02"	2003	3	-22.8652884028085
"J02"	2003	4	-13.3897532605385
"J02"	2003	5	-2.8626607638527
"J02"	2003	6	3.72434211725747
"J02"	2003	7	7.59687184940841
"J02"	2003	8	6.07258806108121
"J02"	2003	9	3.48976391143777
"J02"	2003	10	-3.33923878338016
"J02"	2003	11	-11.4360086538281
"J02"	2003	12	-21.2157455429657
"J02"	2004	1	-28.1374732814828
"J02"	2004	2	-25.7167380389007
"J02"	2004	3	-20.5453253245585
"J02"	2004	4	-11.0946847317404
"J02"	2004	5	-4.19800770576292
"J02"	2004	6	1.98429102360026
"J02"	2004	7	7.55755628528562
"J02"	2004	8	6.10485632997498
"J02"	2004	9	0.336423089332739
"J02"	2004	10	-3.50694936777051
"J02"	2004	11	-13.5271539011391
"J02"	2004	12	-26.5149406551232
"J02"	2005	1	-32.3689377702472
"J02"	2005	2	-24.9726389244146
"J02"	2005	3	-19.422407877983
"J02"	2005	4	-7.69747881715536
"J02"	2005	5	-1.53423772925055
"J02"	2005	6	3.84322694775942
"J02"	2005	7	7.11782856894585
"J02"	2005	8	5.83465324864913
"J02"	2005	9	2.5835488536549
"J02"	2005	10	-2.07467383497331
"J02"	2005	11	-12.2198273988324
"J02"	2005	12	-23.0118416803811
"J02"	2006	1	-25.0027550189052
"J02"	2006	2	-27.1265736018401
"J02"	2006	3	-14.3964113269716
"J02"	2006	4	-7.49740146717717
"J02"	2006	5	-0.771201983124939
"J02"	2006	6	4.90144737173636
"J02"	2006	7	7.77781595310071
"J02"	2006	8	4.06196248660301
"J02"	2006	9	1.03099031449862
"J02"	2006	10	-3.84215395022196
"J02"	2006	11	-10.0135683687188
"J02"	2006	12	-20.7065894330522
"J02"	2007	1	-26.1380017843616
"J02"	2007	2	-26.677835127036
"J02"	2007	3	-21.6673416230361
"J02"	2007	4	-10.3939464812157
"J02"	2007	5	-3.80880706026196
"J02"	2007	6	3.75922268438821
"J02"	2007	7	7.1376615217456
"J02"	2007	8	4.68683295162111
"J02"	2007	9	0.778571772393779
"J02"	2007	10	-3.0092792883048
"J02"	2007	11	-15.0079506372801
"J02"	2007	12	-26.5993102840296
"J02"	2008	1	-27.0739368895903
"J02"	2008	2	-27.2257159709606
"J02"	2008	3	-23.7356151251557
"J02"	2008	4	-7.28686158306994
"J02"	2008	5	-1.64706867898113
"J02"	2008	6	4.41669697664018
"J02"	2008	7	8.39749292169862
"J02"	2008	8	6.90951380146958
"J02"	2008	9	1.62617721019423
"J02"	2008	10	-3.57599093146089
"J02"	2008	11	-11.3026856163098
"J02"	2008	12	-26.4902530824116
"J02"	2009	1	-30.1100390901213
"J02"	2009	2	-23.6694898434265
"J02"	2009	3	-21.3015349558879
"J02"	2009	4	-8.77598248441297
"J02"	2009	5	-4.08592677323946
"J02"	2009	6	3.67394522830968
"J02"	2009	7	7.65743520614627
"J02"	2009	8	5.83039532757256
"J02"	2009	9	1.07378465938562
"J02"	2009	10	-5.64230145842157
"J02"	2009	11	-9.59734037770009
"J02"	2009	12	-21.0793651138779
"J02"	2010	1	-22.2458484317491
"J02"	2010	2	-16.0084480399387
"J02"	2010	3	-16.5650282385022
"J02"	2010	4	-5.86139408425703
"J02"	2010	5	-1.12530903883133
"J02"	2010	6	2.43095837764546
"J02"	2010	7	8.51753749496119
"J02"	2010	8	6.4498398625715
"J02"	2010	9	2.42141437664061
"J02"	2010	10	-3.20822478818125
"J02"	2010	11	-11.2915687900047
"J02"	2010	12	-15.666291186646
"J02"	2011	1	-24.2808617030721
"J02"	2011	2	-27.2423271209564
"J02"	2011	3	-19.4258947216959
"J02"	2011	4	-12.4434317755518
"J02"	2011	5	-2.7650380725507
"J02"	2011	6	3.38771460471836
"J02"	2011	7	6.57778981679477
"J02"	2011	8	6.66821133072105
"J02"	2011	9	1.86912913113645
"J02"	2011	10	-2.6736479472224
"J02"	2011	11	-11.0852885467563
"J02"	2011	12	-24.3509181137849
"J02"	2012	1	-28.5150612835328
"J02"	2012	2	-25.0717692301861
"J02"	2012	3	-18.0841779610931
"J02"	2012	4	-9.02275334340407
"J02"	2012	5	-1.60498698386566
"J02"	2012	6	5.04427469496405
"J02"	2012	7	7.33810786428112
"J02"	2012	8	7.3858428377026
"J02"	2012	9	2.51694830335888
"J02"	2012	10	-3.13849551393202
"J02"	2012	11	-11.5785836514009
"J02"	2012	12	-21.3337430749869
"J02"	2013	1	-29.0488247481568
"J02"	2013	2	-24.4976185060963
"J02"	2013	3	-12.9400577835861
"J02"	2013	4	-10.3999382473151
"J02"	2013	5	-1.94503052508004
"J02"	2013	6	1.90069704479167
"J02"	2013	7	6.79845602952284
"J02"	2013	8	5.20299236428867
"J02"	2013	9	1.36485216813686
"J02"	2013	10	-3.60281194603509
"J02"	2013	11	-13.1716771106372
"J02"	2013	12	-28.8153463196242
"J02"	2014	1	-28.9825339169321
"J02"	2014	2	-27.5208814469111
"J02"	2014	3	-24.8940036188538
"J02"	2014	4	-10.6756023372252
"J02"	2014	5	-2.18509841441935
"J02"	2014	6	4.35694868222358
"J02"	2014	7	8.65883614246588
"J02"	2014	8	6.91982460642484
"J02"	2014	9	0.412764118582704
"J02"	2014	10	-3.16672572102996
"J02"	2014	11	-15.5648635899986
"J02"	2014	12	-23.1963090398751
"J02"	2015	1	-32.0164485244067
"J02"	2015	2	-34.5427558506822
"J02"	2015	3	-22.446974213052
"J02"	2015	4	-11.6503504773221
"J02"	2015	5	-2.22516651327475
"J02"	2015	6	2.41307486088221
"J02"	2015	7	6.81927820920432
"J02"	2015	8	7.53653718488364
"J02"	2015	9	3.0606491305002
"J02"	2015	10	-5.93041153451103
"J02"	2015	11	-12.5583238384335
"J02"	2015	12	-19.5767866508176
"J02"	2016	1	-24.9506400273207
"J02"	2016	2	-28.4642592021659
"J02"	2016	3	-22.1996114056949
"J02"	2016	4	-13.1247073056376
"J02"	2016	5	-2.36522996087652
"J02"	2016	6	4.46910410508118
"J02"	2016	7	7.37973894798859
"J02"	2016	8	5.85325439338857
"J02"	2016	9	1.30856011313637
"J02"	2016	10	-3.79406056319568
"J02"	2016	11	-10.8519611513039
"J02"	2016	12	-26.8568818725618
