"J02"	1901	1	-15.9658074048543
"J02"	1901	2	-11.993892569075
"J02"	1901	3	-6.89104565071779
"J02"	1901	4	3.36143630245253
"J02"	1901	5	9.9895105370171
"J02"	1901	6	16.837085906574
"J02"	1901	7	18.4830960069866
"J02"	1901	8	17.8020370675631
"J02"	1901	9	11.0527085404118
"J02"	1901	10	3.02837992871675
"J02"	1901	11	-4.8372438108598
"J02"	1901	12	-11.7298421559544
"J02"	1902	1	-14.8806933315293
"J02"	1902	2	-9.6618914413443
"J02"	1902	3	-3.18765883264326
"J02"	1902	4	1.75367225712568
"J02"	1902	5	6.75753538516379
"J02"	1902	6	12.7787243719721
"J02"	1902	7	17.6233329151185
"J02"	1902	8	16.646917639002
"J02"	1902	9	11.9546572749878
"J02"	1902	10	1.82093122404783
"J02"	1902	11	-3.80777525235225
"J02"	1902	12	-14.2301126247698
"J02"	1903	1	-15.6955714548383
"J02"	1903	2	-12.4301107473233
"J02"	1903	3	-3.98428508811241
"J02"	1903	4	0.545571629778861
"J02"	1903	5	8.62535930662951
"J02"	1903	6	13.22020578583
"J02"	1903	7	16.0635525376253
"J02"	1903	8	14.091656706681
"J02"	1903	9	10.956531915119
"J02"	1903	10	3.013511930704
"J02"	1903	11	-4.07828170510276
"J02"	1903	12	-14.6304596608216
"J02"	1904	1	-18.2105052748034
"J02"	1904	2	-15.4990732056584
"J02"	1904	3	-7.48124897806535
"J02"	1904	4	0.136719741416958
"J02"	1904	5	9.39287804116262
"J02"	1904	6	15.9616006761125
"J02"	1904	7	18.6038303572084
"J02"	1904	8	16.6361621310758
"J02"	1904	9	9.85814797101971
"J02"	1904	10	2.70625228340101
"J02"	1904	11	-5.64880333946634
"J02"	1904	12	-15.7307917281955
"J02"	1905	1	-18.0255313846965
"J02"	1905	2	-14.4693919284458
"J02"	1905	3	-6.87911808477926
"J02"	1905	4	1.02670840444187
"J02"	1905	5	8.15994568487491
"J02"	1905	6	15.5031640956011
"J02"	1905	7	18.8444210620159
"J02"	1905	8	17.0805446277226
"J02"	1905	9	10.8592865141215
"J02"	1905	10	3.59931883224481
"J02"	1905	11	-4.7194064360075
"J02"	1905	12	-11.0307630213983
"J02"	1906	1	-11.640445218386
"J02"	1906	2	-10.3414895305831
"J02"	1906	3	-8.17841875473253
"J02"	1906	4	0.315175077082246
"J02"	1906	5	6.62630043152572
"J02"	1906	6	15.9451161784015
"J02"	1906	7	19.1855813268349
"J02"	1906	8	18.524956077309
"J02"	1906	9	10.5597821764028
"J02"	1906	10	3.69289727370732
"J02"	1906	11	-4.29007067967144
"J02"	1906	12	-13.4297714280532
"J02"	1907	1	-17.4548934496169
"J02"	1907	2	-15.1157019058105
"J02"	1907	3	-7.27958824106557
"J02"	1907	4	0.101753967055718
"J02"	1907	5	5.49167877475974
"J02"	1907	6	15.487615089872
"J02"	1907	7	17.0274927717156
"J02"	1907	8	15.2694739486666
"J02"	1907	9	9.65947090493367
"J02"	1907	10	1.58712513444203
"J02"	1907	11	-3.46074079865431
"J02"	1907	12	-9.82726520261815
"J02"	1908	1	-14.8687730659727
"J02"	1908	2	-13.4925341175136
"J02"	1908	3	-8.08290061974498
"J02"	1908	4	-2.61388048378235
"J02"	1908	5	7.75598591656503
"J02"	1908	6	16.1307399525626
"J02"	1908	7	20.8702730428904
"J02"	1908	8	16.4140418402289
"J02"	1908	9	13.7582119528781
"J02"	1908	10	5.3821085751877
"J02"	1908	11	-4.33139623533805
"J02"	1908	12	-14.1227170407666
"J02"	1909	1	-16.7819450225464
"J02"	1909	2	-14.272392909009
"J02"	1909	3	-6.38849670795924
"J02"	1909	4	0.0680722017656062
"J02"	1909	5	7.61937208757844
"J02"	1909	6	15.7745057768101
"J02"	1909	7	17.2140649724165
"J02"	1909	8	18.1586785878343
"J02"	1909	9	10.1558839111439
"J02"	1909	10	4.4780132763749
"J02"	1909	11	-2.70210879001143
"J02"	1909	12	-9.61577872260004
"J02"	1910	1	-11.494286691743
"J02"	1910	2	-11.8556055159218
"J02"	1910	3	-5.79637163714416
"J02"	1910	4	1.04770677746975
"J02"	1910	5	8.18207649227457
"J02"	1910	6	13.618828209793
"J02"	1910	7	17.2588450305563
"J02"	1910	8	16.2034167842439
"J02"	1910	9	9.85214635028338
"J02"	1910	10	2.4748205132494
"J02"	1910	11	-3.17302209672942
"J02"	1910	12	-11.9060992751035
"J02"	1911	1	-14.4056962946094
"J02"	1911	2	-14.242438116186
"J02"	1911	3	-7.00650646403407
"J02"	1911	4	1.1252320506324
"J02"	1911	5	10.3443815997328
"J02"	1911	6	15.2635824116889
"J02"	1911	7	19.3046385331291
"J02"	1911	8	17.4481791567417
"J02"	1911	9	9.746652563289
"J02"	1911	10	2.77236372617552
"J02"	1911	11	-5.84445535758484
"J02"	1911	12	-10.5935543039915
"J02"	1912	1	-19.616420124207
"J02"	1912	2	-10.2332261188552
"J02"	1912	3	-7.91892534877392
"J02"	1912	4	-1.59916296552204
"J02"	1912	5	8.30652742948599
"J02"	1912	6	13.3087500549924
"J02"	1912	7	17.4515483289712
"J02"	1912	8	13.2928754079515
"J02"	1912	9	9.23914823281022
"J02"	1912	10	2.97050127789781
"J02"	1912	11	-5.11684470086111
"J02"	1912	12	-11.9781790139669
"J02"	1913	1	-13.5268206738547
"J02"	1913	2	-15.6283116032036
"J02"	1913	3	-6.23359211624037
"J02"	1913	4	1.97471970305815
"J02"	1913	5	6.16856776148256
"J02"	1913	6	14.454369848184
"J02"	1913	7	17.3996270284148
"J02"	1913	8	15.7374248948356
"J02"	1913	9	10.8294961485464
"J02"	1913	10	5.3691287776401
"J02"	1913	11	-1.89053415166656
"J02"	1913	12	-10.5601997811793
"J02"	1914	1	-16.6370225830922
"J02"	1914	2	-17.2282087724474
"J02"	1914	3	-4.85034662993478
"J02"	1914	4	-0.852767773578903
"J02"	1914	5	10.4305330271336
"J02"	1914	6	13.8006383311811
"J02"	1914	7	19.1489856061616
"J02"	1914	8	16.3820158230813
"J02"	1914	9	10.3176871339636
"J02"	1914	10	2.96810915660417
"J02"	1914	11	-6.26584508740911
"J02"	1914	12	-13.2399778729346
"J02"	1915	1	-12.7472340770454
"J02"	1915	2	-9.93321970847468
"J02"	1915	3	-5.46904934543729
"J02"	1915	4	2.31870572150046
"J02"	1915	5	7.2925571360801
"J02"	1915	6	15.8478703121157
"J02"	1915	7	18.2997996430156
"J02"	1915	8	17.0269796277741
"J02"	1915	9	10.7037329749142
"J02"	1915	10	4.06712451742708
"J02"	1915	11	-4.04326178688929
"J02"	1915	12	-9.9180416671322
"J02"	1916	1	-13.8576976321438
"J02"	1916	2	-13.7433441845691
"J02"	1916	3	-9.78971358656794
"J02"	1916	4	2.08954174035672
"J02"	1916	5	8.25464153126053
"J02"	1916	6	16.0964872839581
"J02"	1916	7	20.552187137082
"J02"	1916	8	18.072677372029
"J02"	1916	9	10.2876678395312
"J02"	1916	10	1.86579852558937
"J02"	1916	11	-6.82318986481641
"J02"	1916	12	-11.5949668111041
"J02"	1917	1	-18.3689172336677
"J02"	1917	2	-15.8587560866731
"J02"	1917	3	-6.2123970679631
"J02"	1917	4	0.560019271081715
"J02"	1917	5	5.01680206122961
"J02"	1917	6	15.7468614133935
"J02"	1917	7	18.0061963776955
"J02"	1917	8	17.8194141604126
"J02"	1917	9	9.56953592553019
"J02"	1917	10	0.963700543972708
"J02"	1917	11	-6.80599104833531
"J02"	1917	12	-16.5715552266559
"J02"	1918	1	-16.0815568922217
"J02"	1918	2	-16.4796017621566
"J02"	1918	3	-9.0369147979991
"J02"	1918	4	1.13028020069468
"J02"	1918	5	7.07911963844463
"J02"	1918	6	13.3992615835307
"J02"	1918	7	16.5616934164278
"J02"	1918	8	15.9673474523199
"J02"	1918	9	9.34943147302354
"J02"	1918	10	3.36051817092004
"J02"	1918	11	-4.29180519641228
"J02"	1918	12	-13.1486675032665
"J02"	1919	1	-15.7961025584506
"J02"	1919	2	-9.40574161282873
"J02"	1919	3	-5.26298266866957
"J02"	1919	4	0.500445103524201
"J02"	1919	5	8.44193920543617
"J02"	1919	6	17.6539234940886
"J02"	1919	7	17.8185499920117
"J02"	1919	8	17.3165235286808
"J02"	1919	9	10.9275690894077
"J02"	1919	10	0.756125645062672
"J02"	1919	11	-4.58054635242331
"J02"	1919	12	-15.8268589090162
"J02"	1920	1	-19.0129608083753
"J02"	1920	2	-12.7367997027243
"J02"	1920	3	-5.39013834934976
"J02"	1920	4	0.870610802250264
"J02"	1920	5	10.1057419755831
"J02"	1920	6	17.1111596046396
"J02"	1920	7	17.2767851772873
"J02"	1920	8	18.267004010594
"J02"	1920	9	10.5042841584835
"J02"	1920	10	4.95046196812821
"J02"	1920	11	-6.27209886912988
"J02"	1920	12	-11.9065003857064
"J02"	1921	1	-14.7324630989151
"J02"	1921	2	-13.2726516760873
"J02"	1921	3	-4.71798469032967
"J02"	1921	4	2.74088201410351
"J02"	1921	5	12.070961490333
"J02"	1921	6	15.7710759611394
"J02"	1921	7	21.5365044252015
"J02"	1921	8	15.3187757635874
"J02"	1921	9	11.2799192133501
"J02"	1921	10	1.64360759787405
"J02"	1921	11	-5.96631074775639
"J02"	1921	12	-13.4877110135175
"J02"	1922	1	-16.3546993811434
"J02"	1922	2	-14.0132887409469
"J02"	1922	3	-4.74626864146306
"J02"	1922	4	2.51131681182678
"J02"	1922	5	9.83778352472494
"J02"	1922	6	15.4335572934872
"J02"	1922	7	18.8978324343828
"J02"	1922	8	17.2717067454568
"J02"	1922	9	11.1548106953256
"J02"	1922	10	2.3355666586655
"J02"	1922	11	-4.66285836438269
"J02"	1922	12	-15.5705869430199
"J02"	1923	1	-17.0797642866174
"J02"	1923	2	-17.0586930996863
"J02"	1923	3	-11.3749320246434
"J02"	1923	4	-0.61822613791277
"J02"	1923	5	8.10599994365525
"J02"	1923	6	15.2983920963358
"J02"	1923	7	17.2606353841545
"J02"	1923	8	14.9257241787183
"J02"	1923	9	11.7292377611342
"J02"	1923	10	5.52643412274848
"J02"	1923	11	-2.06126320691449
"J02"	1923	12	-7.85511145493169
"J02"	1924	1	-17.1076983309334
"J02"	1924	2	-15.2087067914398
"J02"	1924	3	-4.30398987978027
"J02"	1924	4	0.35195606980355
"J02"	1924	5	7.07518306163449
"J02"	1924	6	14.9653292571065
"J02"	1924	7	18.2246799190876
"J02"	1924	8	16.7807640920437
"J02"	1924	9	11.6034052537941
"J02"	1924	10	5.21634265918168
"J02"	1924	11	-2.86105464830928
"J02"	1924	12	-15.2411109208176
"J02"	1925	1	-20.2383967093712
"J02"	1925	2	-10.6628097704051
"J02"	1925	3	-4.23314018721724
"J02"	1925	4	0.321646635906349
"J02"	1925	5	7.14488990378819
"J02"	1925	6	15.7341023329418
"J02"	1925	7	17.2897979710811
"J02"	1925	8	17.5368830793229
"J02"	1925	9	8.97740267922201
"J02"	1925	10	-1.49480083841833
"J02"	1925	11	-4.96198861675219
"J02"	1925	12	-12.5286835839369
"J02"	1926	1	-16.1715297762243
"J02"	1926	2	-14.2202982974944
"J02"	1926	3	-8.76219932146916
"J02"	1926	4	-2.30930539120267
"J02"	1926	5	6.31477816162465
"J02"	1926	6	13.9044435536299
"J02"	1926	7	17.4558610221377
"J02"	1926	8	15.4941414429261
"J02"	1926	9	10.0512554142548
"J02"	1926	10	2.49278016576108
"J02"	1926	11	-3.76399350947612
"J02"	1926	12	-14.3178164149783
"J02"	1927	1	-13.6063730026165
"J02"	1927	2	-12.4806151708434
"J02"	1927	3	-4.99115867839997
"J02"	1927	4	0.959050601161577
"J02"	1927	5	5.68463790312133
"J02"	1927	6	13.776065534942
"J02"	1927	7	19.0228324050244
"J02"	1927	8	16.1525463361828
"J02"	1927	9	10.8251162375445
"J02"	1927	10	4.27919618805378
"J02"	1927	11	-3.06700973772374
"J02"	1927	12	-9.70841867564023
"J02"	1928	1	-16.1421216905134
"J02"	1928	2	-13.5431904965704
"J02"	1928	3	-7.41989857422355
"J02"	1928	4	0.0269128186282085
"J02"	1928	5	9.25446935728593
"J02"	1928	6	14.2487951307273
"J02"	1928	7	17.8907413206711
"J02"	1928	8	17.5121871828938
"J02"	1928	9	10.0992163590665
"J02"	1928	10	2.06467073906847
"J02"	1928	11	-6.5710576331034
"J02"	1928	12	-9.10032523161673
"J02"	1929	1	-15.0781273149036
"J02"	1929	2	-11.9074885627565
"J02"	1929	3	-6.74835112236664
"J02"	1929	4	-0.405463556042496
"J02"	1929	5	6.52447852155486
"J02"	1929	6	14.3226109222038
"J02"	1929	7	17.2595765729381
"J02"	1929	8	15.2731965830448
"J02"	1929	9	10.7737964040635
"J02"	1929	10	2.64936156561705
"J02"	1929	11	-4.97624710596547
"J02"	1929	12	-15.993642425997
"J02"	1930	1	-16.013766966705
"J02"	1930	2	-12.0729903034832
"J02"	1930	3	-5.87639455922426
"J02"	1930	4	0.462251526869114
"J02"	1930	5	8.69485830816054
"J02"	1930	6	17.0976064118365
"J02"	1930	7	18.0293585743194
"J02"	1930	8	15.7356729872852
"J02"	1930	9	10.2491355788182
"J02"	1930	10	4.83349066968074
"J02"	1930	11	-2.38254265307909
"J02"	1930	12	-11.8887510547381
"J02"	1931	1	-16.2484590783003
"J02"	1931	2	-11.0392998220826
"J02"	1931	3	-1.40387588087572
"J02"	1931	4	3.9304989397799
"J02"	1931	5	8.96589236200372
"J02"	1931	6	15.9739190111541
"J02"	1931	7	19.5001972095007
"J02"	1931	8	16.4998236807251
"J02"	1931	9	10.3255226531823
"J02"	1931	10	4.81729804176617
"J02"	1931	11	-0.289872970874754
"J02"	1931	12	-11.3858481775482
"J02"	1932	1	-11.4816050330832
"J02"	1932	2	-15.1061846252025
"J02"	1932	3	-7.23078385227196
"J02"	1932	4	0.799699963260251
"J02"	1932	5	9.43783034171475
"J02"	1932	6	15.651528606192
"J02"	1932	7	16.4722132907363
"J02"	1932	8	17.0659572654859
"J02"	1932	9	12.2032829720763
"J02"	1932	10	3.90085516031599
"J02"	1932	11	-5.59841280635755
"J02"	1932	12	-10.2851481323587
"J02"	1933	1	-11.7126471388094
"J02"	1933	2	-10.9735736661153
"J02"	1933	3	-7.85750826616395
"J02"	1933	4	0.870023588466769
"J02"	1933	5	7.61081323026382
"J02"	1933	6	14.9302984882342
"J02"	1933	7	18.3454658988447
"J02"	1933	8	16.7344017807013
"J02"	1933	9	9.88274521117963
"J02"	1933	10	2.3840408816459
"J02"	1933	11	-9.40869631728568
"J02"	1933	12	-18.587027189863
"J02"	1934	1	-16.7414414614704
"J02"	1934	2	-17.2413348423922
"J02"	1934	3	-8.38444986911198
"J02"	1934	4	1.34156659615347
"J02"	1934	5	7.78486668531116
"J02"	1934	6	13.8100381782403
"J02"	1934	7	17.6201281172852
"J02"	1934	8	15.7054506438975
"J02"	1934	9	13.9641358125397
"J02"	1934	10	1.36664563916205
"J02"	1934	11	-3.82115704933334
"J02"	1934	12	-15.7919554838953
"J02"	1935	1	-19.1682340520936
"J02"	1935	2	-14.1093991784007
"J02"	1935	3	-7.51184276535626
"J02"	1935	4	0.814401218200008
"J02"	1935	5	7.3600345673465
"J02"	1935	6	16.2905901644387
"J02"	1935	7	18.9964120775038
"J02"	1935	8	18.7793985087463
"J02"	1935	9	9.14764558752828
"J02"	1935	10	3.04853180946893
"J02"	1935	11	-3.43582804973521
"J02"	1935	12	-12.9999095155639
"J02"	1936	1	-14.6932045068197
"J02"	1936	2	-14.2774039293163
"J02"	1936	3	-2.13971709904517
"J02"	1936	4	0.288546489516908
"J02"	1936	5	5.63641011931974
"J02"	1936	6	15.171884453801
"J02"	1936	7	16.3745619802457
"J02"	1936	8	15.2565687923919
"J02"	1936	9	10.5332455508671
"J02"	1936	10	1.22971197052083
"J02"	1936	11	-7.25272118549017
"J02"	1936	12	-11.3104858062667
"J02"	1937	1	-13.9162603067789
"J02"	1937	2	-10.0448146827312
"J02"	1937	3	-8.06806612507864
"J02"	1937	4	2.56401160056033
"J02"	1937	5	10.2142010843965
"J02"	1937	6	14.8537845766748
"J02"	1937	7	19.5548108437623
"J02"	1937	8	18.3371584620956
"J02"	1937	9	11.120963493659
"J02"	1937	10	3.21027090762687
"J02"	1937	11	-4.37189352508287
"J02"	1937	12	-13.2232146246468
"J02"	1938	1	-14.8373625225659
"J02"	1938	2	-14.4110594966803
"J02"	1938	3	-6.99717557125197
"J02"	1938	4	0.940803014992668
"J02"	1938	5	8.29378465467621
"J02"	1938	6	17.736133933675
"J02"	1938	7	18.2374993763049
"J02"	1938	8	16.7213971122985
"J02"	1938	9	9.71085765432531
"J02"	1938	10	4.59043802555824
"J02"	1938	11	-3.6932067938712
"J02"	1938	12	-10.5377130553727
"J02"	1939	1	-15.7566593349049
"J02"	1939	2	-15.6757773550639
"J02"	1939	3	-10.3272774876952
"J02"	1939	4	-0.381214885365767
"J02"	1939	5	8.17541349776089
"J02"	1939	6	13.8187459496679
"J02"	1939	7	19.7228999616578
"J02"	1939	8	18.0094029802274
"J02"	1939	9	9.80297009120838
"J02"	1939	10	1.5704373549478
"J02"	1939	11	-5.61649543689407
"J02"	1939	12	-10.8536193384071
"J02"	1940	1	-14.6744093347953
"J02"	1940	2	-12.7385276018321
"J02"	1940	3	-6.25845053508158
"J02"	1940	4	0.497791225507448
"J02"	1940	5	9.05928034029222
"J02"	1940	6	14.5012578818001
"J02"	1940	7	18.5112287570323
"J02"	1940	8	17.7012249249942
"J02"	1940	9	10.0974261078337
"J02"	1940	10	1.1503977349751
"J02"	1940	11	-5.54164022256999
"J02"	1940	12	-13.9707635026711
"J02"	1941	1	-17.3909110514638
"J02"	1941	2	-9.79865990455047
"J02"	1941	3	-7.19045601889484
"J02"	1941	4	1.67774452282375
"J02"	1941	5	8.24554823359696
"J02"	1941	6	14.0833734340484
"J02"	1941	7	19.7025772938644
"J02"	1941	8	13.9967777270438
"J02"	1941	9	9.59444922905543
"J02"	1941	10	1.43057568924153
"J02"	1941	11	-5.56842915190599
"J02"	1941	12	-11.1891333877603
"J02"	1942	1	-17.4065168462152
"J02"	1942	2	-12.6555833148769
"J02"	1942	3	-4.22297867023963
"J02"	1942	4	1.75859040664072
"J02"	1942	5	10.6342983744094
"J02"	1942	6	14.4648949307705
"J02"	1942	7	18.0969559698785
"J02"	1942	8	17.09591522821
"J02"	1942	9	11.5943458288696
"J02"	1942	10	4.51144401553955
"J02"	1942	11	-4.49652437435299
"J02"	1942	12	-15.7086741565705
"J02"	1943	1	-17.9214365036154
"J02"	1943	2	-11.0090035738462
"J02"	1943	3	-9.55569295380917
"J02"	1943	4	-1.25981733577786
"J02"	1943	5	6.82552975033943
"J02"	1943	6	13.7457354929259
"J02"	1943	7	18.4942550032484
"J02"	1943	8	15.3986713856905
"J02"	1943	9	11.4974994693617
"J02"	1943	10	4.79361599236225
"J02"	1943	11	-4.12548302461437
"J02"	1943	12	-14.1293582421393
"J02"	1944	1	-12.5356712129013
"J02"	1944	2	-14.5587859926396
"J02"	1944	3	-8.28837541281023
"J02"	1944	4	0.22231383663374
"J02"	1944	5	10.2190602776818
"J02"	1944	6	15.7259112404985
"J02"	1944	7	18.5943413173012
"J02"	1944	8	18.2051200739525
"J02"	1944	9	12.4042225871091
"J02"	1944	10	1.57758710809712
"J02"	1944	11	-2.95485005933751
"J02"	1944	12	-12.9509104131975
"J02"	1945	1	-15.4490799200126
"J02"	1945	2	-11.8049590525734
"J02"	1945	3	-3.92056201225451
"J02"	1945	4	1.70492588398447
"J02"	1945	5	8.1147162639477
"J02"	1945	6	14.1055516134584
"J02"	1945	7	18.2970568636957
"J02"	1945	8	17.0153927905189
"J02"	1945	9	10.5147060001194
"J02"	1945	10	1.16371514773804
"J02"	1945	11	-4.98423295149736
"J02"	1945	12	-13.4728674256167
"J02"	1946	1	-17.5617424015349
"J02"	1946	2	-16.2475180091042
"J02"	1946	3	-3.95163040291189
"J02"	1946	4	0.988022141873598
"J02"	1946	5	7.01217885810203
"J02"	1946	6	14.2847875079841
"J02"	1946	7	16.7022085937006
"J02"	1946	8	17.4295115207641
"J02"	1946	9	13.8289860266656
"J02"	1946	10	5.15248066826897
"J02"	1946	11	-5.713362304302
"J02"	1946	12	-14.2946936936857
"J02"	1947	1	-17.0737912935328
"J02"	1947	2	-8.78648548120201
"J02"	1947	3	-4.38117487615293
"J02"	1947	4	-3.12846688016618
"J02"	1947	5	5.21110684177629
"J02"	1947	6	15.6638379029311
"J02"	1947	7	19.8096222516495
"J02"	1947	8	18.2474195709268
"J02"	1947	9	9.84701137010824
"J02"	1947	10	5.74450469166363
"J02"	1947	11	-3.14193800041473
"J02"	1947	12	-12.315746591505
"J02"	1948	1	-16.5851941015152
"J02"	1948	2	-16.5217600187952
"J02"	1948	3	-9.40908280793217
"J02"	1948	4	-1.14457323215854
"J02"	1948	5	8.21130329831292
"J02"	1948	6	15.1430003266836
"J02"	1948	7	18.219213913767
"J02"	1948	8	17.4689558197312
"J02"	1948	9	12.3684950885925
"J02"	1948	10	5.24022534655994
"J02"	1948	11	-1.96958161028529
"J02"	1948	12	-11.135239767948
"J02"	1949	1	-14.9957597693166
"J02"	1949	2	-15.453470188698
"J02"	1949	3	-7.33539882415418
"J02"	1949	4	1.3400131094919
"J02"	1949	5	7.31282197363406
"J02"	1949	6	17.5225471425476
"J02"	1949	7	18.8308047025182
"J02"	1949	8	16.8937964475734
"J02"	1949	9	10.5931168719045
"J02"	1949	10	4.83978056483948
"J02"	1949	11	-7.29605143218776
"J02"	1949	12	-10.6524089920038
"J02"	1950	1	-17.705219488027
"J02"	1950	2	-16.7815253749511
"J02"	1950	3	-7.95995465636707
"J02"	1950	4	0.625817897380623
"J02"	1950	5	10.5157808514576
"J02"	1950	6	13.9026919717446
"J02"	1950	7	17.3441737528719
"J02"	1950	8	17.4215124821612
"J02"	1950	9	9.72043628361756
"J02"	1950	10	1.74304467092408
"J02"	1950	11	-2.82128126303751
"J02"	1950	12	-9.66665613792402
"J02"	1951	1	-15.5133096114534
"J02"	1951	2	-11.3055197693432
"J02"	1951	3	-3.98242210087511
"J02"	1951	4	3.91335797006277
"J02"	1951	5	9.22030985644867
"J02"	1951	6	15.0834819121845
"J02"	1951	7	17.8590708529543
"J02"	1951	8	16.7516209359776
"J02"	1951	9	10.8500020498599
"J02"	1951	10	3.34973266148459
"J02"	1951	11	-5.94506654970502
"J02"	1951	12	-13.9776313131547
"J02"	1952	1	-15.6196302226603
"J02"	1952	2	-11.1247570659078
"J02"	1952	3	-4.00238423145097
"J02"	1952	4	1.70308281972525
"J02"	1952	5	9.52633803978001
"J02"	1952	6	15.2650163898772
"J02"	1952	7	20.8753130521228
"J02"	1952	8	17.6835674527698
"J02"	1952	9	10.8814349679623
"J02"	1952	10	0.759624300436356
"J02"	1952	11	-4.76725377201089
"J02"	1952	12	-9.68523516061801
"J02"	1953	1	-13.8237644271989
"J02"	1953	2	-11.6386664884663
"J02"	1953	3	-5.41964136829971
"J02"	1953	4	3.09516963848408
"J02"	1953	5	9.03362710903738
"J02"	1953	6	15.8474214068781
"J02"	1953	7	18.8927127225675
"J02"	1953	8	16.4167507581014
"J02"	1953	9	10.314354207967
"J02"	1953	10	4.27254928895452
"J02"	1953	11	-1.88760329719859
"J02"	1953	12	-11.0893790289176
"J02"	1954	1	-19.3253497562279
"J02"	1954	2	-9.04691673813974
"J02"	1954	3	-6.63426079330338
"J02"	1954	4	-1.11039327311687
"J02"	1954	5	9.04178273386942
"J02"	1954	6	17.1307996475413
"J02"	1954	7	17.4108651581109
"J02"	1954	8	15.8504867607442
"J02"	1954	9	10.5483635186871
"J02"	1954	10	2.78849230734086
"J02"	1954	11	-4.80587891443334
"J02"	1954	12	-10.7902145544155
"J02"	1955	1	-13.224109745439
"J02"	1955	2	-12.4494303616836
"J02"	1955	3	-8.14643838082918
"J02"	1955	4	2.28621048016853
"J02"	1955	5	8.05028775045467
"J02"	1955	6	18.4151544246246
"J02"	1955	7	19.4292767694942
"J02"	1955	8	17.9841027866238
"J02"	1955	9	9.38309137148598
"J02"	1955	10	3.807393035103
"J02"	1955	11	-4.12204381823396
"J02"	1955	12	-14.2881131168395
"J02"	1956	1	-10.2195711433735
"J02"	1956	2	-13.0465130405078
"J02"	1956	3	-9.25634250444907
"J02"	1956	4	0.584866577187692
"J02"	1956	5	4.35853125561617
"J02"	1956	6	13.3002493726863
"J02"	1956	7	16.2474831694101
"J02"	1956	8	14.9169656041046
"J02"	1956	9	9.31820692084751
"J02"	1956	10	4.52917429941533
"J02"	1956	11	-4.53609806726336
"J02"	1956	12	-14.7835915721887
"J02"	1957	1	-21.9115030121566
"J02"	1957	2	-13.1386207832397
"J02"	1957	3	-3.96394621204932
"J02"	1957	4	-0.114623940143092
"J02"	1957	5	7.76596192751865
"J02"	1957	6	14.2855822740606
"J02"	1957	7	17.2649808257002
"J02"	1957	8	14.8483831918902
"J02"	1957	9	10.6535100368927
"J02"	1957	10	4.45367566603745
"J02"	1957	11	-3.94806661885662
"J02"	1957	12	-8.87702788421246
"J02"	1958	1	-11.0000455532543
"J02"	1958	2	-10.6262420136013
"J02"	1958	3	-1.26901400950799
"J02"	1958	4	2.78753767514424
"J02"	1958	5	7.27233557881191
"J02"	1958	6	11.9707496400295
"J02"	1958	7	17.4814213035706
"J02"	1958	8	15.3778092482759
"J02"	1958	9	10.3889330993669
"J02"	1958	10	1.78057666398389
"J02"	1958	11	-5.65799162547748
"J02"	1958	12	-17.7686696777948
"J02"	1959	1	-12.9850516595804
"J02"	1959	2	-17.9099285742568
"J02"	1959	3	-8.97155793185161
"J02"	1959	4	0.591179886664899
"J02"	1959	5	9.47752586354328
"J02"	1959	6	15.0555166290144
"J02"	1959	7	20.3965891253216
"J02"	1959	8	17.1048995529365
"J02"	1959	9	12.1244405470153
"J02"	1959	10	1.80944194870582
"J02"	1959	11	-6.06593700746381
"J02"	1959	12	-12.2589196342052
"J02"	1960	1	-14.4666875825801
"J02"	1960	2	-7.19034931624998
"J02"	1960	3	-8.17200529493394
"J02"	1960	4	-0.304013756101923
"J02"	1960	5	11.8814513583365
"J02"	1960	6	15.6399210544264
"J02"	1960	7	16.9103055953734
"J02"	1960	8	17.3294362802335
"J02"	1960	9	10.9599885409497
"J02"	1960	10	2.33993654466577
"J02"	1960	11	-3.87185497425524
"J02"	1960	12	-12.7478514470976
"J02"	1961	1	-19.9454627922626
"J02"	1961	2	-13.9679713591106
"J02"	1961	3	-6.97065120651189
"J02"	1961	4	3.1016312430566
"J02"	1961	5	7.58386047954137
"J02"	1961	6	14.4240607554934
"J02"	1961	7	18.1222606227327
"J02"	1961	8	17.2511744231054
"J02"	1961	9	13.2954144674654
"J02"	1961	10	4.57186647540963
"J02"	1961	11	-2.07556302253292
"J02"	1961	12	-8.83546353560138
"J02"	1962	1	-18.5219615946561
"J02"	1962	2	-17.8436376707155
"J02"	1962	3	-2.26759236456733
"J02"	1962	4	-0.492172141145726
"J02"	1962	5	7.18418069355718
"J02"	1962	6	15.80800928581
"J02"	1962	7	17.3322095035836
"J02"	1962	8	17.7697907439915
"J02"	1962	9	10.1304487007808
"J02"	1962	10	3.60509091955001
"J02"	1962	11	-4.77694766699258
"J02"	1962	12	-12.0218286937363
"J02"	1963	1	-14.596402721819
"J02"	1963	2	-16.6181608639265
"J02"	1963	3	-8.26293366130976
"J02"	1963	4	1.11414447992447
"J02"	1963	5	8.08182289248822
"J02"	1963	6	15.8918739396471
"J02"	1963	7	18.4399614669936
"J02"	1963	8	14.9848751542162
"J02"	1963	9	8.96461414169311
"J02"	1963	10	5.93935201669354
"J02"	1963	11	-2.37609828492698
"J02"	1963	12	-16.2073340906323
"J02"	1964	1	-14.6687223257434
"J02"	1964	2	-12.0919011946137
"J02"	1964	3	-7.75706915119755
"J02"	1964	4	2.12019257666071
"J02"	1964	5	8.07628158254024
"J02"	1964	6	13.7757074865333
"J02"	1964	7	18.5453965210209
"J02"	1964	8	14.9959465221624
"J02"	1964	9	9.79745651731787
"J02"	1964	10	1.47426085559047
"J02"	1964	11	-5.17317466399108
"J02"	1964	12	-12.7924203389149
"J02"	1965	1	-17.2389157803264
"J02"	1965	2	-12.8648778505327
"J02"	1965	3	-6.95030579452013
"J02"	1965	4	0.225549785905003
"J02"	1965	5	6.96707104003443
"J02"	1965	6	14.8595161235097
"J02"	1965	7	15.248390363711
"J02"	1965	8	14.8026653292004
"J02"	1965	9	9.72868459126258
"J02"	1965	10	0.209219202582309
"J02"	1965	11	-7.66848927752429
"J02"	1965	12	-13.1772505148434
"J02"	1966	1	-11.0070590489728
"J02"	1966	2	-10.0371409004372
"J02"	1966	3	-2.44280001883841
"J02"	1966	4	1.62968503290842
"J02"	1966	5	7.0537299961341
"J02"	1966	6	15.4434057288927
"J02"	1966	7	16.6488498094136
"J02"	1966	8	15.8048924741299
"J02"	1966	9	10.3581281381648
"J02"	1966	10	2.4437560468525
"J02"	1966	11	-1.86228114375666
"J02"	1966	12	-10.8618923357185
"J02"	1967	1	-15.4732260825671
"J02"	1967	2	-16.2088567192317
"J02"	1967	3	-10.1347228819576
"J02"	1967	4	-1.1679378785711
"J02"	1967	5	5.13590893871639
"J02"	1967	6	17.2275256825388
"J02"	1967	7	19.2469469339448
"J02"	1967	8	17.9026844593728
"J02"	1967	9	12.0857141486551
"J02"	1967	10	3.077673728488
"J02"	1967	11	-4.05457608333741
"J02"	1967	12	-10.1464021591983
"J02"	1968	1	-18.2378474104676
"J02"	1968	2	-13.3803955009122
"J02"	1968	3	-7.32648344864583
"J02"	1968	4	2.53212120846367
"J02"	1968	5	9.11342383559691
"J02"	1968	6	15.1119645722527
"J02"	1968	7	17.6430208050899
"J02"	1968	8	12.9961748681931
"J02"	1968	9	15.111383117917
"J02"	1968	10	5.1108814406473
"J02"	1968	11	-6.54555826125654
"J02"	1968	12	-10.9310172378006
"J02"	1969	1	-10.1014215724811
"J02"	1969	2	-9.75194982657455
"J02"	1969	3	-5.11825874281801
"J02"	1969	4	-2.07059920797509
"J02"	1969	5	5.48632843191335
"J02"	1969	6	13.396637856505
"J02"	1969	7	17.2373732658458
"J02"	1969	8	16.9854844339643
"J02"	1969	9	8.33487728203483
"J02"	1969	10	1.34325886857525
"J02"	1969	11	-1.83546087314242
"J02"	1969	12	-9.61624376195003
"J02"	1970	1	-17.6643670364951
"J02"	1970	2	-14.2237104532146
"J02"	1970	3	-5.31010898005807
"J02"	1970	4	0.0233893949396883
"J02"	1970	5	6.05470650135973
"J02"	1970	6	14.1814560945384
"J02"	1970	7	20.2303535812012
"J02"	1970	8	18.0709924013432
"J02"	1970	9	9.95559923942436
"J02"	1970	10	6.07455599202412
"J02"	1970	11	-3.724416902408
"J02"	1970	12	-16.1028346483715
"J02"	1971	1	-15.927467517022
"J02"	1971	2	-13.3961242770756
"J02"	1971	3	-5.80220704592159
"J02"	1971	4	1.51377844429931
"J02"	1971	5	9.71887152454074
"J02"	1971	6	14.0664891397803
"J02"	1971	7	17.2223631189029
"J02"	1971	8	15.5530932794424
"J02"	1971	9	11.7730621096826
"J02"	1971	10	4.70455956228185
"J02"	1971	11	-5.31274895135893
"J02"	1971	12	-15.7917492112883
"J02"	1972	1	-16.2914635293982
"J02"	1972	2	-16.76962513564
"J02"	1972	3	-9.99485751126337
"J02"	1972	4	0.000356772559943486
"J02"	1972	5	7.17932037793351
"J02"	1972	6	14.2519399039454
"J02"	1972	7	18.7136838156174
"J02"	1972	8	15.8320803228931
"J02"	1972	9	9.88685899113577
"J02"	1972	10	0.43281675764806
"J02"	1972	11	-6.30088036926706
"J02"	1972	12	-17.5836657060742
"J02"	1973	1	-15.8570327607853
"J02"	1973	2	-14.5445429142039
"J02"	1973	3	-3.68836930107992
"J02"	1973	4	0.0828794936413526
"J02"	1973	5	8.13647907842421
"J02"	1973	6	17.1381341270547
"J02"	1973	7	19.7046294548444
"J02"	1973	8	18.5083200484496
"J02"	1973	9	10.1965225721082
"J02"	1973	10	3.95873580803837
"J02"	1973	11	-5.08915024696987
"J02"	1973	12	-9.3788403433344
"J02"	1974	1	-20.724804407869
"J02"	1974	2	-14.6208942699955
"J02"	1974	3	-9.58283609894451
"J02"	1974	4	-1.33884218881418
"J02"	1974	5	5.0908137591191
"J02"	1974	6	17.0254499657006
"J02"	1974	7	18.4954665323064
"J02"	1974	8	16.3822266943939
"J02"	1974	9	9.50163371770894
"J02"	1974	10	-0.118114741717435
"J02"	1974	11	-4.57772664808153
"J02"	1974	12	-9.97713431180275
"J02"	1975	1	-17.5952891456547
"J02"	1975	2	-14.798491876185
"J02"	1975	3	-7.47843977498362
"J02"	1975	4	-0.864888768324461
"J02"	1975	5	10.4428658765451
"J02"	1975	6	16.9140851423959
"J02"	1975	7	20.2863291544835
"J02"	1975	8	16.9540846824247
"J02"	1975	9	11.7018483763361
"J02"	1975	10	4.00187861888681
"J02"	1975	11	-3.66669420125069
"J02"	1975	12	-13.5786236692054
"J02"	1976	1	-17.0685603003401
"J02"	1976	2	-13.0769793384122
"J02"	1976	3	-8.575146393748
"J02"	1976	4	-0.0951296066478978
"J02"	1976	5	7.99336993233167
"J02"	1976	6	17.7040103637376
"J02"	1976	7	19.2772602238807
"J02"	1976	8	16.9241539692926
"J02"	1976	9	9.69690298482107
"J02"	1976	10	1.21854796844237
"J02"	1976	11	-5.95613764862472
"J02"	1976	12	-14.5836436405436
"J02"	1977	1	-14.4444177414505
"J02"	1977	2	-11.5558499304148
"J02"	1977	3	-2.57273480381373
"J02"	1977	4	-0.629247864316564
"J02"	1977	5	8.54293452769574
"J02"	1977	6	14.8949646748003
"J02"	1977	7	16.5681123219142
"J02"	1977	8	15.69266741299
"J02"	1977	9	9.48649218547861
"J02"	1977	10	3.33175114394215
"J02"	1977	11	-1.74617924832744
"J02"	1977	12	-11.9924677439554
"J02"	1978	1	-16.5225454314616
"J02"	1978	2	-11.2346115396998
"J02"	1978	3	-10.2708711974427
"J02"	1978	4	-0.0668010079428047
"J02"	1978	5	10.5921204584025
"J02"	1978	6	13.3864506630346
"J02"	1978	7	17.858647013274
"J02"	1978	8	16.3598463933066
"J02"	1978	9	7.97038968506684
"J02"	1978	10	1.24146995410298
"J02"	1978	11	-6.03689786514008
"J02"	1978	12	-13.5052069664438
"J02"	1979	1	-12.802690714043
"J02"	1979	2	-15.9129495625457
"J02"	1979	3	-3.26941406118278
"J02"	1979	4	1.69279530972029
"J02"	1979	5	10.3414046784514
"J02"	1979	6	16.4779740679863
"J02"	1979	7	19.0487464025175
"J02"	1979	8	15.8259867702862
"J02"	1979	9	10.3485356962903
"J02"	1979	10	3.84773844137295
"J02"	1979	11	-3.32853460529775
"J02"	1979	12	-10.8219670403365
"J02"	1980	1	-13.1846248591049
"J02"	1980	2	-12.9906893783581
"J02"	1980	3	-5.96805763707072
"J02"	1980	4	2.15019759496489
"J02"	1980	5	8.39101002274902
"J02"	1980	6	13.569159060293
"J02"	1980	7	17.1383401155398
"J02"	1980	8	19.2914407779694
"J02"	1980	9	8.32111503892813
"J02"	1980	10	0.950715871655389
"J02"	1980	11	-4.92128748471796
"J02"	1980	12	-17.0428328790575
"J02"	1981	1	-14.8683919842129
"J02"	1981	2	-5.56748628709415
"J02"	1981	3	-3.06668486113631
"J02"	1981	4	-0.39402699822084
"J02"	1981	5	7.54092332743915
"J02"	1981	6	14.4595889244401
"J02"	1981	7	19.4273223109319
"J02"	1981	8	18.2565769945851
"J02"	1981	9	13.0884375018312
"J02"	1981	10	3.65057774497503
"J02"	1981	11	-3.31541064157701
"J02"	1981	12	-8.06792869325134
"J02"	1982	1	-17.054319243477
"J02"	1982	2	-16.6431148083177
"J02"	1982	3	-7.76534949015193
"J02"	1982	4	-2.43942161272459
"J02"	1982	5	9.09107386050025
"J02"	1982	6	14.9489594541376
"J02"	1982	7	18.215635109922
"J02"	1982	8	14.2215339518559
"J02"	1982	9	11.6509571686843
"J02"	1982	10	5.34764170492309
"J02"	1982	11	-3.61117311240062
"J02"	1982	12	-11.4971529154513
"J02"	1983	1	-13.7428303687467
"J02"	1983	2	-12.4179003966962
"J02"	1983	3	-5.96436044632454
"J02"	1983	4	2.01459611562362
"J02"	1983	5	6.04140949706318
"J02"	1983	6	16.5370560576802
"J02"	1983	7	17.4031476600971
"J02"	1983	8	16.6863145184619
"J02"	1983	9	12.008959658937
"J02"	1983	10	3.94217513591438
"J02"	1983	11	-4.40894972699728
"J02"	1983	12	-14.2307043198544
"J02"	1984	1	-18.4343030437388
"J02"	1984	2	-8.79206495530592
"J02"	1984	3	-8.06399936511822
"J02"	1984	4	3.66885976356701
"J02"	1984	5	6.3918506034082
"J02"	1984	6	13.5236648469411
"J02"	1984	7	18.189723685471
"J02"	1984	8	18.551080737976
"J02"	1984	9	9.06257464659997
"J02"	1984	10	4.53423316245302
"J02"	1984	11	-3.70921359333509
"J02"	1984	12	-12.7689321898453
"J02"	1985	1	-17.4291965491206
"J02"	1985	2	-11.1659162635038
"J02"	1985	3	-7.66452872575781
"J02"	1985	4	-1.07589512798897
"J02"	1985	5	5.54249644129895
"J02"	1985	6	15.4084959053627
"J02"	1985	7	17.9752951458032
"J02"	1985	8	17.2159997211852
"J02"	1985	9	12.1118350243411
"J02"	1985	10	3.52372544739111
"J02"	1985	11	-5.6124802349848
"J02"	1985	12	-14.9120777298192
"J02"	1986	1	-14.6277621550023
"J02"	1986	2	-12.8401757745953
"J02"	1986	3	-7.76606762267003
"J02"	1986	4	3.18084214751983
"J02"	1986	5	11.0936752204949
"J02"	1986	6	11.491355269835
"J02"	1986	7	17.1598197576611
"J02"	1986	8	16.0810715013173
"J02"	1986	9	8.65684482945755
"J02"	1986	10	1.41041714882614
"J02"	1986	11	-7.21930955335698
"J02"	1986	12	-11.4602935147592
"J02"	1987	1	-14.630085820339
"J02"	1987	2	-12.0158274147175
"J02"	1987	3	-3.96857967362495
"J02"	1987	4	5.03961938486865
"J02"	1987	5	8.24589390695702
"J02"	1987	6	14.5721327286576
"J02"	1987	7	18.5432987648327
"J02"	1987	8	15.6462214421035
"J02"	1987	9	11.6976630812234
"J02"	1987	10	3.2940404250532
"J02"	1987	11	-4.53013505797424
"J02"	1987	12	-12.5135701523107
"J02"	1988	1	-14.0363328885429
"J02"	1988	2	-14.6939522972563
"J02"	1988	3	-5.97194899887437
"J02"	1988	4	2.00073803927747
"J02"	1988	5	10.7994672750686
"J02"	1988	6	13.1510163410565
"J02"	1988	7	19.8258188853811
"J02"	1988	8	16.9114267020949
"J02"	1988	9	9.33445871106804
"J02"	1988	10	1.97444636301038
"J02"	1988	11	-3.64515079559204
"J02"	1988	12	-14.9719489535423
"J02"	1989	1	-15.6468159509963
"J02"	1989	2	-14.7757075776429
"J02"	1989	3	-8.97624248493522
"J02"	1989	4	0.0640797948672837
"J02"	1989	5	11.0545837764753
"J02"	1989	6	16.6283524396423
"J02"	1989	7	17.7074320342715
"J02"	1989	8	16.17674848635
"J02"	1989	9	12.0673833880456
"J02"	1989	10	3.55152277001553
"J02"	1989	11	-6.56451247895166
"J02"	1989	12	-17.1354574004133
"J02"	1990	1	-14.9620101239413
"J02"	1990	2	-16.2621266263241
"J02"	1990	3	-6.78156506831989
"J02"	1990	4	0.229351759062721
"J02"	1990	5	6.81115277963305
"J02"	1990	6	15.6046281198666
"J02"	1990	7	18.7880672308403
"J02"	1990	8	17.9422540531782
"J02"	1990	9	9.29664525859772
"J02"	1990	10	2.32523060549316
"J02"	1990	11	-5.18840382416109
"J02"	1990	12	-12.5038475783507
"J02"	1991	1	-20.2824495588839
"J02"	1991	2	-12.5540290042364
"J02"	1991	3	-4.58782270947648
"J02"	1991	4	0.696299324316781
"J02"	1991	5	7.66881798643809
"J02"	1991	6	15.0802414567512
"J02"	1991	7	18.3676530695023
"J02"	1991	8	17.8080148702228
"J02"	1991	9	9.62239274201272
"J02"	1991	10	3.59552857072902
"J02"	1991	11	-3.41684781853191
"J02"	1991	12	-14.7764662813931
"J02"	1992	1	-16.5086434282857
"J02"	1992	2	-17.2519739763529
"J02"	1992	3	-8.0948820987457
"J02"	1992	4	-0.735277624646269
"J02"	1992	5	8.12727533340163
"J02"	1992	6	12.9555243929706
"J02"	1992	7	15.2460819682205
"J02"	1992	8	15.7739824859393
"J02"	1992	9	11.4448753612335
"J02"	1992	10	1.56241435328102
"J02"	1992	11	-6.1497940405782
"J02"	1992	12	-12.6525374245912
"J02"	1993	1	-16.8407387389251
"J02"	1993	2	-18.2564338442455
"J02"	1993	3	-6.90272022914681
"J02"	1993	4	1.83446323358798
"J02"	1993	5	7.68628009314891
"J02"	1993	6	15.9308478842929
"J02"	1993	7	19.0232847805001
"J02"	1993	8	16.8400046739178
"J02"	1993	9	9.36443663290822
"J02"	1993	10	0.125888112897393
"J02"	1993	11	-6.08723349422087
"J02"	1993	12	-12.0311152448378
"J02"	1994	1	-20.2787095919127
"J02"	1994	2	-16.3674714911394
"J02"	1994	3	-6.3112110918833
"J02"	1994	4	-1.49453943478239
"J02"	1994	5	6.44560176761665
"J02"	1994	6	15.7067431183869
"J02"	1994	7	18.3994137780508
"J02"	1994	8	14.7059698297412
"J02"	1994	9	10.7814031244829
"J02"	1994	10	5.78611881222488
"J02"	1994	11	-3.3290162640438
"J02"	1994	12	-11.3112214856932
"J02"	1995	1	-14.9223372890726
"J02"	1995	2	-16.4846035517841
"J02"	1995	3	-7.22016281800676
"J02"	1995	4	0.177638776150037
"J02"	1995	5	8.2050751216283
"J02"	1995	6	16.5837100544372
"J02"	1995	7	19.274614894557
"J02"	1995	8	17.9718050464238
"J02"	1995	9	9.19618631895549
"J02"	1995	10	4.74348668773593
"J02"	1995	11	-5.37485703741036
"J02"	1995	12	-12.8919522168851
"J02"	1996	1	-15.4710354053577
"J02"	1996	2	-12.3069293744022
"J02"	1996	3	-7.6293707773199
"J02"	1996	4	1.65108988419681
"J02"	1996	5	5.56467322437085
"J02"	1996	6	16.6621581785567
"J02"	1996	7	17.0489844944898
"J02"	1996	8	17.3375603809167
"J02"	1996	9	11.6092424845329
"J02"	1996	10	2.6981791470915
"J02"	1996	11	-4.42451648554579
"J02"	1996	12	-9.47251632224692
"J02"	1997	1	-14.9241993154629
"J02"	1997	2	-14.5332432236825
"J02"	1997	3	-9.93854835969402
"J02"	1997	4	0.225976647927889
"J02"	1997	5	4.42444417732644
"J02"	1997	6	14.7423391149238
"J02"	1997	7	17.2225563190273
"J02"	1997	8	15.4032025099928
"J02"	1997	9	10.3211229995379
"J02"	1997	10	2.85020190514945
"J02"	1997	11	-5.57771157492712
"J02"	1997	12	-11.8521917339154
"J02"	1998	1	-14.4812805216782
"J02"	1998	2	-7.96232224386807
"J02"	1998	3	-6.04722966698812
"J02"	1998	4	2.80240948510638
"J02"	1998	5	10.6847103892535
"J02"	1998	6	15.9243612383393
"J02"	1998	7	18.195458898892
"J02"	1998	8	16.7686388921323
"J02"	1998	9	10.1323384830174
"J02"	1998	10	2.89956081102121
"J02"	1998	11	-5.23412763972197
"J02"	1998	12	-11.6305201971143
"J02"	1999	1	-14.8418283747373
"J02"	1999	2	-9.19296340485068
"J02"	1999	3	-2.95465417349702
"J02"	1999	4	1.18047955507519
"J02"	1999	5	12.7460874377077
"J02"	1999	6	17.4083183264794
"J02"	1999	7	18.4679267471848
"J02"	1999	8	16.6338581937241
"J02"	1999	9	13.7434174848378
"J02"	1999	10	1.04628966492864
"J02"	1999	11	-3.89335186189554
"J02"	1999	12	-11.5071894654189
"J02"	2000	1	-15.6055293173163
"J02"	2000	2	-12.2244410187435
"J02"	2000	3	-3.66009440271664
"J02"	2000	4	-0.439886727271652
"J02"	2000	5	6.10896370790393
"J02"	2000	6	13.3942035307171
"J02"	2000	7	18.6402134197819
"J02"	2000	8	17.4988622909773
"J02"	2000	9	9.45487506180944
"J02"	2000	10	2.49048035915262
"J02"	2000	11	-2.95490457673212
"J02"	2000	12	-13.2820058486633
"J02"	2001	1	-15.1721715487203
"J02"	2001	2	-13.7564790179544
"J02"	2001	3	-3.96316772017154
"J02"	2001	4	0.541183179543158
"J02"	2001	5	12.4733426811972
"J02"	2001	6	15.5818471678866
"J02"	2001	7	17.9125467179707
"J02"	2001	8	17.6636323708085
"J02"	2001	9	11.2670130091304
"J02"	2001	10	3.83240152338813
"J02"	2001	11	-3.21837246139196
"J02"	2001	12	-9.35487297090908
"J02"	2002	1	-16.0415852567226
"J02"	2002	2	-14.2889525428937
"J02"	2002	3	-8.36383568685254
"J02"	2002	4	-0.0763493035179597
"J02"	2002	5	5.939206169492
"J02"	2002	6	14.0711649502428
"J02"	2002	7	18.0851239994285
"J02"	2002	8	17.0280589805879
"J02"	2002	9	11.780154984101
"J02"	2002	10	1.17239298997294
"J02"	2002	11	-6.4835053646833
"J02"	2002	12	-12.325730663249
"J02"	2003	1	-16.5136446282085
"J02"	2003	2	-16.4216936829626
"J02"	2003	3	-8.86227741937286
"J02"	2003	4	-1.89246767617187
"J02"	2003	5	9.30626806158024
"J02"	2003	6	16.1620933311399
"J02"	2003	7	17.6581636046596
"J02"	2003	8	16.8919242196957
"J02"	2003	9	13.7945768936836
"J02"	2003	10	3.31078257794014
"J02"	2003	11	-4.45014855048942
"J02"	2003	12	-11.394774692572
"J02"	2004	1	-17.2881973707749
"J02"	2004	2	-12.4543753338042
"J02"	2004	3	-5.35852071449107
"J02"	2004	4	-0.307034113059756
"J02"	2004	5	5.37430313098468
"J02"	2004	6	13.0546248640609
"J02"	2004	7	18.9319141633289
"J02"	2004	8	15.6549521208227
"J02"	2004	9	10.7103890590305
"J02"	2004	10	4.94802959549327
"J02"	2004	11	-5.31801639919718
"J02"	2004	12	-14.2623159524987
"J02"	2005	1	-18.464993916698
"J02"	2005	2	-10.8864090556764
"J02"	2005	3	-5.65238411119186
"J02"	2005	4	1.28033673857646
"J02"	2005	5	8.54308686388525
"J02"	2005	6	15.6487331302291
"J02"	2005	7	20.1066598357872
"J02"	2005	8	16.6168570956434
"J02"	2005	9	11.2274262466158
"J02"	2005	10	4.38457390009873
"J02"	2005	11	-4.08677258832354
"J02"	2005	12	-14.0287380809112
"J02"	2006	1	-12.8435922773788
"J02"	2006	2	-13.9172518218144
"J02"	2006	3	-3.74374191395444
"J02"	2006	4	3.27015523618189
"J02"	2006	5	10.512579694837
"J02"	2006	6	17.1445279685311
"J02"	2006	7	18.6826032059669
"J02"	2006	8	14.7774265545105
"J02"	2006	9	10.545444195899
"J02"	2006	10	2.82067307055942
"J02"	2006	11	-2.15602594620063
"J02"	2006	12	-10.9942909039869
"J02"	2007	1	-14.9233608426061
"J02"	2007	2	-13.9465504953437
"J02"	2007	3	-7.83260911393016
"J02"	2007	4	1.56285782022236
"J02"	2007	5	7.28271229265993
"J02"	2007	6	16.1420798032728
"J02"	2007	7	18.2597741121686
"J02"	2007	8	15.1365054489326
"J02"	2007	9	8.96415365279566
"J02"	2007	10	5.15644611034969
"J02"	2007	11	-6.42545046665088
"J02"	2007	12	-15.4591125079202
"J02"	2008	1	-14.5038637886087
"J02"	2008	2	-13.5739296798621
"J02"	2008	3	-8.71920656559871
"J02"	2008	4	2.95864988999103
"J02"	2008	5	8.35322888640765
"J02"	2008	6	14.8412678215248
"J02"	2008	7	18.7381287459604
"J02"	2008	8	17.2941172660375
"J02"	2008	9	10.7832963764462
"J02"	2008	10	3.29196330620339
"J02"	2008	11	-3.99487920664228
"J02"	2008	12	-14.4233877099572
"J02"	2009	1	-18.5848154165378
"J02"	2009	2	-10.7989360917105
"J02"	2009	3	-6.8036536586511
"J02"	2009	4	0.957574823331417
"J02"	2009	5	6.52388527958012
"J02"	2009	6	15.3418564334292
"J02"	2009	7	17.8176025059898
"J02"	2009	8	15.6504288631576
"J02"	2009	9	10.7027491224311
"J02"	2009	10	0.427127679495731
"J02"	2009	11	-1.96404941163245
"J02"	2009	12	-11.7870716829065
"J02"	2010	1	-11.8659903049834
"J02"	2010	2	-6.72112346577358
"J02"	2010	3	-3.18585367784869
"J02"	2010	4	3.75947640006878
"J02"	2010	5	8.39446442644892
"J02"	2010	6	14.5436096197802
"J02"	2010	7	18.7980985721949
"J02"	2010	8	17.5056032350603
"J02"	2010	9	9.62241110656608
"J02"	2010	10	2.26183506971566
"J02"	2010	11	-4.03275251131955
"J02"	2010	12	-8.14993634257572
"J02"	2011	1	-14.1470392051318
"J02"	2011	2	-14.2403642326073
"J02"	2011	3	-6.66570211842586
"J02"	2011	4	-0.135924902099378
"J02"	2011	5	6.56486414589616
"J02"	2011	6	14.4462928702715
"J02"	2011	7	18.1795324665334
"J02"	2011	8	15.859850863511
"J02"	2011	9	11.3421956546656
"J02"	2011	10	3.9962044110803
"J02"	2011	11	-3.00100418841753
"J02"	2011	12	-12.2118753649318
"J02"	2012	1	-15.8279001892358
"J02"	2012	2	-12.2570813561116
"J02"	2012	3	-3.94334537942627
"J02"	2012	4	0.970861641315967
"J02"	2012	5	8.93502048948091
"J02"	2012	6	16.6497290978158
"J02"	2012	7	18.261784292633
"J02"	2012	8	17.6133469144148
"J02"	2012	9	11.5620839602215
"J02"	2012	10	3.9304532981889
"J02"	2012	11	-4.56893990974281
"J02"	2012	12	-12.0731672090103
"J02"	2013	1	-16.2087167501981
"J02"	2013	2	-11.3717669830284
"J02"	2013	3	-2.71902885290697
"J02"	2013	4	0.67933096210004
"J02"	2013	5	8.20496942715152
"J02"	2013	6	13.2537782763924
"J02"	2013	7	18.8447270268453
"J02"	2013	8	15.6662908525514
"J02"	2013	9	9.18200445171237
"J02"	2013	10	3.66472348280347
"J02"	2013	11	-5.93682475439853
"J02"	2013	12	-18.1342251421274
"J02"	2014	1	-16.7896496916314
"J02"	2014	2	-14.1850084829356
"J02"	2014	3	-11.0932699732651
"J02"	2014	4	0.0889773847164531
"J02"	2014	5	6.77470813002816
"J02"	2014	6	16.6582308026162
"J02"	2014	7	19.0282206379452
"J02"	2014	8	17.4188378708834
"J02"	2014	9	9.40182839800597
"J02"	2014	10	3.89905670928166
"J02"	2014	11	-7.00492097191878
"J02"	2014	12	-12.8954054649765
"J02"	2015	1	-17.5708012638243
"J02"	2015	2	-18.7975427908628
"J02"	2015	3	-8.06684309240895
"J02"	2015	4	-0.800692351948341
"J02"	2015	5	8.24423466177876
"J02"	2015	6	13.8629673571478
"J02"	2015	7	16.3120600250602
"J02"	2015	8	17.3711847183965
"J02"	2015	9	12.121551911118
"J02"	2015	10	1.13341263979353
"J02"	2015	11	-4.47332548205867
"J02"	2015	12	-9.45662936591365
"J02"	2016	1	-13.8521452997901
"J02"	2016	2	-13.3099561591325
"J02"	2016	3	-8.04019329717928
"J02"	2016	4	-1.29008808988914
"J02"	2016	5	9.01364782431806
"J02"	2016	6	14.4678100532885
"J02"	2016	7	17.6960030627335
"J02"	2016	8	17.0234691747592
"J02"	2016	9	10.4412715149779
"J02"	2016	10	3.86771082522577
"J02"	2016	11	-3.04190756757627
"J02"	2016	12	-14.0177503695717
