"J02"	1901	1	53.8815191693145
"J02"	1901	2	65.6986602634766
"J02"	1901	3	53.6921636667791
"J02"	1901	4	43.0326094550171
"J02"	1901	5	44.6589506494375
"J02"	1901	6	94.2307954151407
"J02"	1901	7	56.0484487832252
"J02"	1901	8	76.7082273339979
"J02"	1901	9	65.7629727103793
"J02"	1901	10	115.902861377145
"J02"	1901	11	96.7716340452972
"J02"	1901	12	101.50956560033
"J02"	1902	1	96.7173139104381
"J02"	1902	2	57.5434283882929
"J02"	1902	3	72.0832996593043
"J02"	1902	4	58.6329049882984
"J02"	1902	5	92.2085925447852
"J02"	1902	6	218.156722979467
"J02"	1902	7	104.767925188165
"J02"	1902	8	183.122241437334
"J02"	1902	9	134.453138435725
"J02"	1902	10	88.3598818170032
"J02"	1902	11	67.8894381056703
"J02"	1902	12	67.520823165602
"J02"	1903	1	82.3094260287582
"J02"	1903	2	83.2154312699739
"J02"	1903	3	61.7291888864695
"J02"	1903	4	83.1165206114435
"J02"	1903	5	25.3537673848562
"J02"	1903	6	53.5847363852295
"J02"	1903	7	156.165466972848
"J02"	1903	8	108.737962897929
"J02"	1903	9	42.1314345149576
"J02"	1903	10	56.3488781168802
"J02"	1903	11	61.634375231434
"J02"	1903	12	72.5123623651252
"J02"	1904	1	69.9520715402579
"J02"	1904	2	62.2201690978185
"J02"	1904	3	85.2198484064582
"J02"	1904	4	49.3880954499224
"J02"	1904	5	115.800699546326
"J02"	1904	6	48.9587340561409
"J02"	1904	7	145.110360850077
"J02"	1904	8	119.61431722032
"J02"	1904	9	107.644359668267
"J02"	1904	10	77.8399980403884
"J02"	1904	11	74.2669013941015
"J02"	1904	12	55.0029327028683
"J02"	1905	1	45.7956058410848
"J02"	1905	2	55.4585969849131
"J02"	1905	3	23.6178045557761
"J02"	1905	4	46.2776359730102
"J02"	1905	5	59.2804778860544
"J02"	1905	6	77.7308092622204
"J02"	1905	7	62.0451150923088
"J02"	1905	8	69.8685422712579
"J02"	1905	9	156.980672415744
"J02"	1905	10	55.7053021183333
"J02"	1905	11	72.7526348506341
"J02"	1905	12	47.3850741192142
"J02"	1906	1	51.2396610049534
"J02"	1906	2	27.742360415924
"J02"	1906	3	95.484768011137
"J02"	1906	4	67.7390505220924
"J02"	1906	5	61.6617727188443
"J02"	1906	6	69.9383012322742
"J02"	1906	7	28.242867564254
"J02"	1906	8	80.0105871720278
"J02"	1906	9	195.346768994831
"J02"	1906	10	112.266033265368
"J02"	1906	11	88.7428073065688
"J02"	1906	12	60.5223657272444
"J02"	1907	1	45.4320715259065
"J02"	1907	2	40.5965570860423
"J02"	1907	3	58.4816493725228
"J02"	1907	4	71.1687677740592
"J02"	1907	5	67.9236327579047
"J02"	1907	6	136.688807199211
"J02"	1907	7	244.336746028722
"J02"	1907	8	167.897239113976
"J02"	1907	9	136.937317282881
"J02"	1907	10	119.759916795521
"J02"	1907	11	44.7592464602217
"J02"	1907	12	79.7317017359065
"J02"	1908	1	48.919498270803
"J02"	1908	2	73.5867504790486
"J02"	1908	3	56.8647948035743
"J02"	1908	4	78.0297150961742
"J02"	1908	5	90.1953777889702
"J02"	1908	6	151.802633204493
"J02"	1908	7	58.0263159911026
"J02"	1908	8	113.479018787321
"J02"	1908	9	48.6852764256652
"J02"	1908	10	75.2395247088585
"J02"	1908	11	74.0033572674709
"J02"	1908	12	73.888543684955
"J02"	1909	1	39.7517008869075
"J02"	1909	2	67.7234080128287
"J02"	1909	3	83.7620410585522
"J02"	1909	4	32.1971478977208
"J02"	1909	5	79.1341571239863
"J02"	1909	6	152.576611062448
"J02"	1909	7	211.548463983466
"J02"	1909	8	116.220559737176
"J02"	1909	9	158.05602895037
"J02"	1909	10	89.1617046345001
"J02"	1909	11	113.783941987376
"J02"	1909	12	62.196833157813
"J02"	1910	1	53.3281075864931
"J02"	1910	2	64.6740888476082
"J02"	1910	3	47.8684333127768
"J02"	1910	4	62.4601666687402
"J02"	1910	5	58.9428877188335
"J02"	1910	6	140.552445729058
"J02"	1910	7	186.666027232238
"J02"	1910	8	84.1300590411192
"J02"	1910	9	90.9255094554415
"J02"	1910	10	119.309549650619
"J02"	1910	11	141.491039033945
"J02"	1910	12	64.9197701163158
"J02"	1911	1	78.780099412476
"J02"	1911	2	32.60408233809
"J02"	1911	3	30.7514006318532
"J02"	1911	4	30.0307341725404
"J02"	1911	5	51.0084932232404
"J02"	1911	6	146.806245206038
"J02"	1911	7	165.151410181386
"J02"	1911	8	53.46493755587
"J02"	1911	9	65.6624440105735
"J02"	1911	10	43.3961661033936
"J02"	1911	11	72.0901470647988
"J02"	1911	12	74.4019543222491
"J02"	1912	1	67.9846815812394
"J02"	1912	2	45.248773689816
"J02"	1912	3	57.9929783088053
"J02"	1912	4	66.9327820906979
"J02"	1912	5	112.273649303957
"J02"	1912	6	96.1399487867993
"J02"	1912	7	145.977016375997
"J02"	1912	8	114.45299266943
"J02"	1912	9	56.0894754506489
"J02"	1912	10	114.138976921867
"J02"	1912	11	88.101319806602
"J02"	1912	12	56.4678100910673
"J02"	1913	1	77.2856285186592
"J02"	1913	2	36.0928430754466
"J02"	1913	3	71.8186993468781
"J02"	1913	4	52.9608928936915
"J02"	1913	5	55.7249938938957
"J02"	1913	6	86.7915418784695
"J02"	1913	7	157.52734343504
"J02"	1913	8	83.7127150088291
"J02"	1913	9	50.5017642271848
"J02"	1913	10	105.903345554116
"J02"	1913	11	58.9120111882057
"J02"	1913	12	56.0512031273674
"J02"	1914	1	31.676120078735
"J02"	1914	2	54.5840118616411
"J02"	1914	3	33.2378740103007
"J02"	1914	4	51.9986020787161
"J02"	1914	5	77.1693829599324
"J02"	1914	6	81.4538644960946
"J02"	1914	7	92.7872754552573
"J02"	1914	8	69.5543628080483
"J02"	1914	9	57.2575020256931
"J02"	1914	10	80.8056395471814
"J02"	1914	11	100.811101644593
"J02"	1914	12	40.0337227163599
"J02"	1915	1	46.46823358898
"J02"	1915	2	58.0094167533218
"J02"	1915	3	74.162354477269
"J02"	1915	4	45.1462529552685
"J02"	1915	5	93.7017063479889
"J02"	1915	6	68.7616427126585
"J02"	1915	7	90.4352644144644
"J02"	1915	8	105.565900355666
"J02"	1915	9	174.522084220724
"J02"	1915	10	73.1053876420018
"J02"	1915	11	97.7468443114016
"J02"	1915	12	91.4364387530272
"J02"	1916	1	54.0428213117056
"J02"	1916	2	52.9537517341224
"J02"	1916	3	28.3807973922009
"J02"	1916	4	15.5035827701093
"J02"	1916	5	71.0468441838369
"J02"	1916	6	95.0268172226363
"J02"	1916	7	51.9261868759349
"J02"	1916	8	89.5140565560338
"J02"	1916	9	123.585504165516
"J02"	1916	10	84.9077318074932
"J02"	1916	11	94.8085640677082
"J02"	1916	12	123.077527818908
"J02"	1917	1	49.4320922248803
"J02"	1917	2	57.3913580767112
"J02"	1917	3	38.1124925321713
"J02"	1917	4	81.2011828245696
"J02"	1917	5	80.9396762735398
"J02"	1917	6	130.494572847623
"J02"	1917	7	68.4492394216776
"J02"	1917	8	132.377282818993
"J02"	1917	9	59.4322265312295
"J02"	1917	10	120.982407561587
"J02"	1917	11	58.6597126183953
"J02"	1917	12	35.3925686407243
"J02"	1918	1	66.8604755392555
"J02"	1918	2	52.2055233990256
"J02"	1918	3	25.724412641693
"J02"	1918	4	31.1186432628819
"J02"	1918	5	105.452490146605
"J02"	1918	6	142.56108031759
"J02"	1918	7	168.891457810861
"J02"	1918	8	82.215302070667
"J02"	1918	9	181.427032040626
"J02"	1918	10	46.7852183221405
"J02"	1918	11	45.6447585056073
"J02"	1918	12	54.5913792925938
"J02"	1919	1	72.5550577498962
"J02"	1919	2	49.6789961929675
"J02"	1919	3	70.4105921027574
"J02"	1919	4	86.1769564923046
"J02"	1919	5	42.1259309311102
"J02"	1919	6	45.9689481536526
"J02"	1919	7	98.9543954247557
"J02"	1919	8	100.988812111601
"J02"	1919	9	95.1570024454913
"J02"	1919	10	63.1359110611253
"J02"	1919	11	53.8243166975035
"J02"	1919	12	36.6449111070276
"J02"	1920	1	43.5963099401033
"J02"	1920	2	89.3781915782194
"J02"	1920	3	68.666746381744
"J02"	1920	4	83.3545311240268
"J02"	1920	5	16.0931221907273
"J02"	1920	6	42.6286369251189
"J02"	1920	7	132.083320591227
"J02"	1920	8	124.212834915731
"J02"	1920	9	66.8266121215543
"J02"	1920	10	62.5512447634432
"J02"	1920	11	30.8983538267236
"J02"	1920	12	92.2900437509252
"J02"	1921	1	77.2964373680205
"J02"	1921	2	14.4586794709247
"J02"	1921	3	69.3945005125853
"J02"	1921	4	35.09134379581
"J02"	1921	5	31.2761519084321
"J02"	1921	6	57.2454476848249
"J02"	1921	7	77.0735956281588
"J02"	1921	8	114.350199957199
"J02"	1921	9	96.9431717176758
"J02"	1921	10	133.42255004124
"J02"	1921	11	52.1938759732897
"J02"	1921	12	43.2980913173971
"J02"	1922	1	58.3967559072604
"J02"	1922	2	43.5013989642565
"J02"	1922	3	36.7093220491907
"J02"	1922	4	33.5826731454983
"J02"	1922	5	44.0851796554042
"J02"	1922	6	211.895880508139
"J02"	1922	7	109.203190019296
"J02"	1922	8	82.8134839554318
"J02"	1922	9	43.230186008054
"J02"	1922	10	97.5873434029778
"J02"	1922	11	44.8728217834738
"J02"	1922	12	59.6298984742824
"J02"	1923	1	88.8191109746393
"J02"	1923	2	19.6324828106178
"J02"	1923	3	78.3275616507309
"J02"	1923	4	60.7618250298962
"J02"	1923	5	114.301902823059
"J02"	1923	6	83.4676358977997
"J02"	1923	7	84.3063908919673
"J02"	1923	8	126.232377827701
"J02"	1923	9	69.4924452102993
"J02"	1923	10	125.716430867279
"J02"	1923	11	111.88042841878
"J02"	1923	12	60.7469953390951
"J02"	1924	1	70.2917942494541
"J02"	1924	2	41.3955484543483
"J02"	1924	3	44.5328092088818
"J02"	1924	4	72.2870349560581
"J02"	1924	5	109.712061843066
"J02"	1924	6	85.8258627465981
"J02"	1924	7	138.184913485076
"J02"	1924	8	103.067412718173
"J02"	1924	9	169.804413861466
"J02"	1924	10	35.9728777937585
"J02"	1924	11	70.4664703351542
"J02"	1924	12	48.839587985983
"J02"	1925	1	52.5933083179849
"J02"	1925	2	74.3577511469799
"J02"	1925	3	91.2822868182791
"J02"	1925	4	79.9039238689475
"J02"	1925	5	57.6464997451652
"J02"	1925	6	73.1007931031658
"J02"	1925	7	210.496089684127
"J02"	1925	8	57.0621208870985
"J02"	1925	9	116.936967626624
"J02"	1925	10	107.958969957457
"J02"	1925	11	120.677873748525
"J02"	1925	12	60.5096842023303
"J02"	1926	1	30.6752866666505
"J02"	1926	2	41.9408259683594
"J02"	1926	3	49.445250769979
"J02"	1926	4	39.9219800465372
"J02"	1926	5	63.250272691136
"J02"	1926	6	90.0061538244865
"J02"	1926	7	79.2234342114077
"J02"	1926	8	161.759309150875
"J02"	1926	9	98.9419227676264
"J02"	1926	10	122.231229403716
"J02"	1926	11	102.706366608391
"J02"	1926	12	50.1389107636884
"J02"	1927	1	62.9845234734143
"J02"	1927	2	40.580839963943
"J02"	1927	3	31.4629341673353
"J02"	1927	4	69.13528668215
"J02"	1927	5	120.284114032155
"J02"	1927	6	65.6541924996755
"J02"	1927	7	119.66249544567
"J02"	1927	8	121.48291604313
"J02"	1927	9	101.95878771215
"J02"	1927	10	110.237963633489
"J02"	1927	11	169.786444538287
"J02"	1927	12	95.0225167508334
"J02"	1928	1	70.8120562432895
"J02"	1928	2	38.6891594579034
"J02"	1928	3	48.0904515008492
"J02"	1928	4	62.3270988756957
"J02"	1928	5	72.4052638668683
"J02"	1928	6	91.6749827720155
"J02"	1928	7	108.840982276921
"J02"	1928	8	89.0321910990765
"J02"	1928	9	80.1481284382389
"J02"	1928	10	99.7814700730168
"J02"	1928	11	52.1624032384873
"J02"	1928	12	90.8386794124287
"J02"	1929	1	67.6616495929696
"J02"	1929	2	26.525411681268
"J02"	1929	3	71.2473584261981
"J02"	1929	4	77.6187640205817
"J02"	1929	5	61.912634517026
"J02"	1929	6	134.765056100733
"J02"	1929	7	153.163075776788
"J02"	1929	8	138.504530571328
"J02"	1929	9	77.0627680546084
"J02"	1929	10	105.591739603575
"J02"	1929	11	59.3268132768206
"J02"	1929	12	78.66484168014
"J02"	1930	1	65.464045776774
"J02"	1930	2	45.1367904281103
"J02"	1930	3	84.1138570184148
"J02"	1930	4	47.4785952411801
"J02"	1930	5	67.4097877759246
"J02"	1930	6	153.320514055835
"J02"	1930	7	135.951900676662
"J02"	1930	8	127.814911675628
"J02"	1930	9	126.784199024111
"J02"	1930	10	22.1906500553638
"J02"	1930	11	60.0997922898536
"J02"	1930	12	42.6009254647665
"J02"	1931	1	73.6373760615669
"J02"	1931	2	36.8304313988503
"J02"	1931	3	33.0591295175587
"J02"	1931	4	38.5520845782227
"J02"	1931	5	61.0513216029933
"J02"	1931	6	97.926678729121
"J02"	1931	7	150.243545367539
"J02"	1931	8	74.0037426666039
"J02"	1931	9	162.580787191094
"J02"	1931	10	98.8138012945662
"J02"	1931	11	47.9584272584817
"J02"	1931	12	73.434442591953
"J02"	1932	1	58.0810346000885
"J02"	1932	2	39.0335582815197
"J02"	1932	3	114.393609372688
"J02"	1932	4	61.8032438610147
"J02"	1932	5	28.6576442442536
"J02"	1932	6	113.147755016668
"J02"	1932	7	173.017649629711
"J02"	1932	8	187.429545046614
"J02"	1932	9	131.211399080161
"J02"	1932	10	94.4336952805835
"J02"	1932	11	70.8175021658567
"J02"	1932	12	58.8856642872742
"J02"	1933	1	73.8366119512487
"J02"	1933	2	88.3826805482272
"J02"	1933	3	73.63022619629
"J02"	1933	4	84.0970930830873
"J02"	1933	5	91.7717586679109
"J02"	1933	6	126.800476570044
"J02"	1933	7	74.9497851299291
"J02"	1933	8	89.4839138293757
"J02"	1933	9	142.86536108783
"J02"	1933	10	71.3348404207041
"J02"	1933	11	129.855336394866
"J02"	1933	12	92.2439942096637
"J02"	1934	1	49.974751194057
"J02"	1934	2	73.3588278501006
"J02"	1934	3	64.9200931730154
"J02"	1934	4	79.0451788590658
"J02"	1934	5	50.2031802114804
"J02"	1934	6	143.858767481876
"J02"	1934	7	101.307428533481
"J02"	1934	8	93.4984298339964
"J02"	1934	9	58.009108216618
"J02"	1934	10	68.8555219088809
"J02"	1934	11	76.7937620042952
"J02"	1934	12	58.0022161591539
"J02"	1935	1	70.5528857706555
"J02"	1935	2	32.1845975116004
"J02"	1935	3	56.4095307438631
"J02"	1935	4	50.2863996057084
"J02"	1935	5	30.9341429206219
"J02"	1935	6	124.684154703468
"J02"	1935	7	124.243588872107
"J02"	1935	8	69.4353471128127
"J02"	1935	9	80.5228121415336
"J02"	1935	10	82.4568101997072
"J02"	1935	11	67.7959251981082
"J02"	1935	12	56.0111846395974
"J02"	1936	1	88.9702951370142
"J02"	1936	2	58.1293517414949
"J02"	1936	3	52.9194577223982
"J02"	1936	4	80.0791728180197
"J02"	1936	5	124.027309305366
"J02"	1936	6	144.282869867813
"J02"	1936	7	121.786427990585
"J02"	1936	8	80.6554227363565
"J02"	1936	9	68.8394319894238
"J02"	1936	10	104.222565438643
"J02"	1936	11	70.1633172226885
"J02"	1936	12	70.672958992276
"J02"	1937	1	65.4009818714979
"J02"	1937	2	61.9281486511256
"J02"	1937	3	47.8015656030573
"J02"	1937	4	21.4077466030223
"J02"	1937	5	67.8535531035892
"J02"	1937	6	121.594652344474
"J02"	1937	7	98.5971809968831
"J02"	1937	8	144.708083329414
"J02"	1937	9	132.914911717324
"J02"	1937	10	122.360110617326
"J02"	1937	11	109.890284349905
"J02"	1937	12	57.0150658083929
"J02"	1938	1	57.1982554914881
"J02"	1938	2	33.6966895586884
"J02"	1938	3	32.5427067384617
"J02"	1938	4	67.04866408577
"J02"	1938	5	47.5347759100957
"J02"	1938	6	84.1322094018253
"J02"	1938	7	141.093316022408
"J02"	1938	8	160.586862147616
"J02"	1938	9	104.473255218234
"J02"	1938	10	40.3713922078473
"J02"	1938	11	55.1129847412723
"J02"	1938	12	74.7605821873249
"J02"	1939	1	46.3781943026881
"J02"	1939	2	83.9236213404158
"J02"	1939	3	46.9372985213297
"J02"	1939	4	36.3069883518493
"J02"	1939	5	54.8508227651423
"J02"	1939	6	82.0134369655253
"J02"	1939	7	176.978539706228
"J02"	1939	8	125.214528924972
"J02"	1939	9	116.925803143034
"J02"	1939	10	108.57958725121
"J02"	1939	11	29.2592278791901
"J02"	1939	12	57.4586870111734
"J02"	1940	1	56.2916141607153
"J02"	1940	2	32.0722752183838
"J02"	1940	3	73.1787704361382
"J02"	1940	4	48.6010155678966
"J02"	1940	5	68.9850446588975
"J02"	1940	6	156.645225069286
"J02"	1940	7	74.6892315302169
"J02"	1940	8	64.1100197385335
"J02"	1940	9	110.823420686432
"J02"	1940	10	73.5037950660813
"J02"	1940	11	127.114237976261
"J02"	1940	12	68.455774416599
"J02"	1941	1	45.9023282809844
"J02"	1941	2	53.8783741032263
"J02"	1941	3	69.261185302158
"J02"	1941	4	62.7946082445779
"J02"	1941	5	54.9444947594277
"J02"	1941	6	99.8590939939825
"J02"	1941	7	96.0339405241806
"J02"	1941	8	129.718149018098
"J02"	1941	9	161.59850396235
"J02"	1941	10	138.02804209624
"J02"	1941	11	111.815544222946
"J02"	1941	12	74.6649428793616
"J02"	1942	1	46.4891260083501
"J02"	1942	2	108.477051606367
"J02"	1942	3	71.6555785991949
"J02"	1942	4	48.1034421493154
"J02"	1942	5	45.635992711364
"J02"	1942	6	150.275292229653
"J02"	1942	7	123.703603689364
"J02"	1942	8	67.6086512537437
"J02"	1942	9	100.302748752684
"J02"	1942	10	84.3773569990626
"J02"	1942	11	59.5697210560475
"J02"	1942	12	75.0792162566761
"J02"	1943	1	42.6822664634502
"J02"	1943	2	49.1247671127245
"J02"	1943	3	58.5125320820056
"J02"	1943	4	61.6757363551918
"J02"	1943	5	56.035230189586
"J02"	1943	6	100.901059534966
"J02"	1943	7	117.885212477806
"J02"	1943	8	142.674757076009
"J02"	1943	9	47.0968344291651
"J02"	1943	10	123.398144885329
"J02"	1943	11	60.3145395191396
"J02"	1943	12	45.4149079312238
"J02"	1944	1	34.6103203457251
"J02"	1944	2	70.3779391459873
"J02"	1944	3	63.6354447268389
"J02"	1944	4	36.816908426345
"J02"	1944	5	72.1031984145152
"J02"	1944	6	88.5561147026019
"J02"	1944	7	115.364047554216
"J02"	1944	8	104.895066467454
"J02"	1944	9	113.94195303388
"J02"	1944	10	91.8916071244005
"J02"	1944	11	57.087418539548
"J02"	1944	12	80.552236809584
"J02"	1945	1	113.281024899906
"J02"	1945	2	44.7868287833456
"J02"	1945	3	52.0928975394003
"J02"	1945	4	72.1910300513311
"J02"	1945	5	92.0550725637425
"J02"	1945	6	116.234315891854
"J02"	1945	7	142.728896762024
"J02"	1945	8	71.4696589401592
"J02"	1945	9	131.217251828445
"J02"	1945	10	95.3344135408926
"J02"	1945	11	67.8024244090366
"J02"	1945	12	69.7763938283323
"J02"	1946	1	69.4715481873872
"J02"	1946	2	71.4619729954124
"J02"	1946	3	61.1866630577685
"J02"	1946	4	60.4901374946542
"J02"	1946	5	74.4752060077385
"J02"	1946	6	78.872725192538
"J02"	1946	7	123.439874699274
"J02"	1946	8	65.7995703048863
"J02"	1946	9	61.789269853213
"J02"	1946	10	71.2601282571231
"J02"	1946	11	57.2988741546539
"J02"	1946	12	87.2968844193594
"J02"	1947	1	44.9833433586077
"J02"	1947	2	68.6991608848099
"J02"	1947	3	57.419450349538
"J02"	1947	4	59.2341253436951
"J02"	1947	5	119.936237048041
"J02"	1947	6	81.916803885031
"J02"	1947	7	137.67256711365
"J02"	1947	8	70.175855516983
"J02"	1947	9	100.965463773855
"J02"	1947	10	42.3365469738166
"J02"	1947	11	93.9684833890748
"J02"	1947	12	51.9335883533105
"J02"	1948	1	34.3817493306083
"J02"	1948	2	26.5806640403336
"J02"	1948	3	36.4099585533705
"J02"	1948	4	59.4032014633119
"J02"	1948	5	105.006038614577
"J02"	1948	6	71.443038687493
"J02"	1948	7	104.780449064686
"J02"	1948	8	120.64091284181
"J02"	1948	9	94.7415716571971
"J02"	1948	10	72.672573291963
"J02"	1948	11	91.361471262967
"J02"	1948	12	53.6056967395564
"J02"	1949	1	54.5782996135255
"J02"	1949	2	37.1753611811792
"J02"	1949	3	62.3892967477246
"J02"	1949	4	43.4293971592759
"J02"	1949	5	110.625586043336
"J02"	1949	6	111.405057323513
"J02"	1949	7	89.9437100710571
"J02"	1949	8	156.851583585127
"J02"	1949	9	102.72680974873
"J02"	1949	10	74.0487345104563
"J02"	1949	11	72.8626638708941
"J02"	1949	12	46.8373683951999
"J02"	1950	1	61.746589836251
"J02"	1950	2	63.7270671702952
"J02"	1950	3	43.7039524309219
"J02"	1950	4	70.5503092241082
"J02"	1950	5	42.3366249981818
"J02"	1950	6	162.929067875114
"J02"	1950	7	124.600970438748
"J02"	1950	8	70.8362280842598
"J02"	1950	9	54.3994073815591
"J02"	1950	10	117.990457142041
"J02"	1950	11	166.057342522411
"J02"	1950	12	86.6038014875565
"J02"	1951	1	79.5169613969235
"J02"	1951	2	72.4788334396481
"J02"	1951	3	63.4734091042725
"J02"	1951	4	76.1153569343628
"J02"	1951	5	63.2476368202788
"J02"	1951	6	72.5241807504047
"J02"	1951	7	144.090923216327
"J02"	1951	8	88.1564290300525
"J02"	1951	9	80.9471374112153
"J02"	1951	10	93.3252333983939
"J02"	1951	11	86.3028925584733
"J02"	1951	12	68.4007427030503
"J02"	1952	1	70.7807375216284
"J02"	1952	2	78.6352204687453
"J02"	1952	3	61.6651242809199
"J02"	1952	4	48.0268251379341
"J02"	1952	5	62.8192534772268
"J02"	1952	6	132.07801534473
"J02"	1952	7	113.785839269564
"J02"	1952	8	132.348839720861
"J02"	1952	9	86.0571005540676
"J02"	1952	10	136.252595344903
"J02"	1952	11	30.8071159855241
"J02"	1952	12	29.4483718384196
"J02"	1953	1	79.5473344823352
"J02"	1953	2	72.5573979482137
"J02"	1953	3	92.1908603206444
"J02"	1953	4	88.4157270119823
"J02"	1953	5	40.8277203076857
"J02"	1953	6	82.6415858871092
"J02"	1953	7	135.996337237646
"J02"	1953	8	55.7915316908365
"J02"	1953	9	128.612011456916
"J02"	1953	10	50.6965799696348
"J02"	1953	11	64.1473692259226
"J02"	1953	12	91.1064288562324
"J02"	1954	1	48.8732794694468
"J02"	1954	2	56.1434751922557
"J02"	1954	3	51.4364999472616
"J02"	1954	4	76.3255726102904
"J02"	1954	5	86.7785319709235
"J02"	1954	6	93.0888690516629
"J02"	1954	7	183.611229395695
"J02"	1954	8	146.178140454501
"J02"	1954	9	125.274685711192
"J02"	1954	10	87.0304337728714
"J02"	1954	11	89.5765954254323
"J02"	1954	12	117.723437468515
"J02"	1955	1	77.9581432904242
"J02"	1955	2	48.3352456656252
"J02"	1955	3	117.769518790005
"J02"	1955	4	35.0363414876175
"J02"	1955	5	79.0236878270947
"J02"	1955	6	61.12600683263
"J02"	1955	7	70.6866507588115
"J02"	1955	8	107.024386944815
"J02"	1955	9	131.760180108817
"J02"	1955	10	50.5805044326658
"J02"	1955	11	60.8953505311544
"J02"	1955	12	46.4980407595645
"J02"	1956	1	74.3936423434117
"J02"	1956	2	37.8558976052863
"J02"	1956	3	38.1051366056489
"J02"	1956	4	45.1397606398414
"J02"	1956	5	62.466058175362
"J02"	1956	6	85.3788600899118
"J02"	1956	7	123.93323861833
"J02"	1956	8	104.046388566973
"J02"	1956	9	108.374196634493
"J02"	1956	10	69.3664713268068
"J02"	1956	11	64.400987312315
"J02"	1956	12	64.9450979116983
"J02"	1957	1	34.0471637800405
"J02"	1957	2	49.7282185421453
"J02"	1957	3	43.1899457701793
"J02"	1957	4	54.0732453359351
"J02"	1957	5	43.8372327398323
"J02"	1957	6	135.213928190539
"J02"	1957	7	96.9279377973621
"J02"	1957	8	57.5770942884449
"J02"	1957	9	149.620150095291
"J02"	1957	10	76.2580526821498
"J02"	1957	11	88.7647643241883
"J02"	1957	12	89.6246124460818
"J02"	1958	1	74.9365300681036
"J02"	1958	2	73.8803836637479
"J02"	1958	3	22.3433635153406
"J02"	1958	4	61.5998815562995
"J02"	1958	5	68.6760320634367
"J02"	1958	6	168.070593420572
"J02"	1958	7	115.734942582855
"J02"	1958	8	154.831602892926
"J02"	1958	9	91.8340705946485
"J02"	1958	10	77.9739245094289
"J02"	1958	11	75.2221948676871
"J02"	1958	12	43.6469057868819
"J02"	1959	1	69.241044181315
"J02"	1959	2	36.6463096288312
"J02"	1959	3	75.8400783227834
"J02"	1959	4	59.5044700032221
"J02"	1959	5	45.9594294096291
"J02"	1959	6	136.348973557655
"J02"	1959	7	79.4251876187948
"J02"	1959	8	84.3625200143833
"J02"	1959	9	74.2178123703301
"J02"	1959	10	103.936415833101
"J02"	1959	11	122.430873369837
"J02"	1959	12	38.5543264744999
"J02"	1960	1	58.7039425721032
"J02"	1960	2	96.1608547018362
"J02"	1960	3	41.0507193349214
"J02"	1960	4	45.7210753218983
"J02"	1960	5	53.7062087712869
"J02"	1960	6	91.4742944690631
"J02"	1960	7	107.802055018675
"J02"	1960	8	77.0781282113331
"J02"	1960	9	112.185843031528
"J02"	1960	10	73.5652641081863
"J02"	1960	11	99.3545257925166
"J02"	1960	12	54.8923376721626
"J02"	1961	1	47.9767457549144
"J02"	1961	2	40.5108330538554
"J02"	1961	3	60.8802715766139
"J02"	1961	4	26.1907630813762
"J02"	1961	5	78.4449411936739
"J02"	1961	6	113.713113114506
"J02"	1961	7	95.2338825038639
"J02"	1961	8	109.989399030377
"J02"	1961	9	103.081911674837
"J02"	1961	10	62.2977570170484
"J02"	1961	11	55.2887701468869
"J02"	1961	12	61.3027854180218
"J02"	1962	1	69.2478561556898
"J02"	1962	2	30.5467436568804
"J02"	1962	3	24.8690765833869
"J02"	1962	4	62.8757348119792
"J02"	1962	5	70.6094534124282
"J02"	1962	6	87.238655798831
"J02"	1962	7	113.546372886331
"J02"	1962	8	87.5895491781962
"J02"	1962	9	110.085331007562
"J02"	1962	10	77.3371710831949
"J02"	1962	11	56.6892332856292
"J02"	1962	12	79.3937455563316
"J02"	1963	1	62.2446661406053
"J02"	1963	2	49.6523883117806
"J02"	1963	3	45.8125507867507
"J02"	1963	4	62.0546601314846
"J02"	1963	5	66.9067019111141
"J02"	1963	6	97.4441471457068
"J02"	1963	7	150.064315790707
"J02"	1963	8	83.4706571340239
"J02"	1963	9	92.8593102249093
"J02"	1963	10	75.6013446116706
"J02"	1963	11	107.292780359964
"J02"	1963	12	31.5542283222689
"J02"	1964	1	67.2557292946494
"J02"	1964	2	34.3442921833026
"J02"	1964	3	84.5933488013959
"J02"	1964	4	18.3847399396374
"J02"	1964	5	115.351620937599
"J02"	1964	6	153.32566368674
"J02"	1964	7	132.755041599737
"J02"	1964	8	124.935734543305
"J02"	1964	9	71.0213475363944
"J02"	1964	10	86.3996520920155
"J02"	1964	11	63.6010702874157
"J02"	1964	12	66.429306021283
"J02"	1965	1	59.1974814342315
"J02"	1965	2	57.5770478169771
"J02"	1965	3	19.8265083318766
"J02"	1965	4	25.4161760547899
"J02"	1965	5	73.1133473299399
"J02"	1965	6	82.4451327118459
"J02"	1965	7	121.508293023234
"J02"	1965	8	124.886461998575
"J02"	1965	9	97.8917403250777
"J02"	1965	10	120.379084368979
"J02"	1965	11	62.8575995936496
"J02"	1965	12	41.1468505474236
"J02"	1966	1	57.4328011014377
"J02"	1966	2	32.5514560696273
"J02"	1966	3	65.0962099807658
"J02"	1966	4	37.1336566369749
"J02"	1966	5	60.1823481941553
"J02"	1966	6	74.4248499484824
"J02"	1966	7	192.853909341463
"J02"	1966	8	116.20517175745
"J02"	1966	9	102.158750841725
"J02"	1966	10	131.649903074649
"J02"	1966	11	134.873835658052
"J02"	1966	12	68.0540057341078
"J02"	1967	1	55.5675561571585
"J02"	1967	2	47.3928176584331
"J02"	1967	3	16.7836454081674
"J02"	1967	4	34.8524220546045
"J02"	1967	5	74.0397059625893
"J02"	1967	6	85.2627303103332
"J02"	1967	7	168.350649868359
"J02"	1967	8	93.2959024421185
"J02"	1967	9	146.158925893093
"J02"	1967	10	104.090277353343
"J02"	1967	11	85.8898390382165
"J02"	1967	12	66.0075137282565
"J02"	1968	1	43.3585465062968
"J02"	1968	2	60.1106933949509
"J02"	1968	3	64.612803259942
"J02"	1968	4	71.4551673949163
"J02"	1968	5	14.9259863318598
"J02"	1968	6	82.8551785373262
"J02"	1968	7	107.029247604213
"J02"	1968	8	127.693309697188
"J02"	1968	9	71.3002842124879
"J02"	1968	10	109.7258439903
"J02"	1968	11	48.0580773085726
"J02"	1968	12	95.146357012107
"J02"	1969	1	87.7338521815672
"J02"	1969	2	64.8123292563548
"J02"	1969	3	63.9216434596976
"J02"	1969	4	47.01884564021
"J02"	1969	5	73.3847574626427
"J02"	1969	6	110.524994354653
"J02"	1969	7	104.694541146629
"J02"	1969	8	126.280721449877
"J02"	1969	9	125.869849861943
"J02"	1969	10	89.7036641257146
"J02"	1969	11	103.227765745259
"J02"	1969	12	96.6669366325764
"J02"	1970	1	45.0430552900313
"J02"	1970	2	59.4004374956561
"J02"	1970	3	60.8039940597584
"J02"	1970	4	48.0683732801872
"J02"	1970	5	77.5661731046249
"J02"	1970	6	116.581085985398
"J02"	1970	7	122.848663448169
"J02"	1970	8	127.511988970971
"J02"	1970	9	77.4087098509491
"J02"	1970	10	74.5618432000847
"J02"	1970	11	75.5347881213459
"J02"	1970	12	39.0318309227995
"J02"	1971	1	48.3248527978299
"J02"	1971	2	59.4791126272075
"J02"	1971	3	60.189395440257
"J02"	1971	4	77.6924741344507
"J02"	1971	5	67.4324602675646
"J02"	1971	6	70.6523200945873
"J02"	1971	7	110.288508741558
"J02"	1971	8	145.307757502321
"J02"	1971	9	107.081998560844
"J02"	1971	10	107.275398253763
"J02"	1971	11	80.3547832772972
"J02"	1971	12	65.9399481849183
"J02"	1972	1	64.3606050184454
"J02"	1972	2	57.1296011308599
"J02"	1972	3	89.4658338382582
"J02"	1972	4	26.1314620451562
"J02"	1972	5	50.0816747267799
"J02"	1972	6	122.486282881025
"J02"	1972	7	94.7967588204611
"J02"	1972	8	110.353213753975
"J02"	1972	9	148.370979397072
"J02"	1972	10	84.4188132910957
"J02"	1972	11	66.2144142653983
"J02"	1972	12	66.2933003090895
"J02"	1973	1	68.7902340100882
"J02"	1973	2	67.628335497751
"J02"	1973	3	68.7815575563744
"J02"	1973	4	93.0729245920278
"J02"	1973	5	97.4260454288107
"J02"	1973	6	87.3132466487347
"J02"	1973	7	126.252807547411
"J02"	1973	8	107.197327273691
"J02"	1973	9	87.1669236227925
"J02"	1973	10	121.785962528366
"J02"	1973	11	70.7293566991101
"J02"	1973	12	140.292486626868
"J02"	1974	1	32.817075452361
"J02"	1974	2	37.8224119502455
"J02"	1974	3	73.5924876363136
"J02"	1974	4	62.4323331159804
"J02"	1974	5	75.8105393856088
"J02"	1974	6	80.2871725598809
"J02"	1974	7	102.675324374816
"J02"	1974	8	114.244955509521
"J02"	1974	9	99.1519609191148
"J02"	1974	10	96.6456591074781
"J02"	1974	11	59.7862663227259
"J02"	1974	12	73.2681181810933
"J02"	1975	1	50.2840301047428
"J02"	1975	2	29.9910306498178
"J02"	1975	3	69.8579533775402
"J02"	1975	4	55.2425780702545
"J02"	1975	5	46.3447078723677
"J02"	1975	6	131.054885294554
"J02"	1975	7	119.485430915967
"J02"	1975	8	83.1693784697711
"J02"	1975	9	104.832455624213
"J02"	1975	10	50.1384378820163
"J02"	1975	11	81.724170107459
"J02"	1975	12	56.7854203816377
"J02"	1976	1	62.8555007488129
"J02"	1976	2	69.3840893681382
"J02"	1976	3	51.4377253856921
"J02"	1976	4	79.0757791020376
"J02"	1976	5	102.728880362195
"J02"	1976	6	64.6830639146897
"J02"	1976	7	124.469165351389
"J02"	1976	8	117.041683370978
"J02"	1976	9	115.416817862804
"J02"	1976	10	112.509052281697
"J02"	1976	11	60.0676567190643
"J02"	1976	12	90.0341933323231
"J02"	1977	1	63.7207128229049
"J02"	1977	2	58.1369595942783
"J02"	1977	3	40.592288153549
"J02"	1977	4	54.25392017848
"J02"	1977	5	47.7533748543215
"J02"	1977	6	122.006345593498
"J02"	1977	7	119.189380643196
"J02"	1977	8	112.629848146056
"J02"	1977	9	80.2725935693335
"J02"	1977	10	81.8325475296064
"J02"	1977	11	101.502076469867
"J02"	1977	12	51.7000033994304
"J02"	1978	1	66.1270186288255
"J02"	1978	2	56.4080346312945
"J02"	1978	3	75.8936663555254
"J02"	1978	4	52.7622798375018
"J02"	1978	5	78.4675265122962
"J02"	1978	6	171.64597895573
"J02"	1978	7	115.153837429813
"J02"	1978	8	102.66143555884
"J02"	1978	9	89.8585727374802
"J02"	1978	10	97.7811026155865
"J02"	1978	11	62.9582308424486
"J02"	1978	12	94.3391965147369
"J02"	1979	1	76.8958256119026
"J02"	1979	2	51.0990014799635
"J02"	1979	3	91.7823704034492
"J02"	1979	4	72.4464881094581
"J02"	1979	5	100.06399052719
"J02"	1979	6	153.885267660151
"J02"	1979	7	156.564741917788
"J02"	1979	8	117.616529497615
"J02"	1979	9	115.016497221424
"J02"	1979	10	83.3121455438048
"J02"	1979	11	69.9462815662189
"J02"	1979	12	66.7311965526862
"J02"	1980	1	84.3256777258781
"J02"	1980	2	30.4722233482965
"J02"	1980	3	91.6511841942788
"J02"	1980	4	55.5372021517564
"J02"	1980	5	68.1014269956838
"J02"	1980	6	109.078273463197
"J02"	1980	7	140.110228783467
"J02"	1980	8	76.1263324966721
"J02"	1980	9	118.617401293141
"J02"	1980	10	100.047046864014
"J02"	1980	11	63.0265070590277
"J02"	1980	12	81.1009222286414
"J02"	1981	1	73.713739645582
"J02"	1981	2	78.8831483834628
"J02"	1981	3	53.0808753567292
"J02"	1981	4	76.6076607090351
"J02"	1981	5	100.081992596131
"J02"	1981	6	111.445924125222
"J02"	1981	7	107.832964134558
"J02"	1981	8	89.5766522424129
"J02"	1981	9	81.9531232166243
"J02"	1981	10	90.4367839172987
"J02"	1981	11	72.5362298654598
"J02"	1981	12	53.8161007678994
"J02"	1982	1	52.3266825684463
"J02"	1982	2	25.9167480694342
"J02"	1982	3	54.0705905682278
"J02"	1982	4	115.169734675839
"J02"	1982	5	38.2759511048038
"J02"	1982	6	115.569864828737
"J02"	1982	7	97.6061372276661
"J02"	1982	8	111.069252539285
"J02"	1982	9	85.9959548966926
"J02"	1982	10	47.0961452915102
"J02"	1982	11	83.432988561425
"J02"	1982	12	77.3795032281448
"J02"	1983	1	65.2814996343222
"J02"	1983	2	87.3902412157739
"J02"	1983	3	97.8372833330358
"J02"	1983	4	92.4189588335713
"J02"	1983	5	86.2234146326442
"J02"	1983	6	81.7761870510459
"J02"	1983	7	97.9490479439121
"J02"	1983	8	89.0786016643447
"J02"	1983	9	136.550549950381
"J02"	1983	10	80.4787412330573
"J02"	1983	11	128.941748873684
"J02"	1983	12	85.4008193944148
"J02"	1984	1	47.6181301383498
"J02"	1984	2	67.9412369717288
"J02"	1984	3	50.1504746045542
"J02"	1984	4	29.5247248289325
"J02"	1984	5	94.2925268448338
"J02"	1984	6	92.6394489665642
"J02"	1984	7	146.535867936251
"J02"	1984	8	90.8236819014911
"J02"	1984	9	92.3120380304498
"J02"	1984	10	43.6805716551587
"J02"	1984	11	82.4292834869591
"J02"	1984	12	56.8832103242557
"J02"	1985	1	43.3321369097784
"J02"	1985	2	57.836151615045
"J02"	1985	3	55.8409837861142
"J02"	1985	4	38.7507961565035
"J02"	1985	5	72.2106964450879
"J02"	1985	6	90.8750784611577
"J02"	1985	7	142.105823121285
"J02"	1985	8	84.7176526000963
"J02"	1985	9	91.0535237127081
"J02"	1985	10	85.725654097521
"J02"	1985	11	47.2862975969381
"J02"	1985	12	46.9522907760005
"J02"	1986	1	80.9755052142436
"J02"	1986	2	38.9530150309014
"J02"	1986	3	40.9663022334684
"J02"	1986	4	73.404677192202
"J02"	1986	5	61.655285608791
"J02"	1986	6	149.062741950961
"J02"	1986	7	121.927010068152
"J02"	1986	8	120.810943867039
"J02"	1986	9	116.196258004018
"J02"	1986	10	73.0421164990708
"J02"	1986	11	68.2253814082022
"J02"	1986	12	44.1893717927805
"J02"	1987	1	41.0253343706801
"J02"	1987	2	19.5027087636981
"J02"	1987	3	35.0711507929259
"J02"	1987	4	38.8874150384399
"J02"	1987	5	68.7631572783042
"J02"	1987	6	129.243403404253
"J02"	1987	7	114.818111463556
"J02"	1987	8	97.3742342821653
"J02"	1987	9	107.485635924699
"J02"	1987	10	89.0855016320648
"J02"	1987	11	93.1403528473023
"J02"	1987	12	54.7986628543753
"J02"	1988	1	72.3788131484386
"J02"	1988	2	79.3027107184285
"J02"	1988	3	58.7158353590353
"J02"	1988	4	61.1570692558871
"J02"	1988	5	59.7604132120564
"J02"	1988	6	150.281017615979
"J02"	1988	7	79.2023171135186
"J02"	1988	8	109.026500573696
"J02"	1988	9	130.910698288472
"J02"	1988	10	94.3294997020536
"J02"	1988	11	71.9493817458692
"J02"	1988	12	56.8880489872418
"J02"	1989	1	52.3987957844203
"J02"	1989	2	26.6912137667411
"J02"	1989	3	42.1247430365884
"J02"	1989	4	54.0998790149465
"J02"	1989	5	71.5435639737217
"J02"	1989	6	101.650588217021
"J02"	1989	7	65.0712842164043
"J02"	1989	8	122.981452402274
"J02"	1989	9	82.1928144740333
"J02"	1989	10	93.8434500395833
"J02"	1989	11	73.2412782475069
"J02"	1989	12	53.804061042623
"J02"	1990	1	60.3517274090396
"J02"	1990	2	44.8472678194794
"J02"	1990	3	27.348698435396
"J02"	1990	4	40.8904394073117
"J02"	1990	5	72.4273252760416
"J02"	1990	6	85.4116671602826
"J02"	1990	7	95.814755175973
"J02"	1990	8	86.7637156975828
"J02"	1990	9	144.405687999598
"J02"	1990	10	126.172320073287
"J02"	1990	11	102.997805819358
"J02"	1990	12	85.733683296953
"J02"	1991	1	40.0082465481472
"J02"	1991	2	37.7059492764358
"J02"	1991	3	84.0862870300307
"J02"	1991	4	36.9496710590689
"J02"	1991	5	62.0160298048794
"J02"	1991	6	69.3200675701836
"J02"	1991	7	104.593013508352
"J02"	1991	8	125.827795575546
"J02"	1991	9	78.8909923431832
"J02"	1991	10	156.947630200258
"J02"	1991	11	59.277832152918
"J02"	1991	12	53.2447744528804
"J02"	1992	1	77.6209942035193
"J02"	1992	2	39.7314454938326
"J02"	1992	3	46.4035543586969
"J02"	1992	4	59.853864484023
"J02"	1992	5	41.9042045728762
"J02"	1992	6	152.838745240949
"J02"	1992	7	139.003463454862
"J02"	1992	8	149.491266410759
"J02"	1992	9	103.265485220427
"J02"	1992	10	82.0293053293043
"J02"	1992	11	48.4597736194061
"J02"	1992	12	40.5690746382475
"J02"	1993	1	39.1775640172474
"J02"	1993	2	57.8935964123524
"J02"	1993	3	36.0643161178791
"J02"	1993	4	65.1961176494904
"J02"	1993	5	97.8286887877192
"J02"	1993	6	96.884106290356
"J02"	1993	7	119.716296447972
"J02"	1993	8	138.658714036153
"J02"	1993	9	116.091863937544
"J02"	1993	10	106.617861866638
"J02"	1993	11	69.5700511222936
"J02"	1993	12	64.7991631053249
"J02"	1994	1	76.2679980421579
"J02"	1994	2	51.0486748046292
"J02"	1994	3	60.7779516083382
"J02"	1994	4	61.8838044489694
"J02"	1994	5	68.2032643955616
"J02"	1994	6	140.339879313662
"J02"	1994	7	154.107361394514
"J02"	1994	8	122.793961195023
"J02"	1994	9	114.493999023242
"J02"	1994	10	45.8424099911767
"J02"	1994	11	130.521349745936
"J02"	1994	12	56.5256091901864
"J02"	1995	1	93.2287332255312
"J02"	1995	2	82.2614020589327
"J02"	1995	3	71.64017717511
"J02"	1995	4	68.8810819927365
"J02"	1995	5	65.6693948908556
"J02"	1995	6	59.7261302209464
"J02"	1995	7	122.626558820676
"J02"	1995	8	73.4795110367053
"J02"	1995	9	105.984335431174
"J02"	1995	10	113.945415835734
"J02"	1995	11	95.2364573242471
"J02"	1995	12	55.7066744520743
"J02"	1996	1	78.2237560918017
"J02"	1996	2	84.7510999815179
"J02"	1996	3	63.9131720594937
"J02"	1996	4	103.654662219726
"J02"	1996	5	52.941560733897
"J02"	1996	6	74.4463023604186
"J02"	1996	7	202.835037524617
"J02"	1996	8	63.0146486615619
"J02"	1996	9	54.7147505922057
"J02"	1996	10	87.7662084688044
"J02"	1996	11	76.3062978385574
"J02"	1996	12	93.0191823173484
"J02"	1997	1	87.1351484713606
"J02"	1997	2	42.0717321333282
"J02"	1997	3	54.4010147404293
"J02"	1997	4	25.2873546226868
"J02"	1997	5	121.454054120173
"J02"	1997	6	86.5955990915317
"J02"	1997	7	107.804855976722
"J02"	1997	8	100.313310648991
"J02"	1997	9	115.842556748199
"J02"	1997	10	35.854541098994
"J02"	1997	11	49.407507968144
"J02"	1997	12	54.0872376703123
"J02"	1998	1	58.8979228785586
"J02"	1998	2	70.8048094250537
"J02"	1998	3	84.9565092189893
"J02"	1998	4	35.4574218504344
"J02"	1998	5	58.698713903758
"J02"	1998	6	117.221938098524
"J02"	1998	7	167.693598185864
"J02"	1998	8	84.704665947093
"J02"	1998	9	143.370818560672
"J02"	1998	10	87.8315939703767
"J02"	1998	11	92.4131193098555
"J02"	1998	12	59.6700127781762
"J02"	1999	1	80.339116776767
"J02"	1999	2	43.136415599481
"J02"	1999	3	84.7164011260443
"J02"	1999	4	37.4497121121982
"J02"	1999	5	50.418261603157
"J02"	1999	6	99.9013485132871
"J02"	1999	7	126.978881957817
"J02"	1999	8	88.239562162759
"J02"	1999	9	114.81572335271
"J02"	1999	10	90.9450278402733
"J02"	1999	11	95.5355297636448
"J02"	1999	12	48.3894127666285
"J02"	2000	1	69.3391584251337
"J02"	2000	2	48.3279533072215
"J02"	2000	3	49.520768962017
"J02"	2000	4	69.3930521821011
"J02"	2000	5	88.2550338087499
"J02"	2000	6	91.2200896767645
"J02"	2000	7	131.511798875969
"J02"	2000	8	114.952970374929
"J02"	2000	9	78.1602372789669
"J02"	2000	10	62.8780088974473
"J02"	2000	11	66.0774319806612
"J02"	2000	12	79.1684499647183
"J02"	2001	1	23.4833865233469
"J02"	2001	2	63.260221064522
"J02"	2001	3	36.8246111929601
"J02"	2001	4	34.4290834317039
"J02"	2001	5	47.2607949426182
"J02"	2001	6	139.000414372445
"J02"	2001	7	123.221814419255
"J02"	2001	8	100.485078376414
"J02"	2001	9	80.4010600799281
"J02"	2001	10	105.853134346758
"J02"	2001	11	61.3083701293924
"J02"	2001	12	38.5964893122634
"J02"	2002	1	36.1735278095986
"J02"	2002	2	74.729001549439
"J02"	2002	3	61.2115824118497
"J02"	2002	4	45.1607711024611
"J02"	2002	5	72.5668820131608
"J02"	2002	6	94.2205901681242
"J02"	2002	7	107.135973064777
"J02"	2002	8	92.5636319475554
"J02"	2002	9	88.7241302706215
"J02"	2002	10	76.886658160736
"J02"	2002	11	76.6446558957147
"J02"	2002	12	49.7211168752673
"J02"	2003	1	21.0920498672363
"J02"	2003	2	67.0965469541727
"J02"	2003	3	45.7384875275706
"J02"	2003	4	50.1028298605171
"J02"	2003	5	40.2484216852553
"J02"	2003	6	89.1777104549685
"J02"	2003	7	162.597726472214
"J02"	2003	8	102.543598108677
"J02"	2003	9	81.8830625667223
"J02"	2003	10	136.780699071597
"J02"	2003	11	92.6321956180701
"J02"	2003	12	93.446291140801
"J02"	2004	1	42.566075930537
"J02"	2004	2	25.5879775724742
"J02"	2004	3	50.0896654093384
"J02"	2004	4	36.650769367241
"J02"	2004	5	82.8712161621795
"J02"	2004	6	110.681866751692
"J02"	2004	7	153.765495468726
"J02"	2004	8	147.923526087104
"J02"	2004	9	93.1383441293183
"J02"	2004	10	63.082509933548
"J02"	2004	11	78.5945828775885
"J02"	2004	12	88.7447576263477
"J02"	2005	1	35.9778492879683
"J02"	2005	2	54.6191013130717
"J02"	2005	3	70.4533335464493
"J02"	2005	4	80.3920855126922
"J02"	2005	5	45.5477376514942
"J02"	2005	6	113.38145131462
"J02"	2005	7	67.5429545497468
"J02"	2005	8	158.764620490872
"J02"	2005	9	104.061031447906
"J02"	2005	10	85.9067990069232
"J02"	2005	11	110.857131389856
"J02"	2005	12	94.0492506034254
"J02"	2006	1	102.104156700613
"J02"	2006	2	75.5032388031917
"J02"	2006	3	47.398845706231
"J02"	2006	4	40.215257742756
"J02"	2006	5	80.8886572592012
"J02"	2006	6	113.679779664106
"J02"	2006	7	111.076534948763
"J02"	2006	8	82.26884901638
"J02"	2006	9	137.698309231182
"J02"	2006	10	121.825802221067
"J02"	2006	11	79.2100270607313
"J02"	2006	12	47.5256311384172
"J02"	2007	1	63.8221940374208
"J02"	2007	2	56.6310593436781
"J02"	2007	3	70.5770449670301
"J02"	2007	4	45.5255035168358
"J02"	2007	5	43.2893116810917
"J02"	2007	6	101.763056352277
"J02"	2007	7	111.28290219005
"J02"	2007	8	120.574414503297
"J02"	2007	9	137.720666423951
"J02"	2007	10	88.4835285375952
"J02"	2007	11	130.311132038162
"J02"	2007	12	61.1537222840611
"J02"	2008	1	62.0489067249879
"J02"	2008	2	64.094125518761
"J02"	2008	3	87.4569597524296
"J02"	2008	4	64.7125862707512
"J02"	2008	5	61.9531741729919
"J02"	2008	6	125.618928147789
"J02"	2008	7	120.116457166568
"J02"	2008	8	91.5931663685157
"J02"	2008	9	101.608933121602
"J02"	2008	10	76.2149484228629
"J02"	2008	11	84.7620490934814
"J02"	2008	12	79.0541794959659
"J02"	2009	1	66.7353922589238
"J02"	2009	2	52.1765146189249
"J02"	2009	3	37.9748180206372
"J02"	2009	4	78.5586312177208
"J02"	2009	5	70.2632703725539
"J02"	2009	6	85.1511694627724
"J02"	2009	7	123.79788450926
"J02"	2009	8	103.935855732027
"J02"	2009	9	77.3747522554452
"J02"	2009	10	86.1335673627713
"J02"	2009	11	60.3681062674883
"J02"	2009	12	74.8728357756625
"J02"	2010	1	48.3544441342161
"J02"	2010	2	34.8056173163239
"J02"	2010	3	34.3684466059023
"J02"	2010	4	48.0115739792975
"J02"	2010	5	75.6162118464131
"J02"	2010	6	108.969505574315
"J02"	2010	7	113.624217960913
"J02"	2010	8	72.2623269620678
"J02"	2010	9	165.169554259775
"J02"	2010	10	100.362908320452
"J02"	2010	11	83.1346102878772
"J02"	2010	12	88.2251658533935
"J02"	2011	1	64.5636102104173
"J02"	2011	2	41.8564339529381
"J02"	2011	3	75.1413605451214
"J02"	2011	4	85.2805341514694
"J02"	2011	5	104.520970804969
"J02"	2011	6	94.5504192482689
"J02"	2011	7	129.117108679628
"J02"	2011	8	166.423479181739
"J02"	2011	9	81.1332156552738
"J02"	2011	10	52.2771325279964
"J02"	2011	11	75.0720470098588
"J02"	2011	12	64.4580527417432
"J02"	2012	1	71.9741283183415
"J02"	2012	2	39.6191974179564
"J02"	2012	3	45.2025333345372
"J02"	2012	4	76.7040931274825
"J02"	2012	5	76.1618095526601
"J02"	2012	6	101.287998246308
"J02"	2012	7	80.847126872811
"J02"	2012	8	115.597762192687
"J02"	2012	9	86.560370616982
"J02"	2012	10	110.799878758994
"J02"	2012	11	32.8305453291526
"J02"	2012	12	82.5895189492053
"J02"	2013	1	57.6178032335787
"J02"	2013	2	45.7983662027463
"J02"	2013	3	63.2318076212647
"J02"	2013	4	61.643436758117
"J02"	2013	5	95.8996125781014
"J02"	2013	6	92.2744037503067
"J02"	2013	7	56.8114682298091
"J02"	2013	8	76.3523828608061
"J02"	2013	9	102.953376628447
"J02"	2013	10	64.3652283978436
"J02"	2013	11	75.7418547049403
"J02"	2013	12	87.6234048318488
"J02"	2014	1	76.6807695554216
"J02"	2014	2	65.7629001587378
"J02"	2014	3	79.9693839197399
"J02"	2014	4	67.0959150312073
"J02"	2014	5	61.2113321207122
"J02"	2014	6	85.5128647865567
"J02"	2014	7	133.737274494006
"J02"	2014	8	97.2061359238956
"J02"	2014	9	112.988149891344
"J02"	2014	10	118.872396493138
"J02"	2014	11	71.5532120683535
"J02"	2014	12	69.1766989081281
"J02"	2015	1	79.1416415095499
"J02"	2015	2	35.2554247090722
"J02"	2015	3	34.135690031506
"J02"	2015	4	48.1126911958173
"J02"	2015	5	61.2540649880049
"J02"	2015	6	92.6543710910888
"J02"	2015	7	152.348579738855
"J02"	2015	8	108.145307919883
"J02"	2015	9	83.7092017500494
"J02"	2015	10	59.1953020579534
"J02"	2015	11	103.602744814149
"J02"	2015	12	35.7773496204217
"J02"	2016	1	40.5501466464211
"J02"	2016	2	73.6579651033817
"J02"	2016	3	72.3241130369399
"J02"	2016	4	29.4933404014976
"J02"	2016	5	63.0541125469769
"J02"	2016	6	181.682003573798
"J02"	2016	7	138.60235766134
"J02"	2016	8	89.3271001312776
"J02"	2016	9	92.8707382289158
"J02"	2016	10	105.47429306961
"J02"	2016	11	58.7433482626267
"J02"	2016	12	42.6096046209631
