"J03"	1901	1	-27.5386410989621
"J03"	1901	2	-23.1489931541836
"J03"	1901	3	-20.3396498617821
"J03"	1901	4	-7.79086804882466
"J03"	1901	5	-1.32012763641468
"J03"	1901	6	4.72535845299175
"J03"	1901	7	6.84215366969682
"J03"	1901	8	6.2323688189075
"J03"	1901	9	1.30796799434172
"J03"	1901	10	-4.10933326673731
"J03"	1901	11	-12.1272027258335
"J03"	1901	12	-21.0936065213444
"J03"	1902	1	-27.1630538137901
"J03"	1902	2	-22.9891483647703
"J03"	1902	3	-14.8887776835423
"J03"	1902	4	-8.50734512020502
"J03"	1902	5	-2.68192695659979
"J03"	1902	6	1.75960875378295
"J03"	1902	7	6.70168149539845
"J03"	1902	8	6.07022858924432
"J03"	1902	9	4.07380583492815
"J03"	1902	10	-4.50257305184802
"J03"	1902	11	-11.6360599297448
"J03"	1902	12	-24.2163675106433
"J03"	1903	1	-25.7796910167957
"J03"	1903	2	-25.2753998149954
"J03"	1903	3	-15.9043266688937
"J03"	1903	4	-9.85094522349763
"J03"	1903	5	-2.40060538012882
"J03"	1903	6	4.86979691535672
"J03"	1903	7	7.43758672639514
"J03"	1903	8	5.91023555078851
"J03"	1903	9	2.50874579321383
"J03"	1903	10	-2.82357105594568
"J03"	1903	11	-11.9965044492003
"J03"	1903	12	-24.9380421440515
"J03"	1904	1	-29.7060497223035
"J03"	1904	2	-29.6528101356582
"J03"	1904	3	-20.2770215141775
"J03"	1904	4	-9.4936127570598
"J03"	1904	5	-1.31883161309683
"J03"	1904	6	4.01229336149729
"J03"	1904	7	7.84068438026102
"J03"	1904	8	7.4302202699065
"J03"	1904	9	-0.398009140807089
"J03"	1904	10	-4.29587461110507
"J03"	1904	11	-12.9217494150673
"J03"	1904	12	-25.4774231638907
"J03"	1905	1	-31.7247503046901
"J03"	1905	2	-27.2330649379915
"J03"	1905	3	-22.0264902864964
"J03"	1905	4	-8.86833189998648
"J03"	1905	5	-2.07810397713311
"J03"	1905	6	3.63953511047409
"J03"	1905	7	7.80722898927415
"J03"	1905	8	5.35870729688088
"J03"	1905	9	3.06584949461049
"J03"	1905	10	-3.61104569978693
"J03"	1905	11	-12.3372962104762
"J03"	1905	12	-21.4335550025447
"J03"	1906	1	-25.2706415726723
"J03"	1906	2	-25.5376228381272
"J03"	1906	3	-21.2158002408507
"J03"	1906	4	-10.2152571778052
"J03"	1906	5	-2.65837100503903
"J03"	1906	6	3.42863317302154
"J03"	1906	7	7.34304801301288
"J03"	1906	8	6.39029836105802
"J03"	1906	9	1.74106252308367
"J03"	1906	10	-3.04566543147784
"J03"	1906	11	-11.284210495507
"J03"	1906	12	-25.7196580073456
"J03"	1907	1	-28.3057867026412
"J03"	1907	2	-26.6617750664191
"J03"	1907	3	-20.8472569889813
"J03"	1907	4	-10.3099102903196
"J03"	1907	5	-2.8422828427819
"J03"	1907	6	4.25102707765431
"J03"	1907	7	8.28203534054089
"J03"	1907	8	6.93925370308729
"J03"	1907	9	2.28758403728266
"J03"	1907	10	-3.94579914041431
"J03"	1907	11	-11.3606510351434
"J03"	1907	12	-19.862407063459
"J03"	1908	1	-28.2041096065291
"J03"	1908	2	-26.6076932665669
"J03"	1908	3	-21.283473301458
"J03"	1908	4	-12.649689220977
"J03"	1908	5	-1.55128648422868
"J03"	1908	6	4.47001549569732
"J03"	1908	7	9.32260967151995
"J03"	1908	8	6.78091620482805
"J03"	1908	9	4.59714941907784
"J03"	1908	10	-1.43699811172695
"J03"	1908	11	-11.3426093998655
"J03"	1908	12	-25.297837752774
"J03"	1909	1	-26.9844530241376
"J03"	1909	2	-27.4698521938405
"J03"	1909	3	-18.0449486191585
"J03"	1909	4	-10.4165535554721
"J03"	1909	5	-1.93649140303307
"J03"	1909	6	3.40533345997208
"J03"	1909	7	8.64931781188272
"J03"	1909	8	7.3227975409359
"J03"	1909	9	3.66847169233948
"J03"	1909	10	-1.01435257669891
"J03"	1909	11	-10.5753591181261
"J03"	1909	12	-18.1719194322225
"J03"	1910	1	-23.1435434795318
"J03"	1910	2	-27.6077287128744
"J03"	1910	3	-18.6587532024759
"J03"	1910	4	-7.28209413143207
"J03"	1910	5	-1.23999585115977
"J03"	1910	6	4.4693571914152
"J03"	1910	7	8.19555366636432
"J03"	1910	8	7.51293378206908
"J03"	1910	9	1.77487003951094
"J03"	1910	10	-3.00645748933679
"J03"	1910	11	-8.50211164556733
"J03"	1910	12	-23.6258583696477
"J03"	1911	1	-30.6034216090575
"J03"	1911	2	-28.8496453547176
"J03"	1911	3	-21.6331794144254
"J03"	1911	4	-9.81290635336901
"J03"	1911	5	-0.741596542344743
"J03"	1911	6	5.63857215875104
"J03"	1911	7	9.7628803345553
"J03"	1911	8	8.16204951228844
"J03"	1911	9	1.23448044986383
"J03"	1911	10	-3.56365220651185
"J03"	1911	11	-13.7106514786207
"J03"	1911	12	-18.7357958310243
"J03"	1912	1	-29.2821474512918
"J03"	1912	2	-22.7594046253467
"J03"	1912	3	-21.8173023429349
"J03"	1912	4	-12.7141471844949
"J03"	1912	5	-2.03497018481689
"J03"	1912	6	2.84464742419379
"J03"	1912	7	7.19628633048776
"J03"	1912	8	5.60350275364709
"J03"	1912	9	1.92856504679006
"J03"	1912	10	-2.73755070751279
"J03"	1912	11	-12.2905972145794
"J03"	1912	12	-24.2091321523237
"J03"	1913	1	-26.4460179497794
"J03"	1913	2	-30.8109107716629
"J03"	1913	3	-18.9007684597128
"J03"	1913	4	-9.12398628269183
"J03"	1913	5	-1.99066966299651
"J03"	1913	6	1.46803344280184
"J03"	1913	7	7.38925263877191
"J03"	1913	8	6.14387643737076
"J03"	1913	9	2.07421649606952
"J03"	1913	10	-0.193123592222662
"J03"	1913	11	-9.01664593731343
"J03"	1913	12	-19.1000683000142
"J03"	1914	1	-27.744770169389
"J03"	1914	2	-29.4084790219108
"J03"	1914	3	-15.3174416840073
"J03"	1914	4	-12.0392199890009
"J03"	1914	5	-1.32156020989772
"J03"	1914	6	2.36727506342679
"J03"	1914	7	7.05605258094235
"J03"	1914	8	5.77370958265629
"J03"	1914	9	3.32947802636
"J03"	1914	10	-4.00586041895077
"J03"	1914	11	-13.735280688694
"J03"	1914	12	-23.1525012281913
"J03"	1915	1	-24.4119748282909
"J03"	1915	2	-21.7189105414127
"J03"	1915	3	-17.2307464098303
"J03"	1915	4	-7.9834037590519
"J03"	1915	5	-1.81440025337491
"J03"	1915	6	3.50015795741409
"J03"	1915	7	6.83058737872658
"J03"	1915	8	6.42154232765197
"J03"	1915	9	3.0597529631101
"J03"	1915	10	-3.10972166520748
"J03"	1915	11	-10.1007155748216
"J03"	1915	12	-16.9611262209446
"J03"	1916	1	-25.3285237930471
"J03"	1916	2	-25.5754894882184
"J03"	1916	3	-24.2542377606091
"J03"	1916	4	-8.27486184399835
"J03"	1916	5	-1.04005151397618
"J03"	1916	6	5.88001344426982
"J03"	1916	7	9.43875413576056
"J03"	1916	8	7.06360124491887
"J03"	1916	9	2.78623998876844
"J03"	1916	10	-4.09845294369714
"J03"	1916	11	-13.140982993798
"J03"	1916	12	-21.495888112758
"J03"	1917	1	-29.100636025719
"J03"	1917	2	-27.5973784093434
"J03"	1917	3	-18.788635141111
"J03"	1917	4	-7.38343239080469
"J03"	1917	5	-1.94607520247171
"J03"	1917	6	5.54821561387235
"J03"	1917	7	9.421325469969
"J03"	1917	8	8.48126114719983
"J03"	1917	9	0.278790359024707
"J03"	1917	10	-3.40880627406643
"J03"	1917	11	-13.8652670929351
"J03"	1917	12	-26.8089317037452
"J03"	1918	1	-24.5001085283708
"J03"	1918	2	-29.0744587056381
"J03"	1918	3	-22.7109992952426
"J03"	1918	4	-10.4175375304394
"J03"	1918	5	-2.13548805524774
"J03"	1918	6	2.61334233905404
"J03"	1918	7	8.46474583700762
"J03"	1918	8	6.33164483500269
"J03"	1918	9	1.81087412753388
"J03"	1918	10	-4.01260124337124
"J03"	1918	11	-10.6201708569955
"J03"	1918	12	-22.1273990562172
"J03"	1919	1	-26.8516230086135
"J03"	1919	2	-19.2536876306689
"J03"	1919	3	-17.2804312820189
"J03"	1919	4	-8.70372923799781
"J03"	1919	5	-1.74609405949043
"J03"	1919	6	5.77488763762409
"J03"	1919	7	7.19916459918955
"J03"	1919	8	7.29788655984115
"J03"	1919	9	2.50200102450211
"J03"	1919	10	-5.60192782304921
"J03"	1919	11	-11.3512684511971
"J03"	1919	12	-26.9686178116715
"J03"	1920	1	-30.2666182072965
"J03"	1920	2	-24.2813606888368
"J03"	1920	3	-19.9128633011544
"J03"	1920	4	-8.2676483234864
"J03"	1920	5	-2.18727055409312
"J03"	1920	6	3.64105908732816
"J03"	1920	7	7.2922011491262
"J03"	1920	8	6.38395985800822
"J03"	1920	9	3.04670667896754
"J03"	1920	10	-1.7026246970159
"J03"	1920	11	-14.7599934245764
"J03"	1920	12	-19.5737873884996
"J03"	1921	1	-24.3845757252909
"J03"	1921	2	-27.2732309856056
"J03"	1921	3	-17.5442165493401
"J03"	1921	4	-10.409197154276
"J03"	1921	5	-1.10590421550816
"J03"	1921	6	3.5980515492909
"J03"	1921	7	9.04924664340357
"J03"	1921	8	4.38234248996092
"J03"	1921	9	1.79066207575907
"J03"	1921	10	-4.27071493472931
"J03"	1921	11	-14.1129727313752
"J03"	1921	12	-23.1660588636047
"J03"	1922	1	-28.1937292616167
"J03"	1922	2	-28.3054798739009
"J03"	1922	3	-18.7726363158236
"J03"	1922	4	-8.12966903186646
"J03"	1922	5	-1.20370087850033
"J03"	1922	6	4.74253817139129
"J03"	1922	7	6.33495914388289
"J03"	1922	8	5.67008825151753
"J03"	1922	9	0.410261362957736
"J03"	1922	10	-5.7488206471287
"J03"	1922	11	-11.9941193201931
"J03"	1922	12	-27.3451342801746
"J03"	1923	1	-30.0920198663074
"J03"	1923	2	-30.8622904142688
"J03"	1923	3	-24.9904761447006
"J03"	1923	4	-12.3241131879228
"J03"	1923	5	-2.51884012710479
"J03"	1923	6	1.40698663840827
"J03"	1923	7	6.01355273466475
"J03"	1923	8	4.66600243929801
"J03"	1923	9	0.406527058602114
"J03"	1923	10	-3.78512079546147
"J03"	1923	11	-10.6157874685954
"J03"	1923	12	-16.7335597153942
"J03"	1924	1	-29.0032997446592
"J03"	1924	2	-28.6899732641193
"J03"	1924	3	-14.7187261615321
"J03"	1924	4	-9.38889380810475
"J03"	1924	5	-2.28046216482323
"J03"	1924	6	3.59557888216576
"J03"	1924	7	6.52061564676876
"J03"	1924	8	5.61466304387139
"J03"	1924	9	1.20613269279898
"J03"	1924	10	-5.08776688352443
"J03"	1924	11	-10.7168343264846
"J03"	1924	12	-25.2712854764554
"J03"	1925	1	-32.1748516465548
"J03"	1925	2	-22.5958498534079
"J03"	1925	3	-17.1060679471352
"J03"	1925	4	-9.88707281901883
"J03"	1925	5	-2.21361209813452
"J03"	1925	6	5.16496113462397
"J03"	1925	7	8.26489515988613
"J03"	1925	8	7.73511258371933
"J03"	1925	9	0.529166115112577
"J03"	1925	10	-6.03904587372477
"J03"	1925	11	-11.4685110860479
"J03"	1925	12	-22.6803415404823
"J03"	1926	1	-28.0771349329638
"J03"	1926	2	-26.3150445887173
"J03"	1926	3	-23.0073666711884
"J03"	1926	4	-11.9818337456616
"J03"	1926	5	-3.21706902038367
"J03"	1926	6	3.52229739224585
"J03"	1926	7	6.08357612108
"J03"	1926	8	5.77209135111424
"J03"	1926	9	0.912589947277488
"J03"	1926	10	-2.88504501771133
"J03"	1926	11	-12.3179677249231
"J03"	1926	12	-24.0624127193531
"J03"	1927	1	-25.5182944223643
"J03"	1927	2	-25.5488555952091
"J03"	1927	3	-18.2322333016965
"J03"	1927	4	-9.67797802217463
"J03"	1927	5	-2.25415742098401
"J03"	1927	6	2.475496551295
"J03"	1927	7	9.0555878083168
"J03"	1927	8	5.95581673474999
"J03"	1927	9	2.56581473288658
"J03"	1927	10	-1.74834379231597
"J03"	1927	11	-10.6688335839211
"J03"	1927	12	-20.6885762981247
"J03"	1928	1	-28.2199175325012
"J03"	1928	2	-27.2845390698516
"J03"	1928	3	-18.5040674350086
"J03"	1928	4	-10.1877667632952
"J03"	1928	5	-0.545693865363233
"J03"	1928	6	3.4558026148918
"J03"	1928	7	7.70198556386443
"J03"	1928	8	7.8311839746065
"J03"	1928	9	0
"J03"	1928	10	-4.02434618950163
"J03"	1928	11	-13.4788471117349
"J03"	1928	12	-19.1554306875808
"J03"	1929	1	-26.8239962421628
"J03"	1929	2	-25.4532613743936
"J03"	1929	3	-19.4623452384298
"J03"	1929	4	-11.6501099020964
"J03"	1929	5	-2.56771008328335
"J03"	1929	6	3.64621134150544
"J03"	1929	7	6.86615365726351
"J03"	1929	8	5.6869888620433
"J03"	1929	9	1.60990826304114
"J03"	1929	10	-3.41732773017396
"J03"	1929	11	-13.0442436595097
"J03"	1929	12	-26.1859936834443
"J03"	1930	1	-29.2487278364122
"J03"	1930	2	-26.522788771214
"J03"	1930	3	-17.661067500048
"J03"	1930	4	-10.177102352674
"J03"	1930	5	-2.12584232397115
"J03"	1930	6	6.46459483526198
"J03"	1930	7	7.67002129313082
"J03"	1930	8	6.81337062350173
"J03"	1930	9	3.03897801153189
"J03"	1930	10	-2.98599604258673
"J03"	1930	11	-10.3696096137101
"J03"	1930	12	-21.733971038779
"J03"	1931	1	-27.0607242390757
"J03"	1931	2	-24.0895372559149
"J03"	1931	3	-12.2778323444626
"J03"	1931	4	-7.5457761972048
"J03"	1931	5	-0.372463900818577
"J03"	1931	6	5.00096278155252
"J03"	1931	7	9.89958194989993
"J03"	1931	8	6.99148453969847
"J03"	1931	9	2.98264116031163
"J03"	1931	10	-2.1138453253812
"J03"	1931	11	-8.43279385111327
"J03"	1931	12	-20.7856609601781
"J03"	1932	1	-24.3675283916633
"J03"	1932	2	-28.0989310247946
"J03"	1932	3	-18.775826055722
"J03"	1932	4	-8.92051728943947
"J03"	1932	5	-1.96901746419694
"J03"	1932	6	2.91413993577489
"J03"	1932	7	7.4353975258333
"J03"	1932	8	7.16956957361421
"J03"	1932	9	3.51344337879566
"J03"	1932	10	-2.56296245830825
"J03"	1932	11	-13.9131655760525
"J03"	1932	12	-22.7682530762578
"J03"	1933	1	-23.8355836750258
"J03"	1933	2	-22.7036220852205
"J03"	1933	3	-21.3256505770524
"J03"	1933	4	-8.57237509556127
"J03"	1933	5	-2.64231931569867
"J03"	1933	6	3.64508036471421
"J03"	1933	7	6.81119233002877
"J03"	1933	8	6.31306701690495
"J03"	1933	9	1.95520088683749
"J03"	1933	10	-3.63768237840772
"J03"	1933	11	-18.2103043516028
"J03"	1933	12	-30.043560704423
"J03"	1934	1	-30.3396622408366
"J03"	1934	2	-30.585518396828
"J03"	1934	3	-21.6885258011979
"J03"	1934	4	-8.31711213904426
"J03"	1934	5	-2.08855534894286
"J03"	1934	6	3.08981306214993
"J03"	1934	7	7.10311831240212
"J03"	1934	8	5.46487391521889
"J03"	1934	9	4.74651639382193
"J03"	1934	10	-4.18837058812832
"J03"	1934	11	-10.8948348867225
"J03"	1934	12	-25.288875331875
"J03"	1935	1	-31.3091698888456
"J03"	1935	2	-28.7222416768323
"J03"	1935	3	-21.2486250200852
"J03"	1935	4	-9.22380279988714
"J03"	1935	5	-2.19552844665846
"J03"	1935	6	5.72082614781143
"J03"	1935	7	8.50901169550647
"J03"	1935	8	7.60446304486067
"J03"	1935	9	1.00013678374962
"J03"	1935	10	-3.58192476601146
"J03"	1935	11	-11.9897770184161
"J03"	1935	12	-20.5213449227605
"J03"	1936	1	-25.4076936321853
"J03"	1936	2	-26.7441043673116
"J03"	1936	3	-14.8741041719082
"J03"	1936	4	-8.18698022171761
"J03"	1936	5	-2.5902323709985
"J03"	1936	6	4.42663771960953
"J03"	1936	7	6.87729526786621
"J03"	1936	8	5.32755342449851
"J03"	1936	9	1.74965901596309
"J03"	1936	10	-4.23107483826029
"J03"	1936	11	-14.8193930198328
"J03"	1936	12	-24.2967606742493
"J03"	1937	1	-27.6667127894973
"J03"	1937	2	-22.4539145528163
"J03"	1937	3	-19.3463093140534
"J03"	1937	4	-8.31510006200218
"J03"	1937	5	-0.385432328319028
"J03"	1937	6	4.93060137346339
"J03"	1937	7	9.19034444946908
"J03"	1937	8	8.78778066641702
"J03"	1937	9	2.47702090073651
"J03"	1937	10	-2.89710704116429
"J03"	1937	11	-10.5699655939297
"J03"	1937	12	-22.9631854672623
"J03"	1938	1	-28.2335849004807
"J03"	1938	2	-26.8438697936443
"J03"	1938	3	-20.2031861527826
"J03"	1938	4	-9.2285535741809
"J03"	1938	5	-1.45080064113401
"J03"	1938	6	5.53670039058552
"J03"	1938	7	8.87650219873148
"J03"	1938	8	7.035102455332
"J03"	1938	9	1.91086344302298
"J03"	1938	10	-2.9144845975002
"J03"	1938	11	-12.3643850584851
"J03"	1938	12	-20.1443311887891
"J03"	1939	1	-27.2966506530474
"J03"	1939	2	-29.7552144184123
"J03"	1939	3	-25.6201604150322
"J03"	1939	4	-10.4432488409797
"J03"	1939	5	-2.91053897370442
"J03"	1939	6	2.28945122399011
"J03"	1939	7	9.06913397092763
"J03"	1939	8	8.34573893268813
"J03"	1939	9	1.9901434950582
"J03"	1939	10	-4.03247007832077
"J03"	1939	11	-12.431684377702
"J03"	1939	12	-19.3925716354603
"J03"	1940	1	-25.750493255963
"J03"	1940	2	-26.1267224118938
"J03"	1940	3	-18.1707720684264
"J03"	1940	4	-9.98521770257154
"J03"	1940	5	-1.06977070153188
"J03"	1940	6	3.3182166422176
"J03"	1940	7	8.35721114114701
"J03"	1940	8	6.40334738179824
"J03"	1940	9	3.10368788851712
"J03"	1940	10	-4.61193119710666
"J03"	1940	11	-10.7428823080423
"J03"	1940	12	-25.0818768308212
"J03"	1941	1	-28.3293390571587
"J03"	1941	2	-21.9633721304444
"J03"	1941	3	-20.0461594726841
"J03"	1941	4	-10.2182172358421
"J03"	1941	5	-1.94838112986982
"J03"	1941	6	2.89358342818415
"J03"	1941	7	7.64796590484118
"J03"	1941	8	5.07721053513866
"J03"	1941	9	1.43217651530881
"J03"	1941	10	-4.36377152097559
"J03"	1941	11	-11.7853176029971
"J03"	1941	12	-20.8603132063129
"J03"	1942	1	-30.4130846666179
"J03"	1942	2	-24.0641174470752
"J03"	1942	3	-16.4216955058427
"J03"	1942	4	-9.35778998044673
"J03"	1942	5	0
"J03"	1942	6	4.1201633641271
"J03"	1942	7	7.14197863915116
"J03"	1942	8	6.79953740716478
"J03"	1942	9	1.72161837183469
"J03"	1942	10	-2.61687188123472
"J03"	1942	11	-11.9502389174639
"J03"	1942	12	-26.7740529012886
"J03"	1943	1	-27.9476189395224
"J03"	1943	2	-23.8309956110872
"J03"	1943	3	-22.389454956315
"J03"	1943	4	-12.1878444213163
"J03"	1943	5	-3.70708324504092
"J03"	1943	6	2.87493627734498
"J03"	1943	7	7.64312656696134
"J03"	1943	8	6.79806001474222
"J03"	1943	9	2.40912119322298
"J03"	1943	10	-2.06945506103964
"J03"	1943	11	-12.2152595270138
"J03"	1943	12	-24.9319952904749
"J03"	1944	1	-23.2372876064919
"J03"	1944	2	-28.5963702558833
"J03"	1944	3	-21.1083945242128
"J03"	1944	4	-11.128388073599
"J03"	1944	5	-1.56055209550985
"J03"	1944	6	3.99188917041869
"J03"	1944	7	7.84355216235536
"J03"	1944	8	7.81373460597693
"J03"	1944	9	4.68259341204153
"J03"	1944	10	-3.78615175155304
"J03"	1944	11	-9.58573326739773
"J03"	1944	12	-22.1824767999032
"J03"	1945	1	-27.4533194821663
"J03"	1945	2	-24.9858243818617
"J03"	1945	3	-17.2529499461815
"J03"	1945	4	-8.35114912466479
"J03"	1945	5	-1.46192574940535
"J03"	1945	6	3.97967104627891
"J03"	1945	7	7.94447197230856
"J03"	1945	8	6.90365880341865
"J03"	1945	9	2.37658424627782
"J03"	1945	10	-3.99897516660149
"J03"	1945	11	-11.8445289416497
"J03"	1945	12	-22.2238760009649
"J03"	1946	1	-28.1182351261545
"J03"	1946	2	-29.256671507196
"J03"	1946	3	-18.3193607029853
"J03"	1946	4	-9.99696465170936
"J03"	1946	5	-2.23881790358653
"J03"	1946	6	2.74687148114843
"J03"	1946	7	5.83364825134232
"J03"	1946	8	6.50253547555117
"J03"	1946	9	3.44957792140377
"J03"	1946	10	-2.48913786544927
"J03"	1946	11	-13.2158456000776
"J03"	1946	12	-24.9706827992337
"J03"	1947	1	-28.7835131078775
"J03"	1947	2	-20.0639689858773
"J03"	1947	3	-17.4292782441052
"J03"	1947	4	-15.7082376697175
"J03"	1947	5	-3.98414724272607
"J03"	1947	6	2.94162785906261
"J03"	1947	7	9.75910391964658
"J03"	1947	8	6.50918448980056
"J03"	1947	9	0.491135167951278
"J03"	1947	10	-1.34693702551539
"J03"	1947	11	-10.4408640089022
"J03"	1947	12	-21.5959729236535
"J03"	1948	1	-28.8354939381815
"J03"	1948	2	-32.0678675553303
"J03"	1948	3	-25.8345522309194
"J03"	1948	4	-12.1029065611298
"J03"	1948	5	-1.06663708446642
"J03"	1948	6	3.84347067305669
"J03"	1948	7	8.35405992990649
"J03"	1948	8	7.6373839127341
"J03"	1948	9	3.62665096116074
"J03"	1948	10	-2.41565931250914
"J03"	1948	11	-7.73845620368093
"J03"	1948	12	-19.514601352404
"J03"	1949	1	-27.3488402353949
"J03"	1949	2	-29.7549723406981
"J03"	1949	3	-20.3967961002425
"J03"	1949	4	-7.75619230178098
"J03"	1949	5	-1.93423760800434
"J03"	1949	6	5.85027380863799
"J03"	1949	7	8.55995834040487
"J03"	1949	8	6.9342907756301
"J03"	1949	9	3.23155763787079
"J03"	1949	10	-2.715527571993
"J03"	1949	11	-14.3139845143217
"J03"	1949	12	-21.0490008214562
"J03"	1950	1	-30.4715929602509
"J03"	1950	2	-29.8088154470918
"J03"	1950	3	-21.4712276814699
"J03"	1950	4	-9.21430834155143
"J03"	1950	5	-1.54246759405242
"J03"	1950	6	3.92373638876626
"J03"	1950	7	7.65848247494754
"J03"	1950	8	5.3107149683079
"J03"	1950	9	0.685603406492699
"J03"	1950	10	-4.08581874199438
"J03"	1950	11	-10.2629016926681
"J03"	1950	12	-19.053152632893
"J03"	1951	1	-26.7165036333416
"J03"	1951	2	-24.880927505647
"J03"	1951	3	-17.6630570716075
"J03"	1951	4	-3.08014885426062
"J03"	1951	5	-0.960405432827949
"J03"	1951	6	4.01480284289851
"J03"	1951	7	7.05885429762424
"J03"	1951	8	6.13727782435314
"J03"	1951	9	1.96115421204202
"J03"	1951	10	-3.90098335493773
"J03"	1951	11	-13.3872024734843
"J03"	1951	12	-24.2115593847098
"J03"	1952	1	-29.6356359577656
"J03"	1952	2	-23.2546088094318
"J03"	1952	3	-14.3597231347009
"J03"	1952	4	-8.9537619421937
"J03"	1952	5	0.0956198761981565
"J03"	1952	6	4.90737925001701
"J03"	1952	7	9.68798031806156
"J03"	1952	8	7.78591066906901
"J03"	1952	9	2.26003259947353
"J03"	1952	10	-4.69031556265585
"J03"	1952	11	-12.3947374489732
"J03"	1952	12	-18.5704345210217
"J03"	1953	1	-27.0976591001728
"J03"	1953	2	-23.3850405839362
"J03"	1953	3	-17.2953345683283
"J03"	1953	4	-4.33074188059981
"J03"	1953	5	-1.61750825461586
"J03"	1953	6	3.99795624638704
"J03"	1953	7	7.57456122696498
"J03"	1953	8	5.2325541473462
"J03"	1953	9	2.66092334045711
"J03"	1953	10	-4.40336423800538
"J03"	1953	11	-9.11323872136232
"J03"	1953	12	-21.0974368173329
"J03"	1954	1	-32.4913831831704
"J03"	1954	2	-21.8449017957443
"J03"	1954	3	-18.6692390533405
"J03"	1954	4	-13.2171910375385
"J03"	1954	5	-0.56782765563798
"J03"	1954	6	4.88831539349497
"J03"	1954	7	6.9738109691104
"J03"	1954	8	6.26719347427496
"J03"	1954	9	2.57203438978298
"J03"	1954	10	-2.84008589082417
"J03"	1954	11	-11.8316099730674
"J03"	1954	12	-21.2979588812218
"J03"	1955	1	-22.713089531446
"J03"	1955	2	-25.5006193273424
"J03"	1955	3	-20.1457605215701
"J03"	1955	4	-8.99227389364692
"J03"	1955	5	-0.752874368505298
"J03"	1955	6	5.37752783955747
"J03"	1955	7	7.78770498885227
"J03"	1955	8	7.30355664714551
"J03"	1955	9	1.58993144091315
"J03"	1955	10	-2.44883118617062
"J03"	1955	11	-9.565091131994
"J03"	1955	12	-23.2091617833575
"J03"	1956	1	-18.1827124186478
"J03"	1956	2	-25.5087056778974
"J03"	1956	3	-23.7087248167031
"J03"	1956	4	-8.58346026006076
"J03"	1956	5	-5.24079597197289
"J03"	1956	6	2.88284394699645
"J03"	1956	7	6.27432669838558
"J03"	1956	8	4.94272400527491
"J03"	1956	9	0.799069576867095
"J03"	1956	10	-2.34973807721911
"J03"	1956	11	-13.638001686141
"J03"	1956	12	-26.82914299362
"J03"	1957	1	-35.3468738685307
"J03"	1957	2	-24.6774483603203
"J03"	1957	3	-15.0454147002464
"J03"	1957	4	-9.82569275392025
"J03"	1957	5	-3.63060155370333
"J03"	1957	6	3.17519634831495
"J03"	1957	7	7.28974793053017
"J03"	1957	8	5.04972998550246
"J03"	1957	9	2.41100070558577
"J03"	1957	10	-2.34696922829085
"J03"	1957	11	-10.2119289526081
"J03"	1957	12	-20.3609970085383
"J03"	1958	1	-21.7075272204996
"J03"	1958	2	-22.1749587421228
"J03"	1958	3	-11.390028397854
"J03"	1958	4	-8.06535150840864
"J03"	1958	5	-2.13071806595263
"J03"	1958	6	1.48537113144721
"J03"	1958	7	7.59609090381104
"J03"	1958	8	5.77425585956878
"J03"	1958	9	1.71861810836479
"J03"	1958	10	-4.49005434748931
"J03"	1958	11	-13.3451738686725
"J03"	1958	12	-27.999459596128
"J03"	1959	1	-24.5989902896536
"J03"	1959	2	-32.5742360298585
"J03"	1959	3	-23.1957610287373
"J03"	1959	4	-9.5072278209663
"J03"	1959	5	-0.922281344324875
"J03"	1959	6	3.85330860122527
"J03"	1959	7	9.72509851690316
"J03"	1959	8	7.21993282722065
"J03"	1959	9	3.86823393072427
"J03"	1959	10	-3.50530549196801
"J03"	1959	11	-13.973036357162
"J03"	1959	12	-21.8354414189148
"J03"	1960	1	-24.7962343720485
"J03"	1960	2	-18.51524497515
"J03"	1960	3	-20.6822073830939
"J03"	1960	4	-10.8407931156457
"J03"	1960	5	0.734840907805692
"J03"	1960	6	5.32219568815176
"J03"	1960	7	6.99054329737471
"J03"	1960	8	6.49832550090268
"J03"	1960	9	2.56403212067401
"J03"	1960	10	-2.91219381088564
"J03"	1960	11	-10.9468853733818
"J03"	1960	12	-22.7167781346822
"J03"	1961	1	-30.5628315556571
"J03"	1961	2	-28.0671753377721
"J03"	1961	3	-20.2554684260127
"J03"	1961	4	-5.46565762844226
"J03"	1961	5	-1.73897685497011
"J03"	1961	6	3.24372452587804
"J03"	1961	7	7.49670864971734
"J03"	1961	8	7.32232048950688
"J03"	1961	9	3.82533506474418
"J03"	1961	10	-2.41809059699018
"J03"	1961	11	-8.44001262700739
"J03"	1961	12	-16.5651197014384
"J03"	1962	1	-31.0528027498228
"J03"	1962	2	-32.5140665314454
"J03"	1962	3	-13.3567813905866
"J03"	1962	4	-11.9461700528679
"J03"	1962	5	-2.09882976509967
"J03"	1962	6	3.52827126857646
"J03"	1962	7	6.5835799383427
"J03"	1962	8	7.11337929408694
"J03"	1962	9	2.5023439284922
"J03"	1962	10	-3.08243094579593
"J03"	1962	11	-12.9086224160406
"J03"	1962	12	-21.6557462620295
"J03"	1963	1	-27.3102371678734
"J03"	1963	2	-30.2062714220178
"J03"	1963	3	-22.9413164251793
"J03"	1963	4	-7.91784334481114
"J03"	1963	5	-3.18703848067288
"J03"	1963	6	3.41938858110021
"J03"	1963	7	9.3148891929678
"J03"	1963	8	5.76974921001185
"J03"	1963	9	0
"J03"	1963	10	-2.49308079620546
"J03"	1963	11	-8.9415340256126
"J03"	1963	12	-26.2286364818621
"J03"	1964	1	-27.3792732247113
"J03"	1964	2	-24.0637254416302
"J03"	1964	3	-23.5493683428689
"J03"	1964	4	-9.95871735376405
"J03"	1964	5	-1.27337614269838
"J03"	1964	6	2.92088845944735
"J03"	1964	7	7.38733502247891
"J03"	1964	8	6.07384941558843
"J03"	1964	9	2.01585678011982
"J03"	1964	10	-4.86632343463578
"J03"	1964	11	-13.5990658094191
"J03"	1964	12	-23.188672752265
"J03"	1965	1	-29.2929448977406
"J03"	1965	2	-27.6727459196929
"J03"	1965	3	-17.9084898813379
"J03"	1965	4	-10.0455912704172
"J03"	1965	5	-2.18296086509012
"J03"	1965	6	4.17134319065548
"J03"	1965	7	5.46091746251955
"J03"	1965	8	5.34760192171847
"J03"	1965	9	1.49830618186392
"J03"	1965	10	-4.93622815206139
"J03"	1965	11	-15.9577509621932
"J03"	1965	12	-22.8508375501579
"J03"	1966	1	-20.4205744425428
"J03"	1966	2	-23.1981534448819
"J03"	1966	3	-14.5648967043371
"J03"	1966	4	-7.36943008265601
"J03"	1966	5	-3.36977931171395
"J03"	1966	6	3.67216620658313
"J03"	1966	7	6.97204992121258
"J03"	1966	8	7.08686007220891
"J03"	1966	9	1.83492528784121
"J03"	1966	10	-2.8326667898941
"J03"	1966	11	-9.61723566076034
"J03"	1966	12	-20.121781049302
"J03"	1967	1	-27.5539840014378
"J03"	1967	2	-30.9415491841372
"J03"	1967	3	-25.4677723207623
"J03"	1967	4	-13.3903168573017
"J03"	1967	5	-2.73968004754525
"J03"	1967	6	4.04253529372005
"J03"	1967	7	9.28718473808771
"J03"	1967	8	7.69185974154044
"J03"	1967	9	2.93854628562402
"J03"	1967	10	-2.53542858382531
"J03"	1967	11	-10.7305683090952
"J03"	1967	12	-21.1795898303396
"J03"	1968	1	-30.3624309835784
"J03"	1968	2	-26.0580990923919
"J03"	1968	3	-21.2929018721613
"J03"	1968	4	-7.75985487475831
"J03"	1968	5	-2.56775636381804
"J03"	1968	6	2.77984523594471
"J03"	1968	7	6.95813594974763
"J03"	1968	8	3.99323077807475
"J03"	1968	9	5.92434576770834
"J03"	1968	10	-0.0933782610874193
"J03"	1968	11	-13.0715752353296
"J03"	1968	12	-18.7588500924976
"J03"	1969	1	-19.2811119766907
"J03"	1969	2	-20.8723041226558
"J03"	1969	3	-16.7100529595073
"J03"	1969	4	-15.4051451374745
"J03"	1969	5	-3.04345192786734
"J03"	1969	6	3.24557034848838
"J03"	1969	7	7.05122857488395
"J03"	1969	8	6.95004221570561
"J03"	1969	9	0.110548353851239
"J03"	1969	10	-4.92103826133077
"J03"	1969	11	-7.59651801188979
"J03"	1969	12	-18.3282023653004
"J03"	1970	1	-28.3999350569896
"J03"	1970	2	-28.1879936345016
"J03"	1970	3	-18.0462170880603
"J03"	1970	4	-11.2171608227282
"J03"	1970	5	-3.25085989841513
"J03"	1970	6	3.51726009638841
"J03"	1970	7	8.45200972451694
"J03"	1970	8	8.56883212693534
"J03"	1970	9	1.66981697315899
"J03"	1970	10	-1.66199093229897
"J03"	1970	11	-11.2608052074105
"J03"	1970	12	-26.2069661756474
"J03"	1971	1	-27.0153123668024
"J03"	1971	2	-26.5173118901117
"J03"	1971	3	-17.6192940050062
"J03"	1971	4	-7.5453526092715
"J03"	1971	5	-0.374662885836168
"J03"	1971	6	3.31360623465813
"J03"	1971	7	7.7391916476948
"J03"	1971	8	6.31186096485125
"J03"	1971	9	3.5841165164017
"J03"	1971	10	-1.7449560934897
"J03"	1971	11	-13.3721301658436
"J03"	1971	12	-25.7680399035862
"J03"	1972	1	-30.7029222792835
"J03"	1972	2	-30.8305023849278
"J03"	1972	3	-23.4086468081507
"J03"	1972	4	-11.0148822713873
"J03"	1972	5	-4.06630784040604
"J03"	1972	6	3.77229868986804
"J03"	1972	7	7.73120565066679
"J03"	1972	8	5.38428365858559
"J03"	1972	9	1.68859748086886
"J03"	1972	10	-6.30565742770803
"J03"	1972	11	-15.063610304428
"J03"	1972	12	-29.376324694311
"J03"	1973	1	-27.0953340142861
"J03"	1973	2	-28.1323875603858
"J03"	1973	3	-16.9775678802115
"J03"	1973	4	-7.8578795329205
"J03"	1973	5	-0.191140144506148
"J03"	1973	6	5.82617319228891
"J03"	1973	7	10.4324375205168
"J03"	1973	8	8.71772566892307
"J03"	1973	9	1.58202607777442
"J03"	1973	10	-3.09367591946256
"J03"	1973	11	-12.076975354991
"J03"	1973	12	-18.4097370843553
"J03"	1974	1	-33.5936369107251
"J03"	1974	2	-27.8073924647811
"J03"	1974	3	-24.3166138307661
"J03"	1974	4	-11.9510862688856
"J03"	1974	5	-2.80323490497315
"J03"	1974	6	5.15203799871231
"J03"	1974	7	8.11880518057201
"J03"	1974	8	6.37193397950492
"J03"	1974	9	0.566316102196707
"J03"	1974	10	-6.61851629010092
"J03"	1974	11	-11.232937384408
"J03"	1974	12	-19.077485615002
"J03"	1975	1	-30.2017173231868
"J03"	1975	2	-27.48339494937
"J03"	1975	3	-19.9636804436538
"J03"	1975	4	-10.8413618129037
"J03"	1975	5	-1.56528973701117
"J03"	1975	6	5.60528629784133
"J03"	1975	7	10.3171588875737
"J03"	1975	8	7.06358366329266
"J03"	1975	9	3.74009774126336
"J03"	1975	10	-2.80297370241616
"J03"	1975	11	-11.7060305456615
"J03"	1975	12	-26.0361525753967
"J03"	1976	1	-29.0372842331476
"J03"	1976	2	-27.4683150207257
"J03"	1976	3	-23.7848351502645
"J03"	1976	4	-9.32220830001485
"J03"	1976	5	-1.28770945320163
"J03"	1976	6	5.12686657364376
"J03"	1976	7	8.50969854122405
"J03"	1976	8	6.44270363889238
"J03"	1976	9	1.35848975580042
"J03"	1976	10	-4.60304359821587
"J03"	1976	11	-12.1772471894404
"J03"	1976	12	-27.0015387366877
"J03"	1977	1	-26.2758821344627
"J03"	1977	2	-23.7508881686433
"J03"	1977	3	-13.6479487173099
"J03"	1977	4	-12.2138898799926
"J03"	1977	5	-1.90601891695594
"J03"	1977	6	4.83876470229633
"J03"	1977	7	6.90488512224917
"J03"	1977	8	6.02500501353037
"J03"	1977	9	0.790029342728418
"J03"	1977	10	-2.61519887696436
"J03"	1977	11	-8.83280255064027
"J03"	1977	12	-22.0844362830084
"J03"	1978	1	-27.8321260955603
"J03"	1978	2	-21.2694429150199
"J03"	1978	3	-24.0873029078491
"J03"	1978	4	-9.97753885421325
"J03"	1978	5	-0.507998967915924
"J03"	1978	6	3.71708007774902
"J03"	1978	7	7.50237704971666
"J03"	1978	8	6.10946938857661
"J03"	1978	9	-0.336865022623649
"J03"	1978	10	-4.96048418248925
"J03"	1978	11	-15.2181587570627
"J03"	1978	12	-23.4571242292463
"J03"	1979	1	-22.7891651668802
"J03"	1979	2	-26.2847784206724
"J03"	1979	3	-15.9184626895226
"J03"	1979	4	-6.80503884381758
"J03"	1979	5	0.720204213896113
"J03"	1979	6	5.47687786838451
"J03"	1979	7	8.29938962227657
"J03"	1979	8	6.5922061746137
"J03"	1979	9	1.44938435195665
"J03"	1979	10	-2.70876315863838
"J03"	1979	11	-9.98822723468789
"J03"	1979	12	-18.6521782052321
"J03"	1980	1	-24.7504955064818
"J03"	1980	2	-26.5705636928518
"J03"	1980	3	-18.6036301753773
"J03"	1980	4	-8.4761733727762
"J03"	1980	5	-1.14583057198115
"J03"	1980	6	2.78243734800382
"J03"	1980	7	7.59619674514895
"J03"	1980	8	8.1669276326002
"J03"	1980	9	0.77341034080562
"J03"	1980	10	-4.52420239098539
"J03"	1980	11	-12.4579286908562
"J03"	1980	12	-27.5999878361161
"J03"	1981	1	-26.7091080661572
"J03"	1981	2	-17.1163472286023
"J03"	1981	3	-13.2272109772015
"J03"	1981	4	-10.6750900992055
"J03"	1981	5	-2.21431636511104
"J03"	1981	6	3.42892092825099
"J03"	1981	7	7.49246866270535
"J03"	1981	8	6.85163259930731
"J03"	1981	9	4.0441919249605
"J03"	1981	10	-3.26762569912298
"J03"	1981	11	-9.2503159852472
"J03"	1981	12	-16.4164291617551
"J03"	1982	1	-29.6619213606639
"J03"	1982	2	-29.2828097376118
"J03"	1982	3	-21.800153998899
"J03"	1982	4	-13.5103123833689
"J03"	1982	5	-1.17400863760253
"J03"	1982	6	4.16677936773706
"J03"	1982	7	7.38798808603442
"J03"	1982	8	4.85033288049181
"J03"	1982	9	1.83544801929207
"J03"	1982	10	-2.73424884158674
"J03"	1982	11	-11.5179220660048
"J03"	1982	12	-23.4225290076247
"J03"	1983	1	-25.9514454947591
"J03"	1983	2	-26.1824189943805
"J03"	1983	3	-16.7341709285542
"J03"	1983	4	-5.83607733058436
"J03"	1983	5	-1.9445562747803
"J03"	1983	6	4.53268172259946
"J03"	1983	7	6.98326417449114
"J03"	1983	8	6.60994744604065
"J03"	1983	9	4.04724957810918
"J03"	1983	10	-2.93141977610469
"J03"	1983	11	-11.6994975337661
"J03"	1983	12	-24.6397209271437
"J03"	1984	1	-31.8900611652378
"J03"	1984	2	-21.0446939750488
"J03"	1984	3	-20.5520319444582
"J03"	1984	4	-9.51000272184498
"J03"	1984	5	-1.85924563522498
"J03"	1984	6	3.32603862105004
"J03"	1984	7	8.87033983471543
"J03"	1984	8	7.17639910324406
"J03"	1984	9	1.78399367053772
"J03"	1984	10	-3.4101226154236
"J03"	1984	11	-10.6961961760487
"J03"	1984	12	-23.3024217630498
"J03"	1985	1	-26.906161985479
"J03"	1985	2	-24.0817347601676
"J03"	1985	3	-20.3418783589167
"J03"	1985	4	-13.203628708565
"J03"	1985	5	-4.65170089803993
"J03"	1985	6	3.50525234512856
"J03"	1985	7	7.76515789891751
"J03"	1985	8	6.65982160645565
"J03"	1985	9	3.30509736422183
"J03"	1985	10	-3.06312066665759
"J03"	1985	11	-13.0640467271202
"J03"	1985	12	-25.431754944463
"J03"	1986	1	-27.1941142382741
"J03"	1986	2	-26.195331824291
"J03"	1986	3	-22.8170584761212
"J03"	1986	4	-6.19894735389645
"J03"	1986	5	-1.34650446293906
"J03"	1986	6	1.56493558769517
"J03"	1986	7	6.56158573486309
"J03"	1986	8	6.1456353808984
"J03"	1986	9	0.304648307002021
"J03"	1986	10	-5.2405647680691
"J03"	1986	11	-16.5243917223507
"J03"	1986	12	-22.4218030301356
"J03"	1987	1	-26.5960595140309
"J03"	1987	2	-24.3356379669783
"J03"	1987	3	-16.0016941589956
"J03"	1987	4	-5.79300420229358
"J03"	1987	5	-2.27466398541557
"J03"	1987	6	3.48907342429029
"J03"	1987	7	8.53620726726926
"J03"	1987	8	5.63406396956455
"J03"	1987	9	2.9923892641482
"J03"	1987	10	-2.83351956721487
"J03"	1987	11	-12.0754823771886
"J03"	1987	12	-21.9906240308693
"J03"	1988	1	-26.0055314277274
"J03"	1988	2	-28.9940261148786
"J03"	1988	3	-18.788695307777
"J03"	1988	4	-7.28420666372943
"J03"	1988	5	-0.461325120164421
"J03"	1988	6	2.65436042364557
"J03"	1988	7	8.2230385700056
"J03"	1988	8	6.28586971787855
"J03"	1988	9	1.85990313142918
"J03"	1988	10	-4.29447010266353
"J03"	1988	11	-10.0055545545227
"J03"	1988	12	-25.1589504472779
"J03"	1989	1	-28.6997070188594
"J03"	1989	2	-29.7880599392414
"J03"	1989	3	-23.6417845897821
"J03"	1989	4	-8.46322262610216
"J03"	1989	5	0.468026486169144
"J03"	1989	6	4.65077354848852
"J03"	1989	7	6.3270254182692
"J03"	1989	8	7.12252845148887
"J03"	1989	9	2.59178892609921
"J03"	1989	10	-3.66819549166607
"J03"	1989	11	-14.5833916179986
"J03"	1989	12	-26.1542438574968
"J03"	1990	1	-27.2326603829236
"J03"	1990	2	-30.4875150525527
"J03"	1990	3	-21.4763913190107
"J03"	1990	4	-10.5997561401845
"J03"	1990	5	-3.56319237082829
"J03"	1990	6	3.63226698812803
"J03"	1990	7	7.69215382421302
"J03"	1990	8	7.66193504616396
"J03"	1990	9	1.31692085574543
"J03"	1990	10	-3.42124233026313
"J03"	1990	11	-11.7300934842866
"J03"	1990	12	-24.1479442326544
"J03"	1991	1	-33.7329693131556
"J03"	1991	2	-27.0296247826785
"J03"	1991	3	-17.0398382804338
"J03"	1991	4	-10.9381320964302
"J03"	1991	5	-2.41316478169066
"J03"	1991	6	3.61508743583028
"J03"	1991	7	7.37588248948533
"J03"	1991	8	6.85996136452424
"J03"	1991	9	1.47393368858332
"J03"	1991	10	-3.07178446238485
"J03"	1991	11	-11.6612470036874
"J03"	1991	12	-26.7810289944996
"J03"	1992	1	-27.7063661620178
"J03"	1992	2	-29.2717821639791
"J03"	1992	3	-21.1758706502611
"J03"	1992	4	-12.0219071553938
"J03"	1992	5	-3.18984969643939
"J03"	1992	6	3.41642451142041
"J03"	1992	7	5.29433640484003
"J03"	1992	8	6.06452340732901
"J03"	1992	9	2.43458706577429
"J03"	1992	10	-3.92161605831567
"J03"	1992	11	-14.5987833629128
"J03"	1992	12	-22.9471995808174
"J03"	1993	1	-29.7575359051441
"J03"	1993	2	-32.4408563529087
"J03"	1993	3	-21.6984802192519
"J03"	1993	4	-8.95268580583993
"J03"	1993	5	-0.124878492072931
"J03"	1993	6	3.66525480737661
"J03"	1993	7	8.11020184686464
"J03"	1993	8	7.44300054088169
"J03"	1993	9	0.970491759430904
"J03"	1993	10	-5.72021722972854
"J03"	1993	11	-15.157000050002
"J03"	1993	12	-21.223972079726
"J03"	1994	1	-32.6293995278074
"J03"	1994	2	-29.1111305675585
"J03"	1994	3	-18.5009258637123
"J03"	1994	4	-13.2393598279347
"J03"	1994	5	-4.19930858980856
"J03"	1994	6	4.44267607884315
"J03"	1994	7	8.17816442992615
"J03"	1994	8	5.24422238203899
"J03"	1994	9	2.41648950262107
"J03"	1994	10	-1.3502956115951
"J03"	1994	11	-9.88088099393469
"J03"	1994	12	-21.6402797580544
"J03"	1995	1	-26.495100118539
"J03"	1995	2	-29.6560761815094
"J03"	1995	3	-19.6434908029131
"J03"	1995	4	-9.41218065439323
"J03"	1995	5	-2.33696509845058
"J03"	1995	6	3.88441017538144
"J03"	1995	7	8.82562516836922
"J03"	1995	8	6.51358598842949
"J03"	1995	9	1.09737820598422
"J03"	1995	10	-1.05717522227976
"J03"	1995	11	-13.4771572071168
"J03"	1995	12	-22.8875970727849
"J03"	1996	1	-29.1928824618304
"J03"	1996	2	-24.4950730142006
"J03"	1996	3	-18.9243850824385
"J03"	1996	4	-7.71400556436648
"J03"	1996	5	-4.11166724600494
"J03"	1996	6	4.20892642263675
"J03"	1996	7	8.01730477677275
"J03"	1996	8	6.56238330746764
"J03"	1996	9	1.56884028669692
"J03"	1996	10	-4.41545818170948
"J03"	1996	11	-11.5141322318369
"J03"	1996	12	-18.2411665793547
"J03"	1997	1	-26.361554967577
"J03"	1997	2	-28.4221043265083
"J03"	1997	3	-23.9956260511588
"J03"	1997	4	-11.3751310747738
"J03"	1997	5	-2.98475564843197
"J03"	1997	6	2.96033598753255
"J03"	1997	7	7.40653005991274
"J03"	1997	8	5.41484174091942
"J03"	1997	9	2.74676907192183
"J03"	1997	10	-3.40401878750286
"J03"	1997	11	-12.7113559197403
"J03"	1997	12	-21.3594361743937
"J03"	1998	1	-24.5311091828602
"J03"	1998	2	-20.6910389204125
"J03"	1998	3	-17.9978206075065
"J03"	1998	4	-7.20083268329609
"J03"	1998	5	1.1114777116875
"J03"	1998	6	5.44530644806807
"J03"	1998	7	8.14050812801558
"J03"	1998	8	6.01251999388437
"J03"	1998	9	3.40032004459253
"J03"	1998	10	-2.91368064881905
"J03"	1998	11	-11.8652827632381
"J03"	1998	12	-23.1478963487051
"J03"	1999	1	-28.1877272662284
"J03"	1999	2	-23.2985928558207
"J03"	1999	3	-13.135056550265
"J03"	1999	4	-6.99554378257949
"J03"	1999	5	1.28171168931788
"J03"	1999	6	5.23282471604104
"J03"	1999	7	8.00872724964112
"J03"	1999	8	6.32766623096304
"J03"	1999	9	4.4920329853704
"J03"	1999	10	-5.03692638160937
"J03"	1999	11	-11.1159231526502
"J03"	1999	12	-20.320504280769
"J03"	2000	1	-26.8728039251875
"J03"	2000	2	-26.2274280545044
"J03"	2000	3	-14.8888198314303
"J03"	2000	4	-11.3145821121226
"J03"	2000	5	-2.77605291311941
"J03"	2000	6	2.29827351400719
"J03"	2000	7	7.40253680112844
"J03"	2000	8	7.26319715166187
"J03"	2000	9	1.59398096781935
"J03"	2000	10	-4.56494442358285
"J03"	2000	11	-9.62677594401395
"J03"	2000	12	-22.3295351879045
"J03"	2001	1	-27.2964310039571
"J03"	2001	2	-27.521260482421
"J03"	2001	3	-16.4312781298001
"J03"	2001	4	-11.3273612955606
"J03"	2001	5	1.65055086601178
"J03"	2001	6	4.55995748117005
"J03"	2001	7	7.74564997646154
"J03"	2001	8	7.11386200820277
"J03"	2001	9	2.3819749005907
"J03"	2001	10	-2.03648274606444
"J03"	2001	11	-10.3319398953498
"J03"	2001	12	-17.6554307523526
"J03"	2002	1	-28.4500202304598
"J03"	2002	2	-26.4460006742767
"J03"	2002	3	-22.5123650530483
"J03"	2002	4	-11.0149358871797
"J03"	2002	5	-4.93685679642418
"J03"	2002	6	2.17754648968013
"J03"	2002	7	7.80268700512754
"J03"	2002	8	6.52381537721678
"J03"	2002	9	2.48343717121985
"J03"	2002	10	-5.15371027140554
"J03"	2002	11	-14.6628613467522
"J03"	2002	12	-22.3375941160473
"J03"	2003	1	-26.6152486013317
"J03"	2003	2	-29.1973448630189
"J03"	2003	3	-22.5957140435957
"J03"	2003	4	-13.1865167077745
"J03"	2003	5	-2.70047394988489
"J03"	2003	6	4.06927604291071
"J03"	2003	7	7.95205767575258
"J03"	2003	8	6.46607193485178
"J03"	2003	9	3.44234099799364
"J03"	2003	10	-2.89330844586476
"J03"	2003	11	-10.9254234153089
"J03"	2003	12	-20.6186337873076
"J03"	2004	1	-27.6801898756586
"J03"	2004	2	-25.3196422835614
"J03"	2004	3	-20.0986991548575
"J03"	2004	4	-10.7083894592399
"J03"	2004	5	-4.91497751654579
"J03"	2004	6	2.6345908738556
"J03"	2004	7	7.91324586102656
"J03"	2004	8	6.49374658981045
"J03"	2004	9	1.12719793127466
"J03"	2004	10	-2.83926762364407
"J03"	2004	11	-13.0684305260703
"J03"	2004	12	-26.3251415978305
"J03"	2005	1	-32.3142622442457
"J03"	2005	2	-24.4395177915298
"J03"	2005	3	-18.9424511192594
"J03"	2005	4	-7.03428888291057
"J03"	2005	5	-0.507817113386438
"J03"	2005	6	4.16207984794944
"J03"	2005	7	7.59648557887582
"J03"	2005	8	6.26139554896514
"J03"	2005	9	2.7694876465334
"J03"	2005	10	-1.05991770979111
"J03"	2005	11	-11.6549275348965
"J03"	2005	12	-22.4354142810682
"J03"	2006	1	-24.4900125435446
"J03"	2006	2	-26.6802754049899
"J03"	2006	3	-13.6736873030892
"J03"	2006	4	-6.71088290971564
"J03"	2006	5	0.70083555323803
"J03"	2006	6	5.01502405772876
"J03"	2006	7	8.11221657933619
"J03"	2006	8	4.84205360589226
"J03"	2006	9	1.70178370972216
"J03"	2006	10	-3.4023006119935
"J03"	2006	11	-9.22919262243554
"J03"	2006	12	-20.0321358050337
"J03"	2007	1	-25.6726674837233
"J03"	2007	2	-26.212331072217
"J03"	2007	3	-21.1469395761656
"J03"	2007	4	-9.95623928966041
"J03"	2007	5	-4.72406704036895
"J03"	2007	6	4.1688464293185
"J03"	2007	7	7.52195705725658
"J03"	2007	8	5.29908720258928
"J03"	2007	9	1.53976674513059
"J03"	2007	10	-2.23794054344572
"J03"	2007	11	-14.7417749453202
"J03"	2007	12	-26.4627774944876
"J03"	2008	1	-26.6558414050192
"J03"	2008	2	-26.7853242841752
"J03"	2008	3	-23.2644466976594
"J03"	2008	4	-6.59755672797395
"J03"	2008	5	-0.566432515676371
"J03"	2008	6	4.60867353447241
"J03"	2008	7	8.67179980192814
"J03"	2008	8	7.16113486410084
"J03"	2008	9	2.10745850574583
"J03"	2008	10	-3.16442117298831
"J03"	2008	11	-10.735634312006
"J03"	2008	12	-26.3579516408904
"J03"	2009	1	-29.8912710860914
"J03"	2009	2	-23.1635316397262
"J03"	2009	3	-20.8704122456606
"J03"	2009	4	-8.10361625182844
"J03"	2009	5	-5.30918820035923
"J03"	2009	6	4.01665725980199
"J03"	2009	7	7.99377138100518
"J03"	2009	8	6.34657109357829
"J03"	2009	9	1.74971898716242
"J03"	2009	10	-5.92020255088208
"J03"	2009	11	-8.80110984445916
"J03"	2009	12	-20.4042543871988
"J03"	2010	1	-21.3556627279905
"J03"	2010	2	-15.1164031288085
"J03"	2010	3	-15.929623434897
"J03"	2010	4	-5.07110643576457
"J03"	2010	5	0.410528429175975
"J03"	2010	6	3.12256948910358
"J03"	2010	7	8.76882606795837
"J03"	2010	8	6.85263477666344
"J03"	2010	9	2.55136861578957
"J03"	2010	10	-2.43825282422189
"J03"	2010	11	-10.5883047141888
"J03"	2010	12	-14.3979688635688
"J03"	2011	1	-23.5172945292715
"J03"	2011	2	-26.804796535009
"J03"	2011	3	-18.9546475085289
"J03"	2011	4	-12.1705576097153
"J03"	2011	5	-2.79210516716857
"J03"	2011	6	3.79153667647735
"J03"	2011	7	7.10745938778798
"J03"	2011	8	7.02447566310872
"J03"	2011	9	2.26069761243643
"J03"	2011	10	-1.57003975559191
"J03"	2011	11	-10.4543373395982
"J03"	2011	12	-24.0202715742156
"J03"	2012	1	-28.0865467605603
"J03"	2012	2	-24.5209992105005
"J03"	2012	3	-17.5919497481134
"J03"	2012	4	-8.49099635101566
"J03"	2012	5	-0.450565679140727
"J03"	2012	6	5.0622679011857
"J03"	2012	7	7.7004526425149
"J03"	2012	8	7.51180157704113
"J03"	2012	9	2.6592129745571
"J03"	2012	10	-2.26599828968318
"J03"	2012	11	-10.897060302296
"J03"	2012	12	-20.6552170044086
"J03"	2013	1	-28.7788593260393
"J03"	2013	2	-23.9142000860004
"J03"	2013	3	-12.3777169494311
"J03"	2013	4	-9.86550953825237
"J03"	2013	5	-0.947620474348148
"J03"	2013	6	2.6611622347578
"J03"	2013	7	7.30757701848099
"J03"	2013	8	5.77403916048629
"J03"	2013	9	2.01027853104828
"J03"	2013	10	-3.0055098251665
"J03"	2013	11	-12.7514308161705
"J03"	2013	12	-29.0316298517282
"J03"	2014	1	-28.7112584912335
"J03"	2014	2	-27.0997965796937
"J03"	2014	3	-24.3932283678944
"J03"	2014	4	-10.1621506884901
"J03"	2014	5	-1.4988333409631
"J03"	2014	6	4.59783083840264
"J03"	2014	7	8.86977722472192
"J03"	2014	8	7.12469731139449
"J03"	2014	9	1.38047521895922
"J03"	2014	10	-2.24099867657417
"J03"	2014	11	-15.5845855681692
"J03"	2014	12	-22.619004422588
"J03"	2015	1	-32.0582886093465
"J03"	2015	2	-34.5111554637366
"J03"	2015	3	-22.0120659193078
"J03"	2015	4	-11.2031677997585
"J03"	2015	5	-1.58517092960002
"J03"	2015	6	3.13844415884092
"J03"	2015	7	7.32751564050504
"J03"	2015	8	7.673015662666
"J03"	2015	9	2.95748416119484
"J03"	2015	10	-7.125420673204
"J03"	2015	11	-12.155075498583
"J03"	2015	12	-18.7536966441779
"J03"	2016	1	-24.3659437888026
"J03"	2016	2	-28.203016880691
"J03"	2016	3	-21.6565844582991
"J03"	2016	4	-12.7704611613841
"J03"	2016	5	-1.96240257701087
"J03"	2016	6	4.59328339130959
"J03"	2016	7	7.73281913983129
"J03"	2016	8	6.36881643739735
"J03"	2016	9	1.86573394430679
"J03"	2016	10	-3.50129520858931
"J03"	2016	11	-10.2248617987633
"J03"	2016	12	-26.993253739892
