"J03"	1901	1	51.2908305070575
"J03"	1901	2	63.571936608049
"J03"	1901	3	52.3963526847039
"J03"	1901	4	41.0686086933066
"J03"	1901	5	43.3616197500051
"J03"	1901	6	92.7992073967259
"J03"	1901	7	53.8278147627271
"J03"	1901	8	73.0456887125641
"J03"	1901	9	64.0594222443712
"J03"	1901	10	113.991227088172
"J03"	1901	11	93.7975171489561
"J03"	1901	12	97.9631111340167
"J03"	1902	1	94.6437898653272
"J03"	1902	2	54.8290822767091
"J03"	1902	3	68.8780624314676
"J03"	1902	4	56.8547251001714
"J03"	1902	5	90.2438027220989
"J03"	1902	6	216.887733688217
"J03"	1902	7	101.58464374242
"J03"	1902	8	178.267508600463
"J03"	1902	9	131.88048684436
"J03"	1902	10	86.5600784662158
"J03"	1902	11	66.299566269229
"J03"	1902	12	64.8788865017269
"J03"	1903	1	79.7048360944571
"J03"	1903	2	80.8030416222514
"J03"	1903	3	59.3170620332764
"J03"	1903	4	80.8216738880088
"J03"	1903	5	25.0727981957733
"J03"	1903	6	51.6569759205856
"J03"	1903	7	152.523029067036
"J03"	1903	8	105.968694177217
"J03"	1903	9	41.0816750223138
"J03"	1903	10	55.2167537589481
"J03"	1903	11	60.0608606256098
"J03"	1903	12	70.0582841792063
"J03"	1904	1	67.7367733224155
"J03"	1904	2	60.2879071587277
"J03"	1904	3	82.5956073211542
"J03"	1904	4	47.7289279292987
"J03"	1904	5	114.325288682227
"J03"	1904	6	47.3968064290934
"J03"	1904	7	141.57102082131
"J03"	1904	8	116.48324145353
"J03"	1904	9	105.970928223551
"J03"	1904	10	76.2428730207367
"J03"	1904	11	71.8364710305764
"J03"	1904	12	52.949728528611
"J03"	1905	1	44.1568378392584
"J03"	1905	2	53.8336036832723
"J03"	1905	3	22.6068264847871
"J03"	1905	4	44.7416171107456
"J03"	1905	5	57.8768149072031
"J03"	1905	6	75.6192313003418
"J03"	1905	7	59.7731342447178
"J03"	1905	8	67.1989810095221
"J03"	1905	9	155.106659125172
"J03"	1905	10	54.3940352687241
"J03"	1905	11	70.5657556759045
"J03"	1905	12	45.6363390925961
"J03"	1906	1	49.1611204372301
"J03"	1906	2	26.6517543569284
"J03"	1906	3	92.3077721454407
"J03"	1906	4	66.4129170249122
"J03"	1906	5	60.152651799772
"J03"	1906	6	67.9086939043496
"J03"	1906	7	26.7491028762647
"J03"	1906	8	77.4307668896849
"J03"	1906	9	192.020057732376
"J03"	1906	10	109.65181412384
"J03"	1906	11	85.5801079587293
"J03"	1906	12	58.2003164935747
"J03"	1907	1	43.552465873087
"J03"	1907	2	39.3678815306692
"J03"	1907	3	55.9412162307986
"J03"	1907	4	69.2679104265282
"J03"	1907	5	66.6001697734906
"J03"	1907	6	133.849380092795
"J03"	1907	7	240.773613618235
"J03"	1907	8	163.429827994152
"J03"	1907	9	132.723024213498
"J03"	1907	10	118.104530949523
"J03"	1907	11	43.4711306125892
"J03"	1907	12	76.3758322161347
"J03"	1908	1	47.0443193355005
"J03"	1908	2	71.3601730424998
"J03"	1908	3	55.528738843085
"J03"	1908	4	75.9322669744173
"J03"	1908	5	88.2447995386538
"J03"	1908	6	149.920597959511
"J03"	1908	7	56.6017358686424
"J03"	1908	8	110.372036193486
"J03"	1908	9	47.8237459597844
"J03"	1908	10	72.9049576896459
"J03"	1908	11	71.9378138731516
"J03"	1908	12	71.8553362477519
"J03"	1909	1	37.6213012378102
"J03"	1909	2	64.5341356601747
"J03"	1909	3	80.4156198908751
"J03"	1909	4	30.8923465998642
"J03"	1909	5	77.6049364557073
"J03"	1909	6	149.823502037681
"J03"	1909	7	207.45440586505
"J03"	1909	8	112.792364308122
"J03"	1909	9	156.327628951134
"J03"	1909	10	87.6019310647351
"J03"	1909	11	110.910885957586
"J03"	1909	12	58.6531103540986
"J03"	1910	1	51.6755064976093
"J03"	1910	2	62.4599228109262
"J03"	1910	3	47.3264534695213
"J03"	1910	4	61.8809570207622
"J03"	1910	5	57.2521588009993
"J03"	1910	6	138.73969109624
"J03"	1910	7	182.655049605933
"J03"	1910	8	82.0750639686206
"J03"	1910	9	89.0394931583665
"J03"	1910	10	117.302062466758
"J03"	1910	11	137.729574269057
"J03"	1910	12	62.2627997182288
"J03"	1911	1	76.1771680191275
"J03"	1911	2	31.5688605867909
"J03"	1911	3	29.932330952563
"J03"	1911	4	28.972547686643
"J03"	1911	5	50.5286605923529
"J03"	1911	6	144.115238184374
"J03"	1911	7	162.143581981329
"J03"	1911	8	51.393201165851
"J03"	1911	9	64.1388298117325
"J03"	1911	10	41.9977253168966
"J03"	1911	11	69.6893009286843
"J03"	1911	12	71.9484893868421
"J03"	1912	1	66.2377409369495
"J03"	1912	2	44.0654778327105
"J03"	1912	3	54.8692633084828
"J03"	1912	4	65.45048218261
"J03"	1912	5	110.823415913637
"J03"	1912	6	93.6840387834222
"J03"	1912	7	142.94755137926
"J03"	1912	8	110.436863752667
"J03"	1912	9	54.51140211565
"J03"	1912	10	112.140315975874
"J03"	1912	11	85.1934745264127
"J03"	1912	12	54.6961633451949
"J03"	1913	1	75.6564822840123
"J03"	1913	2	35.0066196816831
"J03"	1913	3	69.1845808127008
"J03"	1913	4	52.0177624220423
"J03"	1913	5	54.7420324436567
"J03"	1913	6	84.2150283098987
"J03"	1913	7	153.943474821938
"J03"	1913	8	81.0428148764934
"J03"	1913	9	48.7676069179157
"J03"	1913	10	103.514505165846
"J03"	1913	11	56.5556900150148
"J03"	1913	12	54.2618087696599
"J03"	1914	1	30.2966937725782
"J03"	1914	2	53.9480947746257
"J03"	1914	3	31.7292503632324
"J03"	1914	4	50.1275141212912
"J03"	1914	5	75.9059862834556
"J03"	1914	6	78.8567169982365
"J03"	1914	7	90.7239999098893
"J03"	1914	8	67.0456617545006
"J03"	1914	9	55.1885903036251
"J03"	1914	10	79.839681027749
"J03"	1914	11	98.3129013301805
"J03"	1914	12	38.2345528480209
"J03"	1915	1	45.1064953968657
"J03"	1915	2	56.5191544841555
"J03"	1915	3	71.4133240587961
"J03"	1915	4	43.6053107583164
"J03"	1915	5	92.0435481863811
"J03"	1915	6	67.0259945512194
"J03"	1915	7	87.3718806210185
"J03"	1915	8	102.458082350443
"J03"	1915	9	171.739115807375
"J03"	1915	10	72.1326470102331
"J03"	1915	11	94.463940066645
"J03"	1915	12	88.8779309717672
"J03"	1916	1	51.598047428412
"J03"	1916	2	50.9188723456166
"J03"	1916	3	25.9527047297292
"J03"	1916	4	13.4954695731777
"J03"	1916	5	69.7349080407894
"J03"	1916	6	92.9914111999056
"J03"	1916	7	49.4072058619525
"J03"	1916	8	86.3415096333711
"J03"	1916	9	120.270072824566
"J03"	1916	10	82.1998056208234
"J03"	1916	11	91.9847282664017
"J03"	1916	12	119.035075437385
"J03"	1917	1	46.4439091252724
"J03"	1917	2	56.2867805943149
"J03"	1917	3	35.546893350406
"J03"	1917	4	77.7688479182379
"J03"	1917	5	79.5165862849054
"J03"	1917	6	126.56840986913
"J03"	1917	7	65.8272329946545
"J03"	1917	8	128.50998263897
"J03"	1917	9	57.8880914002092
"J03"	1917	10	118.223901454473
"J03"	1917	11	57.539687160365
"J03"	1917	12	33.3146602026886
"J03"	1918	1	63.0259102124944
"J03"	1918	2	49.5627097314993
"J03"	1918	3	23.7706877047864
"J03"	1918	4	29.1980182004033
"J03"	1918	5	104.223858291615
"J03"	1918	6	140.192380454697
"J03"	1918	7	162.559469055893
"J03"	1918	8	79.4399934368552
"J03"	1918	9	178.045196511879
"J03"	1918	10	44.5993516656106
"J03"	1918	11	43.1188848437493
"J03"	1918	12	52.121944829409
"J03"	1919	1	70.860960783058
"J03"	1919	2	47.3408266586489
"J03"	1919	3	67.6408083049768
"J03"	1919	4	83.5829652882744
"J03"	1919	5	40.840455988338
"J03"	1919	6	44.4746007994457
"J03"	1919	7	94.9194724481771
"J03"	1919	8	97.7749027361406
"J03"	1919	9	92.44452912366
"J03"	1919	10	60.7714922902741
"J03"	1919	11	51.0457175332181
"J03"	1919	12	35.0298481203965
"J03"	1920	1	42.1074139155206
"J03"	1920	2	86.1325881160552
"J03"	1920	3	65.0738583880342
"J03"	1920	4	77.9305698388925
"J03"	1920	5	14.7831437084899
"J03"	1920	6	40.0322676600362
"J03"	1920	7	127.813997418754
"J03"	1920	8	120.678823209506
"J03"	1920	9	63.497215368595
"J03"	1920	10	58.7972147213311
"J03"	1920	11	29.2170932654401
"J03"	1920	12	89.8786536175651
"J03"	1921	1	74.7381952940158
"J03"	1921	2	13.6293601422749
"J03"	1921	3	66.5163975577011
"J03"	1921	4	33.538837356526
"J03"	1921	5	30.2653787362001
"J03"	1921	6	55.923314104552
"J03"	1921	7	73.9124762251887
"J03"	1921	8	110.960808102578
"J03"	1921	9	94.2405822359178
"J03"	1921	10	131.740058401669
"J03"	1921	11	50.2006514725106
"J03"	1921	12	41.4169719925333
"J03"	1922	1	56.7879592583366
"J03"	1922	2	42.251803004556
"J03"	1922	3	35.0731568556598
"J03"	1922	4	32.2476558025385
"J03"	1922	5	43.1685605657342
"J03"	1922	6	210.443416837838
"J03"	1922	7	106.110758710403
"J03"	1922	8	79.2329585887783
"J03"	1922	9	41.01959231297
"J03"	1922	10	96.0419587143982
"J03"	1922	11	42.5856026762218
"J03"	1922	12	57.7227387354193
"J03"	1923	1	85.6145305786509
"J03"	1923	2	18.7780675428594
"J03"	1923	3	76.7706552735092
"J03"	1923	4	59.0655493496862
"J03"	1923	5	112.86057306392
"J03"	1923	6	82.5915672930451
"J03"	1923	7	81.8706944321175
"J03"	1923	8	122.33739035555
"J03"	1923	9	67.9860112305472
"J03"	1923	10	125.498892458777
"J03"	1923	11	109.602745287138
"J03"	1923	12	58.0981790601872
"J03"	1924	1	68.1394333965469
"J03"	1924	2	40.0200077416498
"J03"	1924	3	42.4829580575634
"J03"	1924	4	69.618272203465
"J03"	1924	5	108.769182371442
"J03"	1924	6	84.1373502634302
"J03"	1924	7	136.071553924931
"J03"	1924	8	99.0866806584725
"J03"	1924	9	167.602999702932
"J03"	1924	10	35.3232756584947
"J03"	1924	11	67.0870656796522
"J03"	1924	12	46.5698481803492
"J03"	1925	1	51.1808309603345
"J03"	1925	2	72.5456783230141
"J03"	1925	3	89.5835046263804
"J03"	1925	4	78.3425336102433
"J03"	1925	5	56.3833718641553
"J03"	1925	6	72.0073666369594
"J03"	1925	7	207.909827036051
"J03"	1925	8	54.5319509315602
"J03"	1925	9	114.767341206651
"J03"	1925	10	105.797536612311
"J03"	1925	11	118.768887062761
"J03"	1925	12	57.9759597749487
"J03"	1926	1	29.4983685807816
"J03"	1926	2	39.7453953713261
"J03"	1926	3	48.1060220009653
"J03"	1926	4	38.1443176304407
"J03"	1926	5	63.0235193456339
"J03"	1926	6	87.8856450382119
"J03"	1926	7	76.0500433433057
"J03"	1926	8	157.715376405965
"J03"	1926	9	97.2854832948798
"J03"	1926	10	120.277525774
"J03"	1926	11	99.4910710838919
"J03"	1926	12	47.6208983711747
"J03"	1927	1	60.6255658636128
"J03"	1927	2	39.0841834709793
"J03"	1927	3	30.1857611959875
"J03"	1927	4	67.5116933710921
"J03"	1927	5	119.608827110127
"J03"	1927	6	63.1727513214989
"J03"	1927	7	117.52551991601
"J03"	1927	8	116.249292248567
"J03"	1927	9	100.991961914597
"J03"	1927	10	108.254604560642
"J03"	1927	11	166.317135790776
"J03"	1927	12	90.9699463208755
"J03"	1928	1	68.8400648506029
"J03"	1928	2	37.4303862635863
"J03"	1928	3	45.9227782162894
"J03"	1928	4	61.3281458112369
"J03"	1928	5	70.3556611234955
"J03"	1928	6	89.4265934124608
"J03"	1928	7	106.920823263864
"J03"	1928	8	86.1016913772074
"J03"	1928	9	78.8810259909517
"J03"	1928	10	98.3814532808798
"J03"	1928	11	49.9699541431052
"J03"	1928	12	88.9755346728503
"J03"	1929	1	64.8838274537705
"J03"	1929	2	25.1901955589226
"J03"	1929	3	69.3841562342879
"J03"	1929	4	75.3138128925478
"J03"	1929	5	60.0650798429608
"J03"	1929	6	133.773520615133
"J03"	1929	7	150.800903382811
"J03"	1929	8	135.372159967307
"J03"	1929	9	75.2163101809285
"J03"	1929	10	103.368294334157
"J03"	1929	11	57.7313308833992
"J03"	1929	12	76.0989885987159
"J03"	1930	1	63.0921267359053
"J03"	1930	2	43.299122602856
"J03"	1930	3	81.5874331119907
"J03"	1930	4	45.3456812266279
"J03"	1930	5	65.7592160689199
"J03"	1930	6	150.216051781012
"J03"	1930	7	132.705020930655
"J03"	1930	8	124.57994372117
"J03"	1930	9	125.161282041054
"J03"	1930	10	21.4969478563148
"J03"	1930	11	58.397384359582
"J03"	1930	12	40.7120645715391
"J03"	1931	1	72.1416123200271
"J03"	1931	2	35.9299819132528
"J03"	1931	3	31.8393773376578
"J03"	1931	4	36.619320451649
"J03"	1931	5	59.4989112453253
"J03"	1931	6	95.6295902740098
"J03"	1931	7	146.33261098206
"J03"	1931	8	70.8772564689168
"J03"	1931	9	160.909360613032
"J03"	1931	10	96.5473589528611
"J03"	1931	11	46.4334323301756
"J03"	1931	12	70.8862013966551
"J03"	1932	1	55.525121848976
"J03"	1932	2	37.350181235313
"J03"	1932	3	113.342059875943
"J03"	1932	4	59.8634832464492
"J03"	1932	5	27.6594537784357
"J03"	1932	6	110.991985017692
"J03"	1932	7	168.820182784019
"J03"	1932	8	181.620025568052
"J03"	1932	9	128.027188482554
"J03"	1932	10	92.1436610802469
"J03"	1932	11	69.0632150064073
"J03"	1932	12	56.9702483195007
"J03"	1933	1	71.5311346687852
"J03"	1933	2	86.5533327801222
"J03"	1933	3	72.2558439729781
"J03"	1933	4	83.4353816431495
"J03"	1933	5	89.8396388575682
"J03"	1933	6	125.656673767476
"J03"	1933	7	72.9844272813913
"J03"	1933	8	87.2268189884794
"J03"	1933	9	141.350342240196
"J03"	1933	10	68.898246193987
"J03"	1933	11	127.874527443858
"J03"	1933	12	89.5465476116701
"J03"	1934	1	47.9374632252909
"J03"	1934	2	72.2432000377224
"J03"	1934	3	62.9138771111237
"J03"	1934	4	77.2806911455607
"J03"	1934	5	48.9505389093751
"J03"	1934	6	142.16748791182
"J03"	1934	7	98.9442525364063
"J03"	1934	8	90.3826929600334
"J03"	1934	9	56.0237141246147
"J03"	1934	10	66.6072628959714
"J03"	1934	11	74.1972004956441
"J03"	1934	12	55.981854100376
"J03"	1935	1	68.5463147884261
"J03"	1935	2	31.1060002368168
"J03"	1935	3	53.9999336334367
"J03"	1935	4	48.4122573995782
"J03"	1935	5	29.4740135184563
"J03"	1935	6	122.26937500603
"J03"	1935	7	120.588189897882
"J03"	1935	8	67.2867343734447
"J03"	1935	9	78.7896765434932
"J03"	1935	10	80.9374721022038
"J03"	1935	11	65.9806501565505
"J03"	1935	12	54.1197997036119
"J03"	1936	1	86.0110471659281
"J03"	1936	2	56.0124866558811
"J03"	1936	3	49.9617367273004
"J03"	1936	4	78.1662355012431
"J03"	1936	5	121.228757813637
"J03"	1936	6	143.435940996178
"J03"	1936	7	118.535339884825
"J03"	1936	8	77.970306188805
"J03"	1936	9	66.2279744924885
"J03"	1936	10	101.427939323223
"J03"	1936	11	68.4480252546611
"J03"	1936	12	67.7063056751048
"J03"	1937	1	62.7163872423113
"J03"	1937	2	58.7669581818818
"J03"	1937	3	45.5625651595974
"J03"	1937	4	20.2993832414589
"J03"	1937	5	66.9825461461908
"J03"	1937	6	119.464036645496
"J03"	1937	7	96.0278678106457
"J03"	1937	8	140.408229030732
"J03"	1937	9	130.378792493192
"J03"	1937	10	119.864917149993
"J03"	1937	11	107.563814201772
"J03"	1937	12	54.3283371204063
"J03"	1938	1	55.2282162271371
"J03"	1938	2	32.225042202587
"J03"	1938	3	30.7437742054684
"J03"	1938	4	65.3350345549455
"J03"	1938	5	46.1338212699171
"J03"	1938	6	82.1190456558715
"J03"	1938	7	137.359899492549
"J03"	1938	8	156.493844996702
"J03"	1938	9	102.652345099966
"J03"	1938	10	39.3156333446262
"J03"	1938	11	52.6939126555154
"J03"	1938	12	71.6958565409833
"J03"	1939	1	44.3482533564191
"J03"	1939	2	81.1483565633838
"J03"	1939	3	44.8275095749136
"J03"	1939	4	34.4057265582383
"J03"	1939	5	52.9855239179641
"J03"	1939	6	79.2304006778184
"J03"	1939	7	173.599157783471
"J03"	1939	8	122.619143368601
"J03"	1939	9	115.109832819148
"J03"	1939	10	106.771110179769
"J03"	1939	11	28.0987147149128
"J03"	1939	12	55.0252349595984
"J03"	1940	1	54.2245578113819
"J03"	1940	2	30.5312547411408
"J03"	1940	3	70.4664902585363
"J03"	1940	4	46.8917308375082
"J03"	1940	5	67.4097132130006
"J03"	1940	6	153.707003056466
"J03"	1940	7	72.1064778612141
"J03"	1940	8	61.3217228429208
"J03"	1940	9	107.731348175108
"J03"	1940	10	71.7771950880307
"J03"	1940	11	123.354051020462
"J03"	1940	12	64.761871047222
"J03"	1941	1	44.5572768214187
"J03"	1941	2	51.5623687946634
"J03"	1941	3	66.6988785864035
"J03"	1941	4	61.2731427183683
"J03"	1941	5	53.9381410277591
"J03"	1941	6	97.5889442774908
"J03"	1941	7	92.3725195696555
"J03"	1941	8	124.989954351075
"J03"	1941	9	158.530460364599
"J03"	1941	10	134.968182760364
"J03"	1941	11	108.959339197883
"J03"	1941	12	71.9811216138762
"J03"	1942	1	44.1687647865408
"J03"	1942	2	104.961718819348
"J03"	1942	3	68.6373772668879
"J03"	1942	4	47.5841070061655
"J03"	1942	5	44.3125017706711
"J03"	1942	6	148.224800130359
"J03"	1942	7	121.320623978551
"J03"	1942	8	64.1834978341248
"J03"	1942	9	97.2058070630822
"J03"	1942	10	82.0611730970592
"J03"	1942	11	57.3893975720178
"J03"	1942	12	72.2956947386482
"J03"	1943	1	40.961956758525
"J03"	1943	2	46.9574834598149
"J03"	1943	3	56.0367550496805
"J03"	1943	4	59.9239318644669
"J03"	1943	5	55.4446749144871
"J03"	1943	6	98.6207473668472
"J03"	1943	7	114.831980359912
"J03"	1943	8	138.25462756824
"J03"	1943	9	45.2365028792951
"J03"	1943	10	121.688393256896
"J03"	1943	11	57.7493613693673
"J03"	1943	12	43.5095622679027
"J03"	1944	1	33.3115789679997
"J03"	1944	2	68.5164072947837
"J03"	1944	3	61.1496514925296
"J03"	1944	4	35.763318382513
"J03"	1944	5	71.2367708101358
"J03"	1944	6	86.2150092100072
"J03"	1944	7	112.817861341519
"J03"	1944	8	101.132553023414
"J03"	1944	9	111.256586436792
"J03"	1944	10	89.7381774355327
"J03"	1944	11	53.8629515285184
"J03"	1944	12	77.9974109072676
"J03"	1945	1	110.899890929799
"J03"	1945	2	42.469375570205
"J03"	1945	3	49.7933747986043
"J03"	1945	4	69.5330369797788
"J03"	1945	5	90.7872686738489
"J03"	1945	6	114.390924132553
"J03"	1945	7	139.87692852256
"J03"	1945	8	69.2067820614598
"J03"	1945	9	128.830869152999
"J03"	1945	10	93.5925067757181
"J03"	1945	11	65.038933975111
"J03"	1945	12	66.8364554418538
"J03"	1946	1	66.9798907446255
"J03"	1946	2	69.0306181174629
"J03"	1946	3	59.776020829304
"J03"	1946	4	57.9599103767044
"J03"	1946	5	73.1419893098199
"J03"	1946	6	77.6399144614089
"J03"	1946	7	120.67061879962
"J03"	1946	8	63.4380843853138
"J03"	1946	9	60.5411813372188
"J03"	1946	10	68.7502941332123
"J03"	1946	11	54.990209377767
"J03"	1946	12	84.314901791264
"J03"	1947	1	42.8833294119406
"J03"	1947	2	65.9081238963987
"J03"	1947	3	54.5625979276189
"J03"	1947	4	57.254298778848
"J03"	1947	5	118.33112168319
"J03"	1947	6	79.4892547524382
"J03"	1947	7	134.655054576205
"J03"	1947	8	67.9185404231164
"J03"	1947	9	98.8793216357167
"J03"	1947	10	41.1734523735075
"J03"	1947	11	92.0019653284682
"J03"	1947	12	49.9431704802214
"J03"	1948	1	33.3845926343363
"J03"	1948	2	25.3209469436645
"J03"	1948	3	34.7924464167462
"J03"	1948	4	56.8710776647433
"J03"	1948	5	103.549168470855
"J03"	1948	6	69.7392668016538
"J03"	1948	7	101.704434559997
"J03"	1948	8	118.235601140911
"J03"	1948	9	92.8553335106798
"J03"	1948	10	71.0103860384816
"J03"	1948	11	88.5470533879813
"J03"	1948	12	51.1998197553914
"J03"	1949	1	53.0293887149433
"J03"	1949	2	35.8660734014881
"J03"	1949	3	59.3336213408148
"J03"	1949	4	41.5870933373459
"J03"	1949	5	108.704729404652
"J03"	1949	6	108.090319956122
"J03"	1949	7	86.5401404623062
"J03"	1949	8	152.962858462253
"J03"	1949	9	100.425706410928
"J03"	1949	10	72.1477090125633
"J03"	1949	11	70.238885846783
"J03"	1949	12	44.8912660633697
"J03"	1950	1	59.1275846495328
"J03"	1950	2	62.8447504444413
"J03"	1950	3	41.867117361923
"J03"	1950	4	69.5442857261094
"J03"	1950	5	41.4207944048823
"J03"	1950	6	160.662959102457
"J03"	1950	7	121.269782242714
"J03"	1950	8	68.1834570632652
"J03"	1950	9	53.2431282088686
"J03"	1950	10	117.111434586897
"J03"	1950	11	161.913767318628
"J03"	1950	12	84.7363820614
"J03"	1951	1	77.321158488021
"J03"	1951	2	70.6211386734254
"J03"	1951	3	62.1642419046236
"J03"	1951	4	73.8881272480645
"J03"	1951	5	62.9011556377098
"J03"	1951	6	71.1194563091796
"J03"	1951	7	139.617861317986
"J03"	1951	8	85.4962131357882
"J03"	1951	9	79.0609436481407
"J03"	1951	10	92.4790409764366
"J03"	1951	11	83.4622113757665
"J03"	1951	12	66.0978565039415
"J03"	1952	1	68.9144043420991
"J03"	1952	2	76.8404713728352
"J03"	1952	3	59.7122755591325
"J03"	1952	4	46.2913584073836
"J03"	1952	5	61.9315159892062
"J03"	1952	6	128.907563676494
"J03"	1952	7	110.913275329634
"J03"	1952	8	128.734492471119
"J03"	1952	9	83.7673144000661
"J03"	1952	10	136.649673408169
"J03"	1952	11	29.250159509007
"J03"	1952	12	27.1008065220103
"J03"	1953	1	76.9038178924082
"J03"	1953	2	69.870873883401
"J03"	1953	3	89.9792098235175
"J03"	1953	4	86.0683427292247
"J03"	1953	5	39.7003678095287
"J03"	1953	6	81.5194625570821
"J03"	1953	7	134.823338932586
"J03"	1953	8	54.0053537621471
"J03"	1953	9	125.862112391753
"J03"	1953	10	49.7006928538592
"J03"	1953	11	61.8030090235143
"J03"	1953	12	88.1547765169064
"J03"	1954	1	47.2930644431686
"J03"	1954	2	54.3769908472372
"J03"	1954	3	49.2274563964857
"J03"	1954	4	74.5561223346737
"J03"	1954	5	85.0460860156137
"J03"	1954	6	91.4421572157813
"J03"	1954	7	180.233015745494
"J03"	1954	8	142.792295945442
"J03"	1954	9	122.234911442213
"J03"	1954	10	85.2886521429109
"J03"	1954	11	86.8659814553729
"J03"	1954	12	114.504504046539
"J03"	1955	1	75.6366830385416
"J03"	1955	2	46.3339415998593
"J03"	1955	3	114.726250241439
"J03"	1955	4	33.9943658344438
"J03"	1955	5	77.4325298526774
"J03"	1955	6	59.7654887787878
"J03"	1955	7	68.7878576953435
"J03"	1955	8	103.101150971081
"J03"	1955	9	130.541238471089
"J03"	1955	10	48.5829340178007
"J03"	1955	11	58.9679347035037
"J03"	1955	12	45.0466644799296
"J03"	1956	1	71.8144363520422
"J03"	1956	2	36.2797047125227
"J03"	1956	3	36.5226082198638
"J03"	1956	4	43.5380851294491
"J03"	1956	5	61.8001128800819
"J03"	1956	6	83.66489961201
"J03"	1956	7	120.704205977104
"J03"	1956	8	100.752037243948
"J03"	1956	9	107.286889786592
"J03"	1956	10	67.443319253654
"J03"	1956	11	62.2832863503183
"J03"	1956	12	62.7576203337125
"J03"	1957	1	32.3471541261409
"J03"	1957	2	48.0969689745537
"J03"	1957	3	41.6296237038185
"J03"	1957	4	52.2480533833965
"J03"	1957	5	42.4976244282952
"J03"	1957	6	133.201747178457
"J03"	1957	7	93.9013438836001
"J03"	1957	8	55.9372949954883
"J03"	1957	9	146.716488921463
"J03"	1957	10	74.767821586148
"J03"	1957	11	87.0569493301892
"J03"	1957	12	86.4042257297269
"J03"	1958	1	72.6746144194405
"J03"	1958	2	71.861629618372
"J03"	1958	3	20.9199016803306
"J03"	1958	4	59.2275567199297
"J03"	1958	5	67.2502967356064
"J03"	1958	6	167.033332236512
"J03"	1958	7	113.941765404492
"J03"	1958	8	151.838172116504
"J03"	1958	9	89.7249954358282
"J03"	1958	10	75.6038838611114
"J03"	1958	11	73.6675559097535
"J03"	1958	12	42.5416406829599
"J03"	1959	1	66.9138434060425
"J03"	1959	2	35.2706052153383
"J03"	1959	3	73.4804862136598
"J03"	1959	4	58.2405233459729
"J03"	1959	5	45.049312268989
"J03"	1959	6	134.373720313356
"J03"	1959	7	77.2656706372534
"J03"	1959	8	81.2627791514788
"J03"	1959	9	72.6236311629837
"J03"	1959	10	100.863617647491
"J03"	1959	11	119.622426153102
"J03"	1959	12	36.6159213954758
"J03"	1960	1	56.7924219053844
"J03"	1960	2	93.9726970969441
"J03"	1960	3	38.8174708802752
"J03"	1960	4	43.7190366603364
"J03"	1960	5	52.3523140233445
"J03"	1960	6	89.3866544410876
"J03"	1960	7	103.84105375759
"J03"	1960	8	74.9805979988583
"J03"	1960	9	110.871786928459
"J03"	1960	10	71.6640016932938
"J03"	1960	11	97.0132580658661
"J03"	1960	12	52.9278758334828
"J03"	1961	1	46.4763757492511
"J03"	1961	2	39.1289176648766
"J03"	1961	3	59.2452712170261
"J03"	1961	4	25.0854848457957
"J03"	1961	5	77.0134324280173
"J03"	1961	6	112.533474461483
"J03"	1961	7	92.7836535310873
"J03"	1961	8	106.635540256828
"J03"	1961	9	99.9211079322436
"J03"	1961	10	61.0829161442136
"J03"	1961	11	52.6033948108147
"J03"	1961	12	59.1563480765402
"J03"	1962	1	67.0660633634854
"J03"	1962	2	29.5854872862401
"J03"	1962	3	23.2099156332698
"J03"	1962	4	61.3172536417262
"J03"	1962	5	69.0078324925165
"J03"	1962	6	86.4196975463562
"J03"	1962	7	108.757966661631
"J03"	1962	8	84.2804523586527
"J03"	1962	9	108.211705963448
"J03"	1962	10	75.667879184676
"J03"	1962	11	55.245393161074
"J03"	1962	12	76.8538769042785
"J03"	1963	1	60.2774016635348
"J03"	1963	2	48.159749900216
"J03"	1963	3	44.0135339417787
"J03"	1963	4	59.2319156692767
"J03"	1963	5	66.1629348471668
"J03"	1963	6	96.0159377771658
"J03"	1963	7	146.396138696272
"J03"	1963	8	79.5269302880854
"J03"	1963	9	91.4947243724922
"J03"	1963	10	75.0223929346503
"J03"	1963	11	104.731539056476
"J03"	1963	12	29.7187583680952
"J03"	1964	1	65.204612393511
"J03"	1964	2	32.8174661060872
"J03"	1964	3	82.3039564121513
"J03"	1964	4	16.8911701240189
"J03"	1964	5	113.114536543922
"J03"	1964	6	149.507087238197
"J03"	1964	7	129.635658608629
"J03"	1964	8	120.624413441994
"J03"	1964	9	68.5236547369309
"J03"	1964	10	83.8830516982234
"J03"	1964	11	60.0022453386413
"J03"	1964	12	63.6173126819837
"J03"	1965	1	56.3072587550931
"J03"	1965	2	55.7084144995462
"J03"	1965	3	18.5394803625988
"J03"	1965	4	24.1402081087676
"J03"	1965	5	71.2366687789858
"J03"	1965	6	79.6191078411847
"J03"	1965	7	118.246713517379
"J03"	1965	8	120.422099377579
"J03"	1965	9	94.7745747058595
"J03"	1965	10	117.818188192206
"J03"	1965	11	59.7514962104522
"J03"	1965	12	38.6938187864608
"J03"	1966	1	55.1287238309324
"J03"	1966	2	30.6641582163357
"J03"	1966	3	64.2901603603274
"J03"	1966	4	35.8602887266024
"J03"	1966	5	58.7713526101018
"J03"	1966	6	72.5449430879116
"J03"	1966	7	192.222453530534
"J03"	1966	8	111.404808703797
"J03"	1966	9	99.8552788895221
"J03"	1966	10	130.252223052619
"J03"	1966	11	133.430018806487
"J03"	1966	12	65.665333408555
"J03"	1967	1	52.414801271223
"J03"	1967	2	45.5791379485606
"J03"	1967	3	15.6283163781016
"J03"	1967	4	32.67526275259
"J03"	1967	5	73.3149279211023
"J03"	1967	6	83.2921335408328
"J03"	1967	7	166.447190668019
"J03"	1967	8	88.2579502835581
"J03"	1967	9	142.097083673586
"J03"	1967	10	101.70539479249
"J03"	1967	11	83.7595039323731
"J03"	1967	12	62.4854050523393
"J03"	1968	1	42.0316150950504
"J03"	1968	2	58.1967288243862
"J03"	1968	3	61.4600868156426
"J03"	1968	4	70.4762131608399
"J03"	1968	5	14.074327582923
"J03"	1968	6	80.3838473444358
"J03"	1968	7	102.918029666623
"J03"	1968	8	124.705263803651
"J03"	1968	9	69.2794129073854
"J03"	1968	10	106.306315149269
"J03"	1968	11	45.8680486763609
"J03"	1968	12	92.6815566573797
"J03"	1969	1	84.9068275168605
"J03"	1969	2	63.7810658548751
"J03"	1969	3	61.814814543883
"J03"	1969	4	45.9735741011897
"J03"	1969	5	72.1829412038036
"J03"	1969	6	109.724492477339
"J03"	1969	7	101.763652871412
"J03"	1969	8	122.212070148077
"J03"	1969	9	123.414797207001
"J03"	1969	10	87.9007114542253
"J03"	1969	11	101.925988536924
"J03"	1969	12	94.3197259005318
"J03"	1970	1	43.8309532637915
"J03"	1970	2	58.4974931832896
"J03"	1970	3	59.806738805937
"J03"	1970	4	45.8535548203082
"J03"	1970	5	75.8692679297639
"J03"	1970	6	114.562971887911
"J03"	1970	7	119.749097669287
"J03"	1970	8	126.485680574468
"J03"	1970	9	75.6467694844562
"J03"	1970	10	73.211041183414
"J03"	1970	11	73.6844249434402
"J03"	1970	12	36.256381242546
"J03"	1971	1	46.9328095280418
"J03"	1971	2	58.2164185052296
"J03"	1971	3	57.2688637274343
"J03"	1971	4	75.5639005142016
"J03"	1971	5	66.2770843567417
"J03"	1971	6	68.8346181570407
"J03"	1971	7	107.509148820099
"J03"	1971	8	141.194272365416
"J03"	1971	9	105.942469521255
"J03"	1971	10	106.305619400816
"J03"	1971	11	77.6832102980969
"J03"	1971	12	63.2444469276438
"J03"	1972	1	62.0362914513035
"J03"	1972	2	55.9905213137357
"J03"	1972	3	84.8078834113198
"J03"	1972	4	24.1858903420661
"J03"	1972	5	49.0797650462934
"J03"	1972	6	118.654475857925
"J03"	1972	7	91.5661360035302
"J03"	1972	8	108.263700447974
"J03"	1972	9	149.053184153342
"J03"	1972	10	82.3625356697986
"J03"	1972	11	65.0803582183137
"J03"	1972	12	64.3183830759169
"J03"	1973	1	66.194990708396
"J03"	1973	2	66.0396883330185
"J03"	1973	3	65.9884211758397
"J03"	1973	4	90.1152808124194
"J03"	1973	5	96.4378884886959
"J03"	1973	6	83.4745685971679
"J03"	1973	7	121.43769239164
"J03"	1973	8	104.035037161148
"J03"	1973	9	84.6847504440648
"J03"	1973	10	122.057252120124
"J03"	1973	11	65.9088818209901
"J03"	1973	12	137.942116553803
"J03"	1974	1	30.8498964192534
"J03"	1974	2	35.8267590282447
"J03"	1974	3	71.051062529946
"J03"	1974	4	59.9199603018845
"J03"	1974	5	73.807232718108
"J03"	1974	6	78.2981374332046
"J03"	1974	7	99.3076309478733
"J03"	1974	8	110.8302865477
"J03"	1974	9	96.2024323875325
"J03"	1974	10	93.182913148893
"J03"	1974	11	58.0262611311708
"J03"	1974	12	69.6760246080173
"J03"	1975	1	48.1594973941973
"J03"	1975	2	28.0907412469491
"J03"	1975	3	66.7613019690172
"J03"	1975	4	52.8577392216667
"J03"	1975	5	45.1938860026691
"J03"	1975	6	128.702680294263
"J03"	1975	7	116.63255706073
"J03"	1975	8	80.1239411446993
"J03"	1975	9	101.79041893911
"J03"	1975	10	48.467390140807
"J03"	1975	11	80.7268438866003
"J03"	1975	12	53.9965844612528
"J03"	1976	1	60.6654731632294
"J03"	1976	2	66.4164331172215
"J03"	1976	3	49.0149367844468
"J03"	1976	4	78.5891335764555
"J03"	1976	5	100.148356299252
"J03"	1976	6	62.6943779133428
"J03"	1976	7	122.3139609882
"J03"	1976	8	113.393725034251
"J03"	1976	9	114.544534726215
"J03"	1976	10	110.090396741056
"J03"	1976	11	57.1194797968808
"J03"	1976	12	85.6089305187012
"J03"	1977	1	60.5791552132158
"J03"	1977	2	54.4674351199658
"J03"	1977	3	37.4758860895358
"J03"	1977	4	51.7345770680854
"J03"	1977	5	46.6279680799555
"J03"	1977	6	118.947087018747
"J03"	1977	7	116.483547003022
"J03"	1977	8	109.177793424163
"J03"	1977	9	77.1567450435616
"J03"	1977	10	78.2426632400654
"J03"	1977	11	100.180810700584
"J03"	1977	12	49.2796447134054
"J03"	1978	1	64.056029825802
"J03"	1978	2	54.6330264606202
"J03"	1978	3	73.9236490361396
"J03"	1978	4	50.3565828420584
"J03"	1978	5	77.0331593877647
"J03"	1978	6	168.832491334308
"J03"	1978	7	111.612398854514
"J03"	1978	8	99.9408740283301
"J03"	1978	9	87.861117186462
"J03"	1978	10	96.7168658520884
"J03"	1978	11	61.0358149564357
"J03"	1978	12	90.118233559752
"J03"	1979	1	74.1829783518576
"J03"	1979	2	49.6208482250578
"J03"	1979	3	89.2708836356332
"J03"	1979	4	71.3573329015865
"J03"	1979	5	101.699385109826
"J03"	1979	6	152.480151554318
"J03"	1979	7	152.921109215894
"J03"	1979	8	115.195257390562
"J03"	1979	9	114.352777164281
"J03"	1979	10	81.564836817967
"J03"	1979	11	68.8524202669152
"J03"	1979	12	65.5567089683542
"J03"	1980	1	83.2748480306696
"J03"	1980	2	29.1165090307689
"J03"	1980	3	90.5272950639294
"J03"	1980	4	55.8020782710424
"J03"	1980	5	66.6226050146856
"J03"	1980	6	107.841562941487
"J03"	1980	7	135.993132440356
"J03"	1980	8	72.7752651572413
"J03"	1980	9	116.049561069739
"J03"	1980	10	98.0050057612577
"J03"	1980	11	59.2517414378409
"J03"	1980	12	79.514198764438
"J03"	1981	1	71.2005324719062
"J03"	1981	2	75.778757965821
"J03"	1981	3	49.8156333162956
"J03"	1981	4	74.7462317839535
"J03"	1981	5	97.3705076688436
"J03"	1981	6	107.778785280512
"J03"	1981	7	105.856423634082
"J03"	1981	8	85.8000904014656
"J03"	1981	9	79.7554306876044
"J03"	1981	10	87.714314871085
"J03"	1981	11	71.0421670074142
"J03"	1981	12	51.0677372081365
"J03"	1982	1	49.5709460798919
"J03"	1982	2	24.5529243000095
"J03"	1982	3	52.9192601981194
"J03"	1982	4	111.097602299499
"J03"	1982	5	37.8893327253825
"J03"	1982	6	113.727743067116
"J03"	1982	7	94.4917115984105
"J03"	1982	8	107.422834427042
"J03"	1982	9	84.0616662291267
"J03"	1982	10	45.0963181170813
"J03"	1982	11	81.1779975370115
"J03"	1982	12	74.2256902121151
"J03"	1983	1	63.7234150779933
"J03"	1983	2	85.8815401152659
"J03"	1983	3	95.8417185821308
"J03"	1983	4	90.4811171462459
"J03"	1983	5	84.997322811651
"J03"	1983	6	80.3141275855683
"J03"	1983	7	94.7560767231509
"J03"	1983	8	85.5035770577419
"J03"	1983	9	134.258124381843
"J03"	1983	10	78.7782866477209
"J03"	1983	11	125.873227042446
"J03"	1983	12	83.418210183368
"J03"	1984	1	47.9488264638643
"J03"	1984	2	66.5394122906401
"J03"	1984	3	48.5203611309866
"J03"	1984	4	29.0585148625696
"J03"	1984	5	92.2390848880121
"J03"	1984	6	90.9813614256406
"J03"	1984	7	142.709442072823
"J03"	1984	8	88.1653231095326
"J03"	1984	9	91.3426732446871
"J03"	1984	10	42.4899704321186
"J03"	1984	11	79.0910270947626
"J03"	1984	12	55.0351155951321
"J03"	1985	1	41.817297761322
"J03"	1985	2	54.8727240424716
"J03"	1985	3	53.7851138887009
"J03"	1985	4	37.4198214898054
"J03"	1985	5	70.4542607178483
"J03"	1985	6	87.7957260445053
"J03"	1985	7	138.758404111376
"J03"	1985	8	81.8773914454952
"J03"	1985	9	89.1523065010609
"J03"	1985	10	84.634632426334
"J03"	1985	11	45.2477736509487
"J03"	1985	12	44.6405421197979
"J03"	1986	1	78.1287091089347
"J03"	1986	2	36.4799659604047
"J03"	1986	3	39.0974970109088
"J03"	1986	4	70.9340878595137
"J03"	1986	5	60.4785394133386
"J03"	1986	6	147.038232979556
"J03"	1986	7	118.453958043407
"J03"	1986	8	117.501459794101
"J03"	1986	9	114.179704510169
"J03"	1986	10	70.8848817166085
"J03"	1986	11	64.9337427823379
"J03"	1986	12	42.321254721083
"J03"	1987	1	38.9271380263188
"J03"	1987	2	18.5211814590771
"J03"	1987	3	33.4396971074669
"J03"	1987	4	37.6574687620147
"J03"	1987	5	67.5164300622647
"J03"	1987	6	128.018950865573
"J03"	1987	7	112.186181529255
"J03"	1987	8	95.207504246302
"J03"	1987	9	105.501994172275
"J03"	1987	10	87.6212554831616
"J03"	1987	11	90.5333826545411
"J03"	1987	12	52.8716376458382
"J03"	1988	1	70.291649509748
"J03"	1988	2	77.5205715466765
"J03"	1988	3	56.1123661823913
"J03"	1988	4	58.6347904750647
"J03"	1988	5	58.1381911324675
"J03"	1988	6	149.586464848
"J03"	1988	7	76.399174464967
"J03"	1988	8	106.437946075581
"J03"	1988	9	128.997328519212
"J03"	1988	10	93.8446815490036
"J03"	1988	11	70.2395288127886
"J03"	1988	12	54.7910715466432
"J03"	1989	1	50.1484889853134
"J03"	1989	2	25.2562017624152
"J03"	1989	3	40.0645405838082
"J03"	1989	4	51.1619996647301
"J03"	1989	5	70.9066551459047
"J03"	1989	6	99.6996371249728
"J03"	1989	7	63.6449043878299
"J03"	1989	8	118.705387385712
"J03"	1989	9	79.6683508920763
"J03"	1989	10	91.8200362699496
"J03"	1989	11	70.4202578886326
"J03"	1989	12	51.4297996581834
"J03"	1990	1	58.5214992939171
"J03"	1990	2	42.933698469172
"J03"	1990	3	25.6632546736187
"J03"	1990	4	39.3353120945608
"J03"	1990	5	71.6192651097172
"J03"	1990	6	84.8802443511596
"J03"	1990	7	93.4450243501499
"J03"	1990	8	83.8659223348508
"J03"	1990	9	141.39058323673
"J03"	1990	10	122.913899540094
"J03"	1990	11	99.199892277369
"J03"	1990	12	83.0150140832132
"J03"	1991	1	38.4951899645946
"J03"	1991	2	35.9453479424741
"J03"	1991	3	81.8423998777013
"J03"	1991	4	34.9716219171432
"J03"	1991	5	60.5351829419459
"J03"	1991	6	67.1418668353929
"J03"	1991	7	101.041192858654
"J03"	1991	8	120.927545119523
"J03"	1991	9	76.3875898528939
"J03"	1991	10	154.861592891415
"J03"	1991	11	56.739926048849
"J03"	1991	12	51.6070853912945
"J03"	1992	1	75.0745631298287
"J03"	1992	2	37.7820648465593
"J03"	1992	3	44.6994889303578
"J03"	1992	4	58.6497678712756
"J03"	1992	5	40.8632299695251
"J03"	1992	6	151.686429453912
"J03"	1992	7	137.322167095845
"J03"	1992	8	146.193615333659
"J03"	1992	9	100.836149537222
"J03"	1992	10	80.5170052675899
"J03"	1992	11	46.9676876838966
"J03"	1992	12	38.3407360615208
"J03"	1993	1	37.7576578335761
"J03"	1993	2	56.5805853306234
"J03"	1993	3	34.6682726969628
"J03"	1993	4	64.8559829458588
"J03"	1993	5	96.6570700375988
"J03"	1993	6	94.2375284946246
"J03"	1993	7	116.873895351527
"J03"	1993	8	134.786223312533
"J03"	1993	9	114.359839488405
"J03"	1993	10	105.596872742199
"J03"	1993	11	66.460374190712
"J03"	1993	12	62.0257017745981
"J03"	1994	1	74.2998396829856
"J03"	1994	2	49.378746230662
"J03"	1994	3	57.9214057069246
"J03"	1994	4	60.0040996003547
"J03"	1994	5	66.2971250926994
"J03"	1994	6	138.07549471641
"J03"	1994	7	150.435570502497
"J03"	1994	8	118.602977951853
"J03"	1994	9	113.209339549218
"J03"	1994	10	44.1473162580987
"J03"	1994	11	127.326504811105
"J03"	1994	12	53.9995895996258
"J03"	1995	1	90.334852129317
"J03"	1995	2	79.3823905268181
"J03"	1995	3	68.9801147556741
"J03"	1995	4	67.0066233697165
"J03"	1995	5	63.7650047639819
"J03"	1995	6	57.9671033114422
"J03"	1995	7	118.875042416021
"J03"	1995	8	69.2523214120081
"J03"	1995	9	103.131288959438
"J03"	1995	10	111.6188965019
"J03"	1995	11	91.6590436855245
"J03"	1995	12	52.5398000583787
"J03"	1996	1	74.96503118368
"J03"	1996	2	81.1662541922075
"J03"	1996	3	61.2031089130521
"J03"	1996	4	99.9015873462295
"J03"	1996	5	51.3868648727316
"J03"	1996	6	71.6880512175535
"J03"	1996	7	199.590412832443
"J03"	1996	8	59.3944023646402
"J03"	1996	9	51.7018028991112
"J03"	1996	10	84.5914745349728
"J03"	1996	11	72.8518619424771
"J03"	1996	12	89.2763703248016
"J03"	1997	1	83.9932704668289
"J03"	1997	2	40.6260807499157
"J03"	1997	3	52.0024227508666
"J03"	1997	4	23.4027244508239
"J03"	1997	5	118.403319702361
"J03"	1997	6	84.5946732084339
"J03"	1997	7	104.575056356408
"J03"	1997	8	96.676250497114
"J03"	1997	9	113.158819465455
"J03"	1997	10	34.2699038255607
"J03"	1997	11	47.2395471574684
"J03"	1997	12	52.0209191831412
"J03"	1998	1	56.5281852760109
"J03"	1998	2	69.8473418216093
"J03"	1998	3	82.5894180673511
"J03"	1998	4	33.6614376667861
"J03"	1998	5	57.6481515960417
"J03"	1998	6	115.093220094046
"J03"	1998	7	163.517653400207
"J03"	1998	8	81.8483316050093
"J03"	1998	9	140.319590103847
"J03"	1998	10	85.244936731255
"J03"	1998	11	90.2561211196237
"J03"	1998	12	57.3549153731092
"J03"	1999	1	77.7281624831562
"J03"	1999	2	41.3730389827525
"J03"	1999	3	81.4940942885401
"J03"	1999	4	35.0502445771203
"J03"	1999	5	48.9596772846247
"J03"	1999	6	97.6485758905163
"J03"	1999	7	123.428784466106
"J03"	1999	8	85.5623393897318
"J03"	1999	9	111.314637507241
"J03"	1999	10	89.2127321775813
"J03"	1999	11	93.0914569512983
"J03"	1999	12	46.4871342737718
"J03"	2000	1	66.7677784544921
"J03"	2000	2	47.0976351715983
"J03"	2000	3	47.4865943471971
"J03"	2000	4	67.4308215861221
"J03"	2000	5	86.4443258299185
"J03"	2000	6	89.2739995838142
"J03"	2000	7	128.719666965844
"J03"	2000	8	110.831636273253
"J03"	2000	9	76.1730077190145
"J03"	2000	10	60.858310736162
"J03"	2000	11	63.7860336743336
"J03"	2000	12	76.2984552082388
"J03"	2001	1	21.8507023652461
"J03"	2001	2	60.4667208774684
"J03"	2001	3	34.581245131675
"J03"	2001	4	32.5416074879071
"J03"	2001	5	46.0783202026918
"J03"	2001	6	137.614319815623
"J03"	2001	7	119.555706582413
"J03"	2001	8	97.4288257609977
"J03"	2001	9	78.1320676419349
"J03"	2001	10	104.796100090291
"J03"	2001	11	59.0572114898261
"J03"	2001	12	36.5669481525484
"J03"	2002	1	33.7607329334132
"J03"	2002	2	71.9827329590892
"J03"	2002	3	59.0213970359309
"J03"	2002	4	43.0138610380993
"J03"	2002	5	70.7963552671434
"J03"	2002	6	92.6288710149882
"J03"	2002	7	104.354486550413
"J03"	2002	8	89.752730782046
"J03"	2002	9	86.5280308456297
"J03"	2002	10	75.44750727033
"J03"	2002	11	74.0821262907482
"J03"	2002	12	47.5550234527995
"J03"	2003	1	19.3303724877536
"J03"	2003	2	65.9346071225627
"J03"	2003	3	42.9914146873639
"J03"	2003	4	49.0694364968659
"J03"	2003	5	39.6126555147331
"J03"	2003	6	86.7624180234488
"J03"	2003	7	158.373428414848
"J03"	2003	8	99.9186018659493
"J03"	2003	9	80.3987635129949
"J03"	2003	10	134.367804374541
"J03"	2003	11	90.1245897938173
"J03"	2003	12	90.3600372101557
"J03"	2004	1	40.6346787690267
"J03"	2004	2	24.486253722905
"J03"	2004	3	48.2881689579241
"J03"	2004	4	34.9275475405983
"J03"	2004	5	81.4106255510206
"J03"	2004	6	108.459563961169
"J03"	2004	7	150.737122984471
"J03"	2004	8	143.476699638133
"J03"	2004	9	89.9015585766787
"J03"	2004	10	61.8323244746323
"J03"	2004	11	76.7303579933089
"J03"	2004	12	85.8193841112431
"J03"	2005	1	33.8134526545878
"J03"	2005	2	53.664550742864
"J03"	2005	3	68.1135039148274
"J03"	2005	4	79.3361914701301
"J03"	2005	5	44.350422486882
"J03"	2005	6	110.986431359911
"J03"	2005	7	66.1379008331104
"J03"	2005	8	155.432077544817
"J03"	2005	9	101.799774391786
"J03"	2005	10	83.9424209909652
"J03"	2005	11	108.82724923719
"J03"	2005	12	91.8604450931723
"J03"	2006	1	99.0834842876774
"J03"	2006	2	73.0718330397214
"J03"	2006	3	45.35805798514
"J03"	2006	4	38.5697708697826
"J03"	2006	5	79.2182431406831
"J03"	2006	6	112.032310991304
"J03"	2006	7	108.563223331915
"J03"	2006	8	80.2137287471359
"J03"	2006	9	134.744463982094
"J03"	2006	10	120.723931308727
"J03"	2006	11	77.6579721644615
"J03"	2006	12	45.4398662006825
"J03"	2007	1	61.6354654547311
"J03"	2007	2	55.4441825503231
"J03"	2007	3	68.8460185702789
"J03"	2007	4	43.6165044846257
"J03"	2007	5	42.6475873778964
"J03"	2007	6	99.9922623064588
"J03"	2007	7	108.666149505204
"J03"	2007	8	117.035836872489
"J03"	2007	9	137.3267376943
"J03"	2007	10	86.9063407856637
"J03"	2007	11	127.690332886944
"J03"	2007	12	58.5719717905738
"J03"	2008	1	59.6250299333439
"J03"	2008	2	61.7621629548539
"J03"	2008	3	84.7863231789337
"J03"	2008	4	63.464224632623
"J03"	2008	5	61.1648977221987
"J03"	2008	6	122.73585424709
"J03"	2008	7	116.842322169325
"J03"	2008	8	88.3728772051804
"J03"	2008	9	100.485674591685
"J03"	2008	10	75.0016851740662
"J03"	2008	11	82.2020412376128
"J03"	2008	12	75.7181922643424
"J03"	2009	1	65.1835183379093
"J03"	2009	2	50.0815136243372
"J03"	2009	3	36.6851813416104
"J03"	2009	4	76.8616036434013
"J03"	2009	5	68.4501152831901
"J03"	2009	6	83.1530135693954
"J03"	2009	7	120.720837241585
"J03"	2009	8	101.280644141946
"J03"	2009	9	76.0714570082437
"J03"	2009	10	83.8435123400342
"J03"	2009	11	58.5494717550662
"J03"	2009	12	72.1449286757164
"J03"	2010	1	46.5825293615913
"J03"	2010	2	33.1443430636526
"J03"	2010	3	33.5169642659292
"J03"	2010	4	46.6801851368785
"J03"	2010	5	74.842951140645
"J03"	2010	6	107.707533011681
"J03"	2010	7	110.696783973037
"J03"	2010	8	70.1287643956966
"J03"	2010	9	162.514564693874
"J03"	2010	10	97.9159805188724
"J03"	2010	11	81.8357349596649
"J03"	2010	12	85.349818373278
"J03"	2011	1	62.3316739597724
"J03"	2011	2	40.2085593661076
"J03"	2011	3	72.9841963165631
"J03"	2011	4	82.4504838489586
"J03"	2011	5	102.952777808852
"J03"	2011	6	92.5351107098796
"J03"	2011	7	125.546126969502
"J03"	2011	8	161.95227827235
"J03"	2011	9	78.8401124055431
"J03"	2011	10	50.5177969319201
"J03"	2011	11	72.7439656456011
"J03"	2011	12	62.6696794084648
"J03"	2012	1	71.2020263895633
"J03"	2012	2	38.0517638112816
"J03"	2012	3	42.7986787446535
"J03"	2012	4	73.7916907429676
"J03"	2012	5	75.2759357901092
"J03"	2012	6	99.0231218795595
"J03"	2012	7	79.4650595397798
"J03"	2012	8	112.791749399551
"J03"	2012	9	85.0932899182665
"J03"	2012	10	109.474555468772
"J03"	2012	11	30.8548275310969
"J03"	2012	12	79.4990849241272
"J03"	2013	1	55.4309047619173
"J03"	2013	2	44.3460208902952
"J03"	2013	3	61.2457987105977
"J03"	2013	4	59.8459167869022
"J03"	2013	5	94.6645296458798
"J03"	2013	6	89.2842861955675
"J03"	2013	7	54.6345197470139
"J03"	2013	8	73.2963334839825
"J03"	2013	9	100.188678658462
"J03"	2013	10	62.003158426699
"J03"	2013	11	72.942461193161
"J03"	2013	12	84.803710219876
"J03"	2014	1	74.7966860721754
"J03"	2014	2	64.1469210881244
"J03"	2014	3	77.5935868269996
"J03"	2014	4	65.8701420135162
"J03"	2014	5	59.6314356178156
"J03"	2014	6	82.81732645869
"J03"	2014	7	129.647300885834
"J03"	2014	8	93.9488149766673
"J03"	2014	9	111.528949020038
"J03"	2014	10	115.955995344663
"J03"	2014	11	68.4078162906211
"J03"	2014	12	67.2855171936546
"J03"	2015	1	76.5963053534496
"J03"	2015	2	33.3998663915114
"J03"	2015	3	32.3682942296323
"J03"	2015	4	45.9032332041884
"J03"	2015	5	60.3180655610241
"J03"	2015	6	91.0217233229763
"J03"	2015	7	149.12785690363
"J03"	2015	8	104.773353539086
"J03"	2015	9	81.1116358959179
"J03"	2015	10	57.115085446822
"J03"	2015	11	100.848836243021
"J03"	2015	12	33.6195675865219
"J03"	2016	1	38.9466712440569
"J03"	2016	2	71.6878106664421
"J03"	2016	3	70.0037796420925
"J03"	2016	4	28.5838881667989
"J03"	2016	5	61.6501464994284
"J03"	2016	6	180.137248072395
"J03"	2016	7	135.31701830758
"J03"	2016	8	85.7203009195757
"J03"	2016	9	91.3052262558448
"J03"	2016	10	104.627985132339
"J03"	2016	11	57.4947407701523
"J03"	2016	12	40.8201633418742
