"J03"	1901	1	-15.404138866435
"J03"	1901	2	-11.3408321128761
"J03"	1901	3	-6.16647484833903
"J03"	1901	4	4.1301823542189
"J03"	1901	5	10.7701196455957
"J03"	1901	6	17.4666407557051
"J03"	1901	7	19.1220418382186
"J03"	1901	8	18.5263719221466
"J03"	1901	9	11.86856722477
"J03"	1901	10	3.85370212777674
"J03"	1901	11	-4.11259925962552
"J03"	1901	12	-11.0536257845352
"J03"	1902	1	-14.2152886773427
"J03"	1902	2	-9.00572914154354
"J03"	1902	3	-2.45966516337757
"J03"	1902	4	2.52276821637848
"J03"	1902	5	7.5390257036753
"J03"	1902	6	13.5115523786834
"J03"	1902	7	18.2634495696362
"J03"	1902	8	17.2699142179225
"J03"	1902	9	12.7708802337974
"J03"	1902	10	2.54554893792194
"J03"	1902	11	-2.98309741732489
"J03"	1902	12	-13.550502944241
"J03"	1903	1	-15.126436941113
"J03"	1903	2	-11.7708566504677
"J03"	1903	3	-3.25287811533866
"J03"	1903	4	1.11500385303027
"J03"	1903	5	9.20771043666813
"J03"	1903	6	13.7562977099053
"J03"	1903	7	16.6048350116144
"J03"	1903	8	14.8133064908496
"J03"	1903	9	11.6731038535676
"J03"	1903	10	3.83741346534344
"J03"	1903	11	-3.45357870979352
"J03"	1903	12	-14.0474720285104
"J03"	1904	1	-17.6376648639796
"J03"	1904	2	-14.9367549093599
"J03"	1904	3	-6.84645502195873
"J03"	1904	4	0.806455168150469
"J03"	1904	5	9.97603853128275
"J03"	1904	6	16.4009265091247
"J03"	1904	7	19.246266949251
"J03"	1904	8	17.2564487247649
"J03"	1904	9	10.4750293406339
"J03"	1904	10	3.42941255824843
"J03"	1904	11	-4.92410181803061
"J03"	1904	12	-15.1444661831595
"J03"	1905	1	-17.4490332274153
"J03"	1905	2	-13.8040618793994
"J03"	1905	3	-6.24098717796474
"J03"	1905	4	1.59670082556792
"J03"	1905	5	8.74383539594075
"J03"	1905	6	16.0456761509069
"J03"	1905	7	19.4879968406626
"J03"	1905	8	17.6994390473596
"J03"	1905	9	11.5764123500151
"J03"	1905	10	4.32169180664094
"J03"	1905	11	-4.09475077129824
"J03"	1905	12	-10.4411681815391
"J03"	1906	1	-11.0603665763552
"J03"	1906	2	-9.77322667767488
"J03"	1906	3	-7.53702398756749
"J03"	1906	4	0.985369362892799
"J03"	1906	5	7.21081681390772
"J03"	1906	6	16.5907618140963
"J03"	1906	7	19.7302754465454
"J03"	1906	8	19.1424182173625
"J03"	1906	9	11.2770689150316
"J03"	1906	10	4.41441447576607
"J03"	1906	11	-3.66552424506157
"J03"	1906	12	-12.9370067837673
"J03"	1907	1	-16.8713460577678
"J03"	1907	2	-14.6446177234868
"J03"	1907	3	-6.63502350345368
"J03"	1907	4	0.672094273055918
"J03"	1907	5	6.0767030582854
"J03"	1907	6	16.036341031467
"J03"	1907	7	17.57327565192
"J03"	1907	8	15.885456219478
"J03"	1907	9	10.3768171599181
"J03"	1907	10	2.20769628935642
"J03"	1907	11	-2.73638118105792
"J03"	1907	12	-9.33146179868579
"J03"	1908	1	-14.381908924508
"J03"	1908	2	-12.9187709639841
"J03"	1908	3	-7.43527873503898
"J03"	1908	4	-1.84344654390807
"J03"	1908	5	8.34138922543246
"J03"	1908	6	16.6824882216289
"J03"	1908	7	21.4171114299445
"J03"	1908	8	17.0284929782374
"J03"	1908	9	14.3754972675304
"J03"	1908	10	6.1016243411883
"J03"	1908	11	-3.60731044481107
"J03"	1908	12	-13.5240305215953
"J03"	1909	1	-16.2919606010244
"J03"	1909	2	-13.69611470591
"J03"	1909	3	-5.73794794769889
"J03"	1909	4	0.73855700701643
"J03"	1909	5	8.20502149439338
"J03"	1909	6	16.3292152621905
"J03"	1909	7	17.8619288750001
"J03"	1909	8	18.7715476438415
"J03"	1909	9	10.7729695085232
"J03"	1909	10	5.09635410774602
"J03"	1909	11	-2.17839646390479
"J03"	1909	12	-9.11438274241069
"J03"	1910	1	-11.1014195139292
"J03"	1910	2	-11.2769947626218
"J03"	1910	3	-5.24304260309117
"J03"	1910	4	1.61820341979154
"J03"	1910	5	8.7678410265876
"J03"	1910	6	14.2764378797193
"J03"	1910	7	17.7077125237711
"J03"	1910	8	16.8146572958035
"J03"	1910	9	10.4688839081536
"J03"	1910	10	3.09186164186518
"J03"	1910	11	-2.54979666635734
"J03"	1910	12	-11.402185267379
"J03"	1911	1	-14.0102178891395
"J03"	1911	2	-13.7616952104761
"J03"	1911	3	-6.45055731755839
"J03"	1911	4	1.69570537099952
"J03"	1911	5	10.9301382269421
"J03"	1911	6	15.8240321654858
"J03"	1911	7	19.8544964305044
"J03"	1911	8	18.0577535107171
"J03"	1911	9	10.4628950175882
"J03"	1911	10	3.48798629734177
"J03"	1911	11	-5.22183113959088
"J03"	1911	12	-10.0873255634983
"J03"	1912	1	-19.2186213040363
"J03"	1912	2	-9.75056695348614
"J03"	1912	3	-7.26051935711091
"J03"	1912	4	-0.928734107758772
"J03"	1912	5	8.89216701573613
"J03"	1912	6	13.8719752130855
"J03"	1912	7	18.1024047594159
"J03"	1912	8	13.9007593987424
"J03"	1912	9	9.85475861864702
"J03"	1912	10	3.78460364237528
"J03"	1912	11	-4.49492793861714
"J03"	1912	12	-11.4698430770497
"J03"	1913	1	-13.0269951250396
"J03"	1913	2	-15.143957401314
"J03"	1913	3	-5.67288551377554
"J03"	1913	4	2.64510712756514
"J03"	1913	5	6.85400103923533
"J03"	1913	6	15.0203013135627
"J03"	1913	7	17.9515178807328
"J03"	1913	8	16.443612482704
"J03"	1913	9	11.4443504876283
"J03"	1913	10	5.98162793240609
"J03"	1913	11	-1.16941598883497
"J03"	1913	12	-9.94996108433653
"J03"	1914	1	-16.0354527368653
"J03"	1914	2	-16.6423741490284
"J03"	1914	3	-4.18748478799085
"J03"	1914	4	-0.0823924437087906
"J03"	1914	5	11.1156945701141
"J03"	1914	6	14.3692044214871
"J03"	1914	7	19.8019728357208
"J03"	1914	8	17.086522091092
"J03"	1914	9	11.1316834106823
"J03"	1914	10	3.67893635515187
"J03"	1914	11	-5.5455964610321
"J03"	1914	12	-12.6280326691652
"J03"	1915	1	-12.1441872473564
"J03"	1915	2	-9.24610294011099
"J03"	1915	3	-4.80415921034227
"J03"	1915	4	2.98912273975137
"J03"	1915	5	7.97740134134714
"J03"	1915	6	16.4189982663276
"J03"	1915	7	18.9539734621011
"J03"	1915	8	17.6298359251102
"J03"	1915	9	11.4167981986098
"J03"	1915	10	4.87623309838971
"J03"	1915	11	-3.32393624205309
"J03"	1915	12	-9.30458118847661
"J03"	1916	1	-13.2534323847789
"J03"	1916	2	-13.1551276790502
"J03"	1916	3	-9.12290239018332
"J03"	1916	4	2.86007079758956
"J03"	1916	5	8.93913662925654
"J03"	1916	6	16.6701044522629
"J03"	1916	7	21.2076620599284
"J03"	1916	8	18.7739266591732
"J03"	1916	9	10.9997511792496
"J03"	1916	10	2.67316592908226
"J03"	1916	11	-6.10482826939712
"J03"	1916	12	-11.0801826408091
"J03"	1917	1	-17.9636919374653
"J03"	1917	2	-15.3696150243181
"J03"	1917	3	-5.54375328682795
"J03"	1917	4	1.13074341192478
"J03"	1917	5	5.70092416371528
"J03"	1917	6	16.3228961389709
"J03"	1917	7	18.6631051180333
"J03"	1917	8	18.5191125654245
"J03"	1917	9	10.280605964907
"J03"	1917	10	1.66932051262021
"J03"	1917	11	-6.08862619699082
"J03"	1917	12	-16.0556428492546
"J03"	1918	1	-15.5756344082137
"J03"	1918	2	-15.8897048523294
"J03"	1918	3	-8.36650934387318
"J03"	1918	4	1.80128927221707
"J03"	1918	5	7.66284682825871
"J03"	1918	6	13.9776437849688
"J03"	1918	7	17.2201806281971
"J03"	1918	8	16.6655600071997
"J03"	1918	9	10.1594755871606
"J03"	1918	10	4.06439315994642
"J03"	1918	11	-3.67546629881318
"J03"	1918	12	-12.6318219965571
"J03"	1919	1	-15.2897410142524
"J03"	1919	2	-8.81524394455958
"J03"	1919	3	-4.59087029981174
"J03"	1919	4	1.17184186586448
"J03"	1919	5	9.02524767537361
"J03"	1919	6	18.2345849570381
"J03"	1919	7	18.4787658374082
"J03"	1919	8	17.913318087758
"J03"	1919	9	11.6365909389283
"J03"	1919	10	1.45826745955939
"J03"	1919	11	-3.86526139738732
"J03"	1919	12	-15.2092687674228
"J03"	1920	1	-18.5064084651182
"J03"	1920	2	-12.1458416994074
"J03"	1920	3	-4.71635929397565
"J03"	1920	4	1.64251299611718
"J03"	1920	5	10.78861023201
"J03"	1920	6	17.7940339911267
"J03"	1920	7	17.9388787048733
"J03"	1920	8	18.8624473518479
"J03"	1920	9	11.2122952937313
"J03"	1920	10	5.65089461428373
"J03"	1920	11	-5.55789085249541
"J03"	1920	12	-11.3883434602904
"J03"	1921	1	-14.2259552754782
"J03"	1921	2	-12.6813601270205
"J03"	1921	3	-4.04256647563086
"J03"	1921	4	3.41342037274956
"J03"	1921	5	12.7533746071101
"J03"	1921	6	16.3560965404399
"J03"	1921	7	22.200616740158
"J03"	1921	8	16.0129378777218
"J03"	1921	9	11.9869368142712
"J03"	1921	10	2.34237034238741
"J03"	1921	11	-5.25319978651707
"J03"	1921	12	-12.9691565546562
"J03"	1922	1	-15.8484554015905
"J03"	1922	2	-13.4217778885035
"J03"	1922	3	-4.16922812331349
"J03"	1922	4	3.28462699907334
"J03"	1922	5	10.4197294327304
"J03"	1922	6	16.0206483939801
"J03"	1922	7	19.5640896431136
"J03"	1922	8	17.9646652874055
"J03"	1922	9	11.8608574370869
"J03"	1922	10	3.13271729339534
"J03"	1922	11	-3.95086568567083
"J03"	1922	12	-14.9517916985123
"J03"	1923	1	-16.5739844226002
"J03"	1923	2	-16.5670657668501
"J03"	1923	3	-10.6962756103399
"J03"	1923	4	0.0559923423506508
"J03"	1923	5	8.6874657749848
"J03"	1923	6	15.7874663123458
"J03"	1923	7	17.8291412964154
"J03"	1923	8	15.6175610558674
"J03"	1923	9	12.4343417991113
"J03"	1923	10	6.22205042550811
"J03"	1923	11	-1.45041500503254
"J03"	1923	12	-7.23621581616116
"J03"	1924	1	-16.6025607127478
"J03"	1924	2	-14.6170535316397
"J03"	1924	3	-3.52370793318166
"J03"	1924	4	1.02721187668284
"J03"	1924	5	7.75615956721097
"J03"	1924	6	15.4562884155876
"J03"	1924	7	18.7955104969238
"J03"	1924	8	17.4715601928053
"J03"	1924	9	12.3076003252038
"J03"	1924	10	5.91051803509696
"J03"	1924	11	-2.25138380287723
"J03"	1924	12	-14.722243115407
"J03"	1925	1	-19.7340541816429
"J03"	1925	2	-10.0712020186982
"J03"	1925	3	-3.55120964573782
"J03"	1925	4	0.89805904459585
"J03"	1925	5	7.7253759286315
"J03"	1925	6	16.3268462390992
"J03"	1925	7	17.8630035251056
"J03"	1925	8	18.1267131366195
"J03"	1925	9	9.68072831801047
"J03"	1925	10	-0.701955518442558
"J03"	1925	11	-4.35352825588051
"J03"	1925	12	-11.9099638807205
"J03"	1926	1	-15.6681066768667
"J03"	1926	2	-13.628787538155
"J03"	1926	3	-8.17859452603214
"J03"	1926	4	-1.53162530744792
"J03"	1926	5	6.89477916589919
"J03"	1926	6	14.4988785099029
"J03"	1926	7	17.9314701330662
"J03"	1926	8	16.0830710272614
"J03"	1926	9	10.7537572751799
"J03"	1926	10	3.2844257778806
"J03"	1926	11	-3.15676842704514
"J03"	1926	12	-13.7993553128802
"J03"	1927	1	-13.0039618467434
"J03"	1927	2	-11.7892341041824
"J03"	1927	3	-4.30585438449224
"J03"	1927	4	1.73810665744008
"J03"	1927	5	6.3641705549409
"J03"	1927	6	14.3721046280182
"J03"	1927	7	19.6008575643365
"J03"	1927	8	16.8406369822786
"J03"	1927	9	11.5268465246922
"J03"	1927	10	5.06978607133008
"J03"	1927	11	-2.3610276652595
"J03"	1927	12	-9.09031908354205
"J03"	1928	1	-15.6407817487229
"J03"	1928	2	-12.9519561987677
"J03"	1928	3	-6.73286514707699
"J03"	1928	4	0.607441612729103
"J03"	1928	5	9.83356618362173
"J03"	1928	6	14.8463563107566
"J03"	1928	7	18.4711902954539
"J03"	1928	8	18.1995016246973
"J03"	1928	9	10.8002343533017
"J03"	1928	10	2.85435479689514
"J03"	1928	11	-5.7663023677451
"J03"	1928	12	-8.48268060867453
"J03"	1929	1	-14.5778890834399
"J03"	1929	2	-11.416411643317
"J03"	1929	3	-6.05955594951167
"J03"	1929	4	0.276614287415423
"J03"	1929	5	7.20318660224285
"J03"	1929	6	14.9216148890045
"J03"	1929	7	17.9424574673681
"J03"	1929	8	15.9597960723931
"J03"	1929	9	11.4741690831271
"J03"	1929	10	3.33828804606022
"J03"	1929	11	-4.27268151094039
"J03"	1929	12	-15.4765408915791
"J03"	1930	1	-15.4146304964686
"J03"	1930	2	-11.4820760279635
"J03"	1930	3	-5.18580567534744
"J03"	1930	4	1.04593920926547
"J03"	1930	5	9.37324203063265
"J03"	1930	6	17.5979743180026
"J03"	1930	7	18.7146805910512
"J03"	1930	8	16.3216127016421
"J03"	1930	9	10.948938322929
"J03"	1930	10	5.52180069903912
"J03"	1930	11	-1.6801195282714
"J03"	1930	12	-11.2722794437563
"J03"	1931	1	-15.6503921719788
"J03"	1931	2	-10.4485411987916
"J03"	1931	3	-0.811465804528547
"J03"	1931	4	4.61584447027709
"J03"	1931	5	9.64403020951615
"J03"	1931	6	16.5755719959491
"J03"	1931	7	20.0879631013671
"J03"	1931	8	17.0851502213206
"J03"	1931	9	11.1248400280747
"J03"	1931	10	5.50512826658633
"J03"	1931	11	0.411460232377421
"J03"	1931	12	-10.8700900175975
"J03"	1932	1	-10.9845493276412
"J03"	1932	2	-14.5155614854941
"J03"	1932	3	-6.53653163389605
"J03"	1932	4	1.48674512739976
"J03"	1932	5	10.1158097159984
"J03"	1932	6	16.2543931783238
"J03"	1932	7	17.0624115190133
"J03"	1932	8	17.7507142521791
"J03"	1932	9	12.9022075760914
"J03"	1932	10	4.68834246793276
"J03"	1932	11	-4.89811420066406
"J03"	1932	12	-9.67018555377447
"J03"	1933	1	-11.116524059878
"J03"	1933	2	-10.3830537305285
"J03"	1933	3	-7.16139574209283
"J03"	1933	4	1.55880429281637
"J03"	1933	5	8.28872530356464
"J03"	1933	6	15.5343057410753
"J03"	1933	7	18.9380705151146
"J03"	1933	8	17.4186355206417
"J03"	1933	9	10.681370567659
"J03"	1933	10	3.07132517411629
"J03"	1933	11	-8.70937665201384
"J03"	1933	12	-17.9729387414039
"J03"	1934	1	-16.1461520436316
"J03"	1934	2	-16.6508747707413
"J03"	1934	3	-7.68646414995533
"J03"	1934	4	2.0321110043757
"J03"	1934	5	8.46280127141235
"J03"	1934	6	14.3151208549513
"J03"	1934	7	18.2151003573826
"J03"	1934	8	16.2892078514179
"J03"	1934	9	14.6625533180385
"J03"	1934	10	2.15386663547159
"J03"	1934	11	-3.2227626519886
"J03"	1934	12	-15.2788198657281
"J03"	1935	1	-18.6736646603233
"J03"	1935	2	-13.5189456076758
"J03"	1935	3	-6.91198095229715
"J03"	1935	4	1.50672767856287
"J03"	1935	5	8.03807500071157
"J03"	1935	6	16.8966815899437
"J03"	1935	7	19.5937016663307
"J03"	1935	8	19.3627240881731
"J03"	1935	9	9.84593748745377
"J03"	1935	10	3.8358298807596
"J03"	1935	11	-2.73830742818091
"J03"	1935	12	-12.3878092071248
"J03"	1936	1	-14.0992324579696
"J03"	1936	2	-13.6868945045856
"J03"	1936	3	-1.43798922090222
"J03"	1936	4	0.982661250501825
"J03"	1936	5	6.31462813165817
"J03"	1936	6	15.7789233503289
"J03"	1936	7	16.9741081520912
"J03"	1936	8	15.9395116954055
"J03"	1936	9	11.2314839532025
"J03"	1936	10	2.01722297001217
"J03"	1936	11	-6.5560190994425
"J03"	1936	12	-10.7995045665551
"J03"	1937	1	-13.322753391746
"J03"	1937	2	-9.4541790874419
"J03"	1937	3	-7.36449228781855
"J03"	1937	4	3.25990631240611
"J03"	1937	5	10.7926516687327
"J03"	1937	6	15.4617137449762
"J03"	1937	7	20.1565430841525
"J03"	1937	8	19.0197775969169
"J03"	1937	9	11.8192114022975
"J03"	1937	10	3.89811898705664
"J03"	1937	11	-3.67595096550802
"J03"	1937	12	-12.7134388765928
"J03"	1938	1	-14.3441844697223
"J03"	1938	2	-13.8202204898356
"J03"	1938	3	-6.29178934461555
"J03"	1938	4	1.53845201647463
"J03"	1938	5	8.87250291270102
"J03"	1938	6	18.3448968159148
"J03"	1938	7	18.8413378926762
"J03"	1938	8	17.3037592814878
"J03"	1938	9	10.4091700090198
"J03"	1938	10	5.27873043055334
"J03"	1938	11	-2.99796286832462
"J03"	1938	12	-10.0292271226686
"J03"	1939	1	-15.1636752176736
"J03"	1939	2	-15.0846518237123
"J03"	1939	3	-9.72013151784699
"J03"	1939	4	0.218144510438571
"J03"	1939	5	8.75441947682041
"J03"	1939	6	14.3282830852419
"J03"	1939	7	20.328755891323
"J03"	1939	8	18.691580857261
"J03"	1939	9	10.5013948065402
"J03"	1939	10	2.25926719740508
"J03"	1939	11	-4.92188916355815
"J03"	1939	12	-10.2464985331086
"J03"	1940	1	-14.1814849267448
"J03"	1940	2	-12.147027638136
"J03"	1940	3	-5.64962037052956
"J03"	1940	4	1.19880577021137
"J03"	1940	5	9.73858584279074
"J03"	1940	6	15.1115052672513
"J03"	1940	7	19.1190041220324
"J03"	1940	8	18.3833010745311
"J03"	1940	9	10.7960051045713
"J03"	1940	10	1.93984871659384
"J03"	1940	11	-4.84761224027717
"J03"	1940	12	-13.4650690621705
"J03"	1941	1	-16.7979161666699
"J03"	1941	2	-9.20669391740779
"J03"	1941	3	-6.58003613036713
"J03"	1941	4	2.28035429941427
"J03"	1941	5	8.92516158766229
"J03"	1941	6	14.5942668028702
"J03"	1941	7	20.3121647133923
"J03"	1941	8	14.6788426342514
"J03"	1941	9	10.3932194521215
"J03"	1941	10	2.2207247563112
"J03"	1941	11	-4.87492335344651
"J03"	1941	12	-10.5849132607797
"J03"	1942	1	-16.8133246637576
"J03"	1942	2	-12.063057186645
"J03"	1942	3	-3.6110766684176
"J03"	1942	4	2.46273129317613
"J03"	1942	5	11.2142211513999
"J03"	1942	6	14.9763699391972
"J03"	1942	7	18.7082381420638
"J03"	1942	8	17.7780633358622
"J03"	1942	9	12.2933382425519
"J03"	1942	10	5.20235592195821
"J03"	1942	11	-3.90348947017321
"J03"	1942	12	-15.1059596092859
"J03"	1943	1	-17.4279289133884
"J03"	1943	2	-10.4158218731598
"J03"	1943	3	-8.84242399797466
"J03"	1943	4	-0.554209382657877
"J03"	1943	5	7.40575344546474
"J03"	1943	6	14.3577338409468
"J03"	1943	7	19.1071039692264
"J03"	1943	8	16.0809971325386
"J03"	1943	9	12.0967320167418
"J03"	1943	10	5.48533777894893
"J03"	1943	11	-3.4328720393198
"J03"	1943	12	-13.6281663002464
"J03"	1944	1	-12.0417441849757
"J03"	1944	2	-13.9648532546161
"J03"	1944	3	-7.67385880187954
"J03"	1944	4	0.929322978033649
"J03"	1944	5	10.799570970823
"J03"	1944	6	16.3383867228029
"J03"	1944	7	19.1086175216882
"J03"	1944	8	18.8877139230908
"J03"	1944	9	13.1037011402394
"J03"	1944	10	2.27015050772933
"J03"	1944	11	-2.2626137585746
"J03"	1944	12	-12.351246123205
"J03"	1945	1	-14.8546408944392
"J03"	1945	2	-11.2101811378576
"J03"	1945	3	-3.3049239530225
"J03"	1945	4	2.31326440619772
"J03"	1945	5	8.6955012486997
"J03"	1945	6	14.7184680899957
"J03"	1945	7	18.8126100311785
"J03"	1945	8	17.598337236467
"J03"	1945	9	11.2144332987722
"J03"	1945	10	1.95714089770333
"J03"	1945	11	-4.29231923080675
"J03"	1945	12	-12.9747199203679
"J03"	1946	1	-17.0667077283576
"J03"	1946	2	-15.6518035532034
"J03"	1946	3	-3.33500091529254
"J03"	1946	4	1.69761004997066
"J03"	1946	5	7.69323323627812
"J03"	1946	6	14.89811481264
"J03"	1946	7	17.3188864514121
"J03"	1946	8	18.1128790687702
"J03"	1946	9	14.5289645746542
"J03"	1946	10	5.84678071732429
"J03"	1946	11	-5.02171753727244
"J03"	1946	12	-13.6980360830909
"J03"	1947	1	-16.4780897471019
"J03"	1947	2	-8.18974744540631
"J03"	1947	3	-3.76368282890473
"J03"	1947	4	-2.5177141736777
"J03"	1947	5	5.89243808046827
"J03"	1947	6	16.2775476990516
"J03"	1947	7	20.3272790980192
"J03"	1947	8	18.8312766872141
"J03"	1947	9	10.5472442973981
"J03"	1947	10	6.43967829066023
"J03"	1947	11	-2.45050834807451
"J03"	1947	12	-11.7205316625849
"J03"	1948	1	-16.0887664575783
"J03"	1948	2	-15.9239173536371
"J03"	1948	3	-8.69085107363385
"J03"	1948	4	-0.432745471194529
"J03"	1948	5	8.89292773709893
"J03"	1948	6	15.7570619131564
"J03"	1948	7	18.83771303908
"J03"	1948	8	18.1533628223806
"J03"	1948	9	13.1689869831845
"J03"	1948	10	6.03626104708707
"J03"	1948	11	-1.27831429815415
"J03"	1948	12	-10.5414015190187
"J03"	1949	1	-14.4985624706707
"J03"	1949	2	-14.9544496203856
"J03"	1949	3	-6.71654154233245
"J03"	1949	4	1.95282432936233
"J03"	1949	5	7.89475929401186
"J03"	1949	6	18.0369232139335
"J03"	1949	7	19.4500247001677
"J03"	1949	8	17.5788113472579
"J03"	1949	9	11.2938725767956
"J03"	1949	10	5.53665811303113
"J03"	1949	11	-6.60489600143824
"J03"	1949	12	-10.0598659980462
"J03"	1950	1	-17.2072223842692
"J03"	1950	2	-16.1812613201844
"J03"	1950	3	-7.34058059865859
"J03"	1950	4	1.33951829585451
"J03"	1950	5	11.0980505152532
"J03"	1950	6	14.4173363405376
"J03"	1950	7	17.9640087161074
"J03"	1950	8	18.1071887438937
"J03"	1950	9	10.4214536497085
"J03"	1950	10	2.4407307848616
"J03"	1950	11	-2.13019080208701
"J03"	1950	12	-9.07531475070506
"J03"	1951	1	-15.0144917867183
"J03"	1951	2	-10.7039483787229
"J03"	1951	3	-3.36263209861735
"J03"	1951	4	4.62785363941157
"J03"	1951	5	9.90293552381044
"J03"	1951	6	15.698345210638
"J03"	1951	7	18.4794284803268
"J03"	1951	8	17.4380031635424
"J03"	1951	9	11.5512706701827
"J03"	1951	10	4.04818272052733
"J03"	1951	11	-5.25399891228224
"J03"	1951	12	-13.3873887058291
"J03"	1952	1	-15.1199759193556
"J03"	1952	2	-10.5218164297544
"J03"	1952	3	-3.28226666127677
"J03"	1952	4	2.31827716225861
"J03"	1952	5	10.2093519471219
"J03"	1952	6	15.8800517396293
"J03"	1952	7	21.4961126787027
"J03"	1952	8	18.2706869937976
"J03"	1952	9	11.5829368849087
"J03"	1952	10	1.45878594184478
"J03"	1952	11	-4.07617278731358
"J03"	1952	12	-9.09598222801052
"J03"	1953	1	-13.2232590683356
"J03"	1953	2	-11.0342990041199
"J03"	1953	3	-4.7992696923041
"J03"	1953	4	3.71096020843004
"J03"	1953	5	9.6170663867899
"J03"	1953	6	16.3625820449915
"J03"	1953	7	19.5138832880746
"J03"	1953	8	17.004623228814
"J03"	1953	9	11.0160645904526
"J03"	1953	10	4.97236591279808
"J03"	1953	11	-1.19647997718675
"J03"	1953	12	-10.5010031557945
"J03"	1954	1	-18.8239780726227
"J03"	1954	2	-8.44107164183651
"J03"	1954	3	-5.91369715180793
"J03"	1954	4	-0.494109994427866
"J03"	1954	5	9.62568567744368
"J03"	1954	6	17.7460365318494
"J03"	1954	7	17.9323431216976
"J03"	1954	8	16.4391174995545
"J03"	1954	9	11.250251311398
"J03"	1954	10	3.48890649591709
"J03"	1954	11	-4.11469266258367
"J03"	1954	12	-10.2026022648095
"J03"	1955	1	-12.7218600181819
"J03"	1955	2	-11.8420664318855
"J03"	1955	3	-7.52573320732771
"J03"	1955	4	2.9028885838395
"J03"	1955	5	8.63469805723649
"J03"	1955	6	18.9304198369627
"J03"	1955	7	20.0510059840723
"J03"	1955	8	18.5734942216976
"J03"	1955	9	10.08511991918
"J03"	1955	10	4.50834989360613
"J03"	1955	11	-3.43078364321729
"J03"	1955	12	-13.7011526179186
"J03"	1956	1	-9.71643353750198
"J03"	1956	2	-12.4376014787355
"J03"	1956	3	-8.63553817247708
"J03"	1956	4	1.30185390542919
"J03"	1956	5	5.14350421039442
"J03"	1956	6	13.9154965043236
"J03"	1956	7	16.9694207317673
"J03"	1956	8	15.6071245297929
"J03"	1956	9	10.0203345714328
"J03"	1956	10	5.23062472469226
"J03"	1956	11	-3.94476380399749
"J03"	1956	12	-14.1971752062643
"J03"	1957	1	-21.3074660115811
"J03"	1957	2	-12.5281482773089
"J03"	1957	3	-3.24307468632982
"J03"	1957	4	0.50260389201916
"J03"	1957	5	8.45156651806279
"J03"	1957	6	14.8007688162863
"J03"	1957	7	17.8870948789287
"J03"	1957	8	15.5393259492923
"J03"	1957	9	11.3556907276797
"J03"	1957	10	5.25557954996732
"J03"	1957	11	-3.25666815393026
"J03"	1957	12	-8.29105450228097
"J03"	1958	1	-10.3950945067943
"J03"	1958	2	-10.1142139866634
"J03"	1958	3	-0.648094509230311
"J03"	1958	4	3.5049527163201
"J03"	1958	5	7.95864251339833
"J03"	1958	6	12.5858373682438
"J03"	1958	7	18.1036807970116
"J03"	1958	8	16.0695587961061
"J03"	1958	9	11.0911169314905
"J03"	1958	10	2.48290403301982
"J03"	1958	11	-4.96654211837644
"J03"	1958	12	-17.2830469475133
"J03"	1959	1	-12.479175452431
"J03"	1959	2	-17.2963706168791
"J03"	1959	3	-8.25060061519221
"J03"	1959	4	1.30874679304321
"J03"	1959	5	10.0645995210917
"J03"	1959	6	15.5704750026273
"J03"	1959	7	21.0189595661737
"J03"	1959	8	17.6974804396943
"J03"	1959	9	12.8265743535555
"J03"	1959	10	2.51216803577565
"J03"	1959	11	-5.47445213235836
"J03"	1959	12	-11.6735642901148
"J03"	1960	1	-13.8598854176284
"J03"	1960	2	-6.57530279224925
"J03"	1960	3	-7.45101094092423
"J03"	1960	4	0.313684112337835
"J03"	1960	5	12.3693456628144
"J03"	1960	6	16.2547268198827
"J03"	1960	7	17.5327467871829
"J03"	1960	8	18.0228715236208
"J03"	1960	9	11.6620164547402
"J03"	1960	10	3.14304282294688
"J03"	1960	11	-3.18035216787512
"J03"	1960	12	-12.1626834855919
"J03"	1961	1	-19.4377450695503
"J03"	1961	2	-13.4514952079631
"J03"	1961	3	-6.24961691454766
"J03"	1961	4	3.7194500821087
"J03"	1961	5	8.27262470388348
"J03"	1961	6	15.0387015733108
"J03"	1961	7	18.7447243906549
"J03"	1961	8	17.9454883024048
"J03"	1961	9	13.9972784949718
"J03"	1961	10	5.27534164402947
"J03"	1961	11	-1.38405472335459
"J03"	1961	12	-8.25040639057892
"J03"	1962	1	-18.013354910575
"J03"	1962	2	-17.225810388627
"J03"	1962	3	-1.64651926274785
"J03"	1962	4	0.225773061023081
"J03"	1962	5	7.87387117789408
"J03"	1962	6	16.4224813628449
"J03"	1962	7	17.9546374112965
"J03"	1962	8	18.3650054767704
"J03"	1962	9	10.8320893087567
"J03"	1962	10	4.40892583051492
"J03"	1962	11	-4.08544056958894
"J03"	1962	12	-11.4368113939522
"J03"	1963	1	-14.0869489651792
"J03"	1963	2	-16.0990766435287
"J03"	1963	3	-7.64183261519715
"J03"	1963	4	1.83224127907338
"J03"	1963	5	8.67250062750506
"J03"	1963	6	16.4061776767238
"J03"	1963	7	18.9622825311015
"J03"	1963	8	15.6810074674086
"J03"	1963	9	9.6659708635747
"J03"	1963	10	6.6435385660163
"J03"	1963	11	-1.68459459939452
"J03"	1963	12	-15.6222934036112
"J03"	1964	1	-14.1584758761385
"J03"	1964	2	-11.5716702354344
"J03"	1964	3	-7.13595845984025
"J03"	1964	4	2.73848247261602
"J03"	1964	5	8.76800767704984
"J03"	1964	6	14.3898451505836
"J03"	1964	7	19.0675269343246
"J03"	1964	8	15.6930101278325
"J03"	1964	9	10.498468586506
"J03"	1964	10	2.17878682253099
"J03"	1964	11	-4.48167337532252
"J03"	1964	12	-12.2073029099171
"J03"	1965	1	-16.7279408081151
"J03"	1965	2	-12.3436208073963
"J03"	1965	3	-6.22920688538609
"J03"	1965	4	1.04408695050301
"J03"	1965	5	7.559908082729
"J03"	1965	6	15.4734955528248
"J03"	1965	7	15.870241248791
"J03"	1965	8	15.5006672771135
"J03"	1965	9	10.4292916085503
"J03"	1965	10	0.914069059589458
"J03"	1965	11	-6.9769874046356
"J03"	1965	12	-12.6920150084458
"J03"	1966	1	-10.4954269103921
"J03"	1966	2	-9.51498146525827
"J03"	1966	3	-1.82173514814733
"J03"	1966	4	2.348536701171
"J03"	1966	5	7.64773928262981
"J03"	1966	6	16.0572380453296
"J03"	1966	7	17.1703349952428
"J03"	1966	8	16.40382738816
"J03"	1966	9	11.0582707806045
"J03"	1966	10	3.24891373305634
"J03"	1966	11	-1.2707749982651
"J03"	1966	12	-10.3765095820803
"J03"	1967	1	-14.9610128023126
"J03"	1967	2	-15.5859143261429
"J03"	1967	3	-9.51371884648566
"J03"	1967	4	-0.448703073070611
"J03"	1967	5	5.83115357792894
"J03"	1967	6	17.7412210183877
"J03"	1967	7	19.8679847531562
"J03"	1967	8	18.5025306656171
"J03"	1967	9	12.7853349271154
"J03"	1967	10	3.78312337995031
"J03"	1967	11	-3.3630605241222
"J03"	1967	12	-9.56084729707686
"J03"	1968	1	-17.7251312432093
"J03"	1968	2	-12.7567801442993
"J03"	1968	3	-6.70556928043984
"J03"	1968	4	3.25180148944719
"J03"	1968	5	9.80997171510902
"J03"	1968	6	15.7255298191176
"J03"	1968	7	18.2635399437367
"J03"	1968	8	13.6968984284255
"J03"	1968	9	15.7104271904468
"J03"	1968	10	5.81660207068345
"J03"	1968	11	-5.85401993665651
"J03"	1968	12	-10.3452618751866
"J03"	1969	1	-9.58828063422208
"J03"	1969	2	-9.12776499066505
"J03"	1969	3	-4.49746139224743
"J03"	1969	4	-1.45042314411872
"J03"	1969	5	6.18424701747751
"J03"	1969	6	14.0100804436287
"J03"	1969	7	17.8573126538471
"J03"	1969	8	17.6870430697431
"J03"	1969	9	9.03329533423617
"J03"	1969	10	2.14922502597339
"J03"	1969	11	-1.2438774773562
"J03"	1969	12	-9.03025617468018
"J03"	1970	1	-17.1508769964087
"J03"	1970	2	-13.699058127029
"J03"	1970	3	-4.58944898810088
"J03"	1970	4	0.744095733647446
"J03"	1970	5	6.6540554753822
"J03"	1970	6	14.7947817698543
"J03"	1970	7	20.8496603406561
"J03"	1970	8	18.6733312955699
"J03"	1970	9	10.6533564469722
"J03"	1970	10	6.78073838676639
"J03"	1970	11	-2.93275643481134
"J03"	1970	12	-15.5165820072207
"J03"	1971	1	-15.3136993404204
"J03"	1971	2	-12.8711080335904
"J03"	1971	3	-5.08169620683268
"J03"	1971	4	2.13503590347065
"J03"	1971	5	10.419697264185
"J03"	1971	6	14.6796977614476
"J03"	1971	7	17.8409905819606
"J03"	1971	8	16.1561407777474
"J03"	1971	9	12.4701411629336
"J03"	1971	10	5.41091964891012
"J03"	1971	11	-4.62096497283274
"J03"	1971	12	-15.2051998370117
"J03"	1972	1	-15.7774832670797
"J03"	1972	2	-16.2443452499311
"J03"	1972	3	-9.3745045361075
"J03"	1972	4	0.722170648385491
"J03"	1972	5	7.7816562743803
"J03"	1972	6	14.7650212460612
"J03"	1972	7	19.2315896183009
"J03"	1972	8	16.4357515587338
"J03"	1972	9	10.5832611945553
"J03"	1972	10	1.13930730571669
"J03"	1972	11	-5.50891929389494
"J03"	1972	12	-17.0967913563003
"J03"	1973	1	-15.3429073848342
"J03"	1973	2	-13.9190895211181
"J03"	1973	3	-3.16818546338955
"J03"	1973	4	0.705241572473573
"J03"	1973	5	8.74034167019512
"J03"	1973	6	17.6510657039475
"J03"	1973	7	20.3217757167814
"J03"	1973	8	19.1125224875598
"J03"	1973	9	10.9922690248781
"J03"	1973	10	4.6653034556741
"J03"	1973	11	-4.3969566444301
"J03"	1973	12	-8.89161653077261
"J03"	1974	1	-20.2106016600354
"J03"	1974	2	-13.9953425580319
"J03"	1974	3	-8.86283083983207
"J03"	1974	4	-0.71595566612405
"J03"	1974	5	5.79620469703499
"J03"	1974	6	17.6382028889832
"J03"	1974	7	19.1118261360609
"J03"	1974	8	16.986865604378
"J03"	1974	9	10.1967645710334
"J03"	1974	10	0.488473050178253
"J03"	1974	11	-3.88525257597735
"J03"	1974	12	-9.38953264424828
"J03"	1975	1	-17.0810753988692
"J03"	1975	2	-14.2729053197502
"J03"	1975	3	-6.75861027504466
"J03"	1975	4	-0.141513194798092
"J03"	1975	5	11.0497737053854
"J03"	1975	6	17.4266299961575
"J03"	1975	7	20.9018861031078
"J03"	1975	8	17.5590685385137
"J03"	1975	9	12.3964161563189
"J03"	1975	10	4.70843053939728
"J03"	1975	11	-2.97390255234793
"J03"	1975	12	-12.9906042316485
"J03"	1976	1	-16.5543984295597
"J03"	1976	2	-12.5514129421332
"J03"	1976	3	-7.9554811538481
"J03"	1976	4	0.528691839613102
"J03"	1976	5	8.60176567605467
"J03"	1976	6	18.2163170883246
"J03"	1976	7	19.8920080885435
"J03"	1976	8	17.5293998075473
"J03"	1976	9	10.4909720020317
"J03"	1976	10	2.02501948514481
"J03"	1976	11	-5.2630035272989
"J03"	1976	12	-13.9951554401575
"J03"	1977	1	-13.9303649958977
"J03"	1977	2	-10.9303454606045
"J03"	1977	3	-1.95321920921487
"J03"	1977	4	-0.105033731271781
"J03"	1977	5	9.1527731054972
"J03"	1977	6	15.5070084885387
"J03"	1977	7	17.1820527858637
"J03"	1977	8	16.3981061418497
"J03"	1977	9	10.2801380119958
"J03"	1977	10	4.13811173807233
"J03"	1977	11	-1.05269138495756
"J03"	1977	12	-11.3034512098485
"J03"	1978	1	-16.0086513007372
"J03"	1978	2	-10.5091927536636
"J03"	1978	3	-9.55148504503068
"J03"	1978	4	0.657748359105081
"J03"	1978	5	11.1033439264653
"J03"	1978	6	13.9982180124831
"J03"	1978	7	18.4717885129368
"J03"	1978	8	16.9654260690522
"J03"	1978	9	8.66369067406996
"J03"	1978	10	1.94769563887006
"J03"	1978	11	-5.44306007141412
"J03"	1978	12	-12.9155985102584
"J03"	1979	1	-12.2889947812724
"J03"	1979	2	-15.2876274523112
"J03"	1979	3	-2.65012906881051
"J03"	1979	4	2.41762989794763
"J03"	1979	5	10.9539473027425
"J03"	1979	6	17.0894605923734
"J03"	1979	7	19.5611028655585
"J03"	1979	8	16.5316698360576
"J03"	1979	9	11.0415645524858
"J03"	1979	10	4.55380429348278
"J03"	1979	11	-2.63436526745449
"J03"	1979	12	-10.2317096933701
"J03"	1980	1	-12.5711546352068
"J03"	1980	2	-12.3654754215648
"J03"	1980	3	-5.24884095040305
"J03"	1980	4	2.87527246771476
"J03"	1980	5	9.10480919833415
"J03"	1980	6	14.1803655847158
"J03"	1980	7	17.7499317991964
"J03"	1980	8	19.9972052941476
"J03"	1980	9	9.11393844776763
"J03"	1980	10	1.75659659628419
"J03"	1980	11	-4.2268130856727
"J03"	1980	12	-16.4518809875292
"J03"	1981	1	-14.2551627228779
"J03"	1981	2	-5.042399673341
"J03"	1981	3	-2.34749853981699
"J03"	1981	4	0.231241891765031
"J03"	1981	5	8.15592232188731
"J03"	1981	6	15.0705174867299
"J03"	1981	7	20.0381827475339
"J03"	1981	8	18.8624118435231
"J03"	1981	9	13.6811157915755
"J03"	1981	10	4.35624825997186
"J03"	1981	11	-2.62066533566183
"J03"	1981	12	-7.47625068707373
"J03"	1982	1	-16.5413417464564
"J03"	1982	2	-16.1181856437463
"J03"	1982	3	-7.04615599876427
"J03"	1982	4	-1.71401073478262
"J03"	1982	5	9.70721638885275
"J03"	1982	6	15.4596093653739
"J03"	1982	7	18.8258121312104
"J03"	1982	8	14.9274340325965
"J03"	1982	9	12.3435399886984
"J03"	1982	10	6.05307173436509
"J03"	1982	11	-3.01620034093878
"J03"	1982	12	-11.0047341602447
"J03"	1983	1	-13.1301187622521
"J03"	1983	2	-11.7931648758329
"J03"	1983	3	-5.34513014599403
"J03"	1983	4	2.74009274857383
"J03"	1983	5	6.65864016541139
"J03"	1983	6	17.0474220004885
"J03"	1983	7	18.0127025048932
"J03"	1983	8	17.3922819457833
"J03"	1983	9	12.7014937014618
"J03"	1983	10	4.74732984195158
"J03"	1983	11	-3.71380186196839
"J03"	1983	12	-13.6375480516413
"J03"	1984	1	-17.9218765115933
"J03"	1984	2	-8.2675605138479
"J03"	1984	3	-7.34471600151735
"J03"	1984	4	4.39437724333829
"J03"	1984	5	7.11011721923614
"J03"	1984	6	14.133743024601
"J03"	1984	7	18.7987301892627
"J03"	1984	8	19.1571200205422
"J03"	1984	9	9.85510737146138
"J03"	1984	10	5.13907380616478
"J03"	1984	11	-3.11394559530994
"J03"	1984	12	-12.2750545255611
"J03"	1985	1	-16.9170850424367
"J03"	1985	2	-10.5416827206984
"J03"	1985	3	-7.04518890836329
"J03"	1985	4	-0.450436870835353
"J03"	1985	5	6.16175018860207
"J03"	1985	6	16.0182902250352
"J03"	1985	7	18.5838390049003
"J03"	1985	8	17.9221129315492
"J03"	1985	9	12.9044143809047
"J03"	1985	10	4.22820607422677
"J03"	1985	11	-4.91714734066867
"J03"	1985	12	-14.4175067748613
"J03"	1986	1	-14.1160060544554
"J03"	1986	2	-12.2162524391791
"J03"	1986	3	-7.14668431874737
"J03"	1986	4	3.80614146745215
"J03"	1986	5	11.6138646973443
"J03"	1986	6	12.1008755430339
"J03"	1986	7	17.8679978590561
"J03"	1986	8	16.6872594502383
"J03"	1986	9	9.34951096152459
"J03"	1986	10	2.21449333777057
"J03"	1986	11	-6.52396096897054
"J03"	1986	12	-10.9650625441434
"J03"	1987	1	-14.018733556046
"J03"	1987	2	-11.2922561711926
"J03"	1987	3	-3.34917969576832
"J03"	1987	4	5.66464394862132
"J03"	1987	5	8.96696706161291
"J03"	1987	6	15.1813909014365
"J03"	1987	7	19.1512165671713
"J03"	1987	8	16.2524808353943
"J03"	1987	9	12.2904400264756
"J03"	1987	10	3.99767206815063
"J03"	1987	11	-3.93481367346528
"J03"	1987	12	-11.9177088707956
"J03"	1988	1	-13.5254405213406
"J03"	1988	2	-14.1707846634153
"J03"	1988	3	-5.25256849319669
"J03"	1988	4	2.62536148808578
"J03"	1988	5	11.4213792424831
"J03"	1988	6	13.7600227571094
"J03"	1988	7	20.3335818308412
"J03"	1988	8	17.5177533014703
"J03"	1988	9	10.0273561119092
"J03"	1988	10	2.67759247623096
"J03"	1988	11	-2.94989290086091
"J03"	1988	12	-14.3754768394999
"J03"	1989	1	-15.1364527179086
"J03"	1989	2	-14.0530157281618
"J03"	1989	3	-8.25692442537825
"J03"	1989	4	0.788170827961467
"J03"	1989	5	11.5772925825702
"J03"	1989	6	17.2371121349564
"J03"	1989	7	18.4151450089526
"J03"	1989	8	16.8831422660037
"J03"	1989	9	12.7604062066134
"J03"	1989	10	4.25414237050566
"J03"	1989	11	-5.86934146403195
"J03"	1989	12	-16.5383851429124
"J03"	1990	1	-14.4522579151691
"J03"	1990	2	-15.7400043458947
"J03"	1990	3	-6.16236476569359
"J03"	1990	4	0.952777775503789
"J03"	1990	5	7.53462095755217
"J03"	1990	6	16.1131371477566
"J03"	1990	7	19.3958400566933
"J03"	1990	8	18.5487223438918
"J03"	1990	9	10.0897974644776
"J03"	1990	10	3.12728565151648
"J03"	1990	11	-4.49332988492962
"J03"	1990	12	-11.9061805921756
"J03"	1991	1	-19.8734003266079
"J03"	1991	2	-12.1326006002559
"J03"	1991	3	-3.96881331274149
"J03"	1991	4	1.31892211167772
"J03"	1991	5	8.29302010978764
"J03"	1991	6	15.6884852470464
"J03"	1991	7	18.9755939763579
"J03"	1991	8	18.4145694823419
"J03"	1991	9	10.3156769762856
"J03"	1991	10	4.29698496056398
"J03"	1991	11	-2.72186965653719
"J03"	1991	12	-14.2782082943401
"J03"	1992	1	-16.0003945174845
"J03"	1992	2	-16.7313890923931
"J03"	1992	3	-7.47615206456915
"J03"	1992	4	-0.113606121513031
"J03"	1992	5	8.75219343211777
"J03"	1992	6	13.4634821544651
"J03"	1992	7	15.8542950672553
"J03"	1992	8	16.4806428362056
"J03"	1992	9	12.138286572084
"J03"	1992	10	2.26323697902598
"J03"	1992	11	-5.45490055142489
"J03"	1992	12	-12.0536921320185
"J03"	1993	1	-16.3333821206406
"J03"	1993	2	-17.6368521680603
"J03"	1993	3	-6.28436876389157
"J03"	1993	4	2.45502943739273
"J03"	1993	5	8.31190298955653
"J03"	1993	6	16.4384930306139
"J03"	1993	7	19.6318695218751
"J03"	1993	8	17.5468009017678
"J03"	1993	9	10.057961708416
"J03"	1993	10	0.826041999194924
"J03"	1993	11	-5.39240544463305
"J03"	1993	12	-11.4316820223821
"J03"	1994	1	-19.6723270132836
"J03"	1994	2	-15.849055378238
"J03"	1994	3	-5.69334355978599
"J03"	1994	4	-0.875232503771739
"J03"	1994	5	7.07192633055226
"J03"	1994	6	16.2140497412821
"J03"	1994	7	19.0084643759093
"J03"	1994	8	15.3129378834661
"J03"	1994	9	11.4750225146067
"J03"	1994	10	6.58557233550057
"J03"	1994	11	-2.63422795890861
"J03"	1994	12	-10.7111971856079
"J03"	1995	1	-14.4169993248726
"J03"	1995	2	-15.8675185455158
"J03"	1995	3	-6.6028861037064
"J03"	1995	4	0.895538637044855
"J03"	1995	5	8.83210743564384
"J03"	1995	6	17.190661438945
"J03"	1995	7	19.8842197074343
"J03"	1995	8	18.6789817528727
"J03"	1995	9	9.88987564395369
"J03"	1995	10	5.34221287148964
"J03"	1995	11	-4.68007797908113
"J03"	1995	12	-12.3913350394332
"J03"	1996	1	-14.9668064055254
"J03"	1996	2	-11.6913405772036
"J03"	1996	3	-6.91278859015929
"J03"	1996	4	2.2674453353188
"J03"	1996	5	6.29242967437181
"J03"	1996	6	17.1687533544007
"J03"	1996	7	17.7592253498181
"J03"	1996	8	18.0449845074249
"J03"	1996	9	12.3029741321388
"J03"	1996	10	3.49615303271558
"J03"	1996	11	-3.72971302846217
"J03"	1996	12	-8.87130775384778
"J03"	1997	1	-14.4211362142291
"J03"	1997	2	-14.0193175211642
"J03"	1997	3	-9.22275847133593
"J03"	1997	4	0.940659244901692
"J03"	1997	5	5.15295044358877
"J03"	1997	6	15.348593437406
"J03"	1997	7	17.7335057668196
"J03"	1997	8	16.0109097882724
"J03"	1997	9	11.0148677137892
"J03"	1997	10	3.5474080316851
"J03"	1997	11	-4.88284857918633
"J03"	1997	12	-11.2503925436179
"J03"	1998	1	-13.9794295091765
"J03"	1998	2	-7.45023034893342
"J03"	1998	3	-5.43232908283584
"J03"	1998	4	3.51530231060868
"J03"	1998	5	11.3139923379631
"J03"	1998	6	16.5303110203464
"J03"	1998	7	18.7071733805196
"J03"	1998	8	17.4766570124706
"J03"	1998	9	10.826066948029
"J03"	1998	10	3.69599076368434
"J03"	1998	11	-4.43917012761389
"J03"	1998	12	-11.0281325171094
"J03"	1999	1	-14.241221428622
"J03"	1999	2	-8.58287368453011
"J03"	1999	3	-2.34074420884993
"J03"	1999	4	1.89147403864247
"J03"	1999	5	13.3761619213248
"J03"	1999	6	18.0140194981549
"J03"	1999	7	19.0804537093768
"J03"	1999	8	17.3422077781961
"J03"	1999	9	14.437101907005
"J03"	1999	10	1.84194172012601
"J03"	1999	11	-3.29826868589675
"J03"	1999	12	-11.0042209468544
"J03"	2000	1	-15.0061825932037
"J03"	2000	2	-11.7165131005452
"J03"	2000	3	-3.04727763468544
"J03"	2000	4	0.169104221329973
"J03"	2000	5	6.73983728963365
"J03"	2000	6	13.9997283310605
"J03"	2000	7	19.353600341106
"J03"	2000	8	18.1075518165143
"J03"	2000	9	10.248490753934
"J03"	2000	10	3.1853532097991
"J03"	2000	11	-2.25967610739325
"J03"	2000	12	-12.7784718838163
"J03"	2001	1	-14.6740916385454
"J03"	2001	2	-13.1508631685181
"J03"	2001	3	-3.25154281613638
"J03"	2001	4	1.24806604067974
"J03"	2001	5	13.0050122686599
"J03"	2001	6	16.1872808659234
"J03"	2001	7	18.4268400160954
"J03"	2001	8	18.2726530526481
"J03"	2001	9	11.9605379754793
"J03"	2001	10	4.52648809776402
"J03"	2001	11	-2.52298626429471
"J03"	2001	12	-8.75079096784645
"J03"	2002	1	-15.5447752957357
"J03"	2002	2	-13.6857847782547
"J03"	2002	3	-7.65349410583548
"J03"	2002	4	0.628325075118169
"J03"	2002	5	6.67166155679038
"J03"	2002	6	14.6766025871442
"J03"	2002	7	18.7003618220846
"J03"	2002	8	17.6373876323969
"J03"	2002	9	12.4735635007707
"J03"	2002	10	1.96568238161047
"J03"	2002	11	-5.78795590332984
"J03"	2002	12	-11.7211143884464
"J03"	2003	1	-15.9181022324887
"J03"	2003	2	-15.8210966139614
"J03"	2003	3	-8.25330798743154
"J03"	2003	4	-1.29010026014954
"J03"	2003	5	9.9394983843877
"J03"	2003	6	16.7676364731013
"J03"	2003	7	18.2743805375791
"J03"	2003	8	17.5015280784599
"J03"	2003	9	14.4878391128552
"J03"	2003	10	4.00326207014276
"J03"	2003	11	-3.75443891232344
"J03"	2003	12	-10.8896366967205
"J03"	2004	1	-16.6939124221325
"J03"	2004	2	-11.8564607216651
"J03"	2004	3	-4.75101404583488
"J03"	2004	4	0.392927798165305
"J03"	2004	5	6.00829120133554
"J03"	2004	6	13.6603783545768
"J03"	2004	7	19.5491418160652
"J03"	2004	8	16.2647936348925
"J03"	2004	9	11.4034726316139
"J03"	2004	10	5.53968076885326
"J03"	2004	11	-4.72216004108605
"J03"	2004	12	-13.6566700605852
"J03"	2005	1	-17.9719542125047
"J03"	2005	2	-10.3912800586563
"J03"	2005	3	-4.94642884704256
"J03"	2005	4	1.97779885409643
"J03"	2005	5	9.07780742050381
"J03"	2005	6	16.2548018296139
"J03"	2005	7	20.724925305547
"J03"	2005	8	17.2268986797796
"J03"	2005	9	11.9202979625372
"J03"	2005	10	5.07537685473367
"J03"	2005	11	-3.39079309679316
"J03"	2005	12	-13.42259593211
"J03"	2006	1	-12.3517890292216
"J03"	2006	2	-13.2250029151354
"J03"	2006	3	-3.03942078553718
"J03"	2006	4	3.96502610600083
"J03"	2006	5	11.1480015711068
"J03"	2006	6	17.7510134681439
"J03"	2006	7	19.3019274199851
"J03"	2006	8	15.3876353163505
"J03"	2006	9	11.3380716458894
"J03"	2006	10	3.61061876519839
"J03"	2006	11	-1.55995080220576
"J03"	2006	12	-10.4876645655783
"J03"	2007	1	-14.3327860079138
"J03"	2007	2	-13.3572630477022
"J03"	2007	3	-7.23000283622164
"J03"	2007	4	2.1550457211542
"J03"	2007	5	7.91880650952989
"J03"	2007	6	16.7490771019009
"J03"	2007	7	18.7801700454007
"J03"	2007	8	15.846857891303
"J03"	2007	9	9.65650491133852
"J03"	2007	10	5.84554078599909
"J03"	2007	11	-5.829308833679
"J03"	2007	12	-14.85201714888
"J03"	2008	1	-14.0145072535701
"J03"	2008	2	-13.0876792096589
"J03"	2008	3	-8.11839753459788
"J03"	2008	4	3.54806202748349
"J03"	2008	5	8.98997064800913
"J03"	2008	6	15.4488619517759
"J03"	2008	7	19.3596015159147
"J03"	2008	8	18.0046019646715
"J03"	2008	9	11.4753337011852
"J03"	2008	10	4.08022499539119
"J03"	2008	11	-3.29869371738093
"J03"	2008	12	-13.9158383198063
"J03"	2009	1	-18.0966680442404
"J03"	2009	2	-10.2157931543519
"J03"	2009	3	-6.20472142518336
"J03"	2009	4	1.64412487316783
"J03"	2009	5	7.16125388360376
"J03"	2009	6	15.9501190267755
"J03"	2009	7	18.4401553517385
"J03"	2009	8	16.361041109684
"J03"	2009	9	11.3944286998142
"J03"	2009	10	1.21458682622521
"J03"	2009	11	-1.2678279627633
"J03"	2009	12	-11.2790838555709
"J03"	2010	1	-11.2790408241157
"J03"	2010	2	-6.14114615864418
"J03"	2010	3	-2.48886820099199
"J03"	2010	4	4.4430923837483
"J03"	2010	5	9.03244309656691
"J03"	2010	6	15.1525954000971
"J03"	2010	7	19.3217326910199
"J03"	2010	8	18.1163376596514
"J03"	2010	9	10.3136848396661
"J03"	2010	10	3.04852923643795
"J03"	2010	11	-3.33648808108973
"J03"	2010	12	-7.54152110192933
"J03"	2011	1	-13.6612709533178
"J03"	2011	2	-13.663596339491
"J03"	2011	3	-5.97071879773058
"J03"	2011	4	0.544699584712531
"J03"	2011	5	7.20343978872293
"J03"	2011	6	14.956036067327
"J03"	2011	7	18.8042467207243
"J03"	2011	8	16.4706960465066
"J03"	2011	9	12.0330129941091
"J03"	2011	10	4.7821710777345
"J03"	2011	11	-2.20467666313626
"J03"	2011	12	-11.6030340431575
"J03"	2012	1	-15.2432937253264
"J03"	2012	2	-11.5835521155093
"J03"	2012	3	-3.35040787052159
"J03"	2012	4	1.64845029866551
"J03"	2012	5	9.57418337809467
"J03"	2012	6	17.1602417785039
"J03"	2012	7	18.8875807992066
"J03"	2012	8	18.2242880005824
"J03"	2012	9	12.1523937839726
"J03"	2012	10	4.61572275323887
"J03"	2012	11	-3.87251992001132
"J03"	2012	12	-11.4638943937618
"J03"	2013	1	-15.625248315962
"J03"	2013	2	-10.8014924751117
"J03"	2013	3	-2.02817164256701
"J03"	2013	4	1.35385146532373
"J03"	2013	5	8.84471281275741
"J03"	2013	6	13.7650566025323
"J03"	2013	7	19.4716106043983
"J03"	2013	8	16.3773141563979
"J03"	2013	9	9.87175900405525
"J03"	2013	10	4.34931380620866
"J03"	2013	11	-5.24028353201897
"J03"	2013	12	-17.5245136793688
"J03"	2014	1	-16.2072955467246
"J03"	2014	2	-13.6179986401945
"J03"	2014	3	-10.4045146957276
"J03"	2014	4	0.760408691739723
"J03"	2014	5	7.41502778294069
"J03"	2014	6	17.170263200836
"J03"	2014	7	19.6561961190016
"J03"	2014	8	18.0299334661079
"J03"	2014	9	10.1909933023984
"J03"	2014	10	4.58297685676559
"J03"	2014	11	-6.30823420500491
"J03"	2014	12	-12.3852515137469
"J03"	2015	1	-17.0895438882029
"J03"	2015	2	-18.1338020045639
"J03"	2015	3	-7.3802006086845
"J03"	2015	4	-0.0323603572092348
"J03"	2015	5	8.88512834254432
"J03"	2015	6	14.4757425968484
"J03"	2015	7	16.8411294376894
"J03"	2015	8	17.9823430044749
"J03"	2015	9	12.8101082323448
"J03"	2015	10	1.91666761326831
"J03"	2015	11	-3.77647518033441
"J03"	2015	12	-8.94603550147442
"J03"	2016	1	-13.3719774576948
"J03"	2016	2	-12.7494834932852
"J03"	2016	3	-7.35566752610409
"J03"	2016	4	-0.624856587145102
"J03"	2016	5	9.65511468549665
"J03"	2016	6	15.0813232296151
"J03"	2016	7	18.3261646852157
"J03"	2016	8	17.7346834477342
"J03"	2016	9	11.2292098746976
"J03"	2016	10	4.55030491958793
"J03"	2016	11	-2.44488394505055
"J03"	2016	12	-13.4067207224302
