"J04"	1901	1	-15.9371322967359
"J04"	1901	2	-11.9600406652169
"J04"	1901	3	-6.73834910308947
"J04"	1901	4	-6.52309254247497
"J04"	1901	5	10.619161246029
"J04"	1901	6	17.2165672507668
"J04"	1901	7	18.6936087985348
"J04"	1901	8	18.0283743176258
"J04"	1901	9	11.2981391532416
"J04"	1901	10	3.22753711663235
"J04"	1901	11	-4.74129149610143
"J04"	1901	12	-11.647977191958
"J04"	1902	1	-14.7993891034035
"J04"	1902	2	-9.77164305305645
"J04"	1902	3	-3.45600910841242
"J04"	1902	4	-1.94999280861451
"J04"	1902	5	6.68267227545402
"J04"	1902	6	12.663752111738
"J04"	1902	7	17.6588073168191
"J04"	1902	8	16.758412724737
"J04"	1902	9	12.1367690317443
"J04"	1902	10	1.82494602568161
"J04"	1902	11	-3.62976895427312
"J04"	1902	12	-14.1158350914847
"J04"	1903	1	-15.5832871685849
"J04"	1903	2	-12.3743581865674
"J04"	1903	3	-4.07417172607505
"J04"	1903	4	1.43012619821195
"J04"	1903	5	8.8292199955447
"J04"	1903	6	13.1703333029769
"J04"	1903	7	15.9874427322874
"J04"	1903	8	14.0786692651831
"J04"	1903	9	11.0919862125132
"J04"	1903	10	3.21350407109264
"J04"	1903	11	-3.99485130190455
"J04"	1903	12	-14.5108391286988
"J04"	1904	1	-18.0056278623906
"J04"	1904	2	-15.2467141667642
"J04"	1904	3	-7.25917319232084
"J04"	1904	4	2.65207646541878
"J04"	1904	5	9.75179187725313
"J04"	1904	6	16.1182312505388
"J04"	1904	7	18.7116683449618
"J04"	1904	8	16.7464289696089
"J04"	1904	9	9.94199720552358
"J04"	1904	10	2.77914356920211
"J04"	1904	11	-5.41958294511974
"J04"	1904	12	-15.5968332261392
"J04"	1905	1	-17.8305033946891
"J04"	1905	2	-14.2811879251643
"J04"	1905	3	-6.72564787129567
"J04"	1905	4	0
"J04"	1905	5	8.26849220244975
"J04"	1905	6	15.6104138968307
"J04"	1905	7	19.0731360441185
"J04"	1905	8	17.2278209873815
"J04"	1905	9	10.9891602383386
"J04"	1905	10	3.8403114781326
"J04"	1905	11	-4.61432394672586
"J04"	1905	12	-10.9570627485211
"J04"	1906	1	-11.6734634212235
"J04"	1906	2	-10.4335598659342
"J04"	1906	3	-7.87490988280793
"J04"	1906	4	2.22778130815179
"J04"	1906	5	6.44035389888967
"J04"	1906	6	16.099476297044
"J04"	1906	7	19.3265503030551
"J04"	1906	8	18.7853996805695
"J04"	1906	9	10.675097230918
"J04"	1906	10	3.83322601322259
"J04"	1906	11	-4.20179540630749
"J04"	1906	12	-13.3248974741585
"J04"	1907	1	-17.2853388314329
"J04"	1907	2	-14.9709581084599
"J04"	1907	3	-7.07938381270582
"J04"	1907	4	3.01540082033488
"J04"	1907	5	5.10349253562896
"J04"	1907	6	15.5967083233078
"J04"	1907	7	17.0390857422914
"J04"	1907	8	15.2758621902306
"J04"	1907	9	9.73229254943944
"J04"	1907	10	1.59455885328879
"J04"	1907	11	-3.32037507849537
"J04"	1907	12	-9.76950406147295
"J04"	1908	1	-14.8847538638151
"J04"	1908	2	-13.368372356979
"J04"	1908	3	-7.790584710428
"J04"	1908	4	12.4965968385352
"J04"	1908	5	7.7940780346446
"J04"	1908	6	16.411405104208
"J04"	1908	7	21.0966822790412
"J04"	1908	8	16.5078621143875
"J04"	1908	9	14.0202403683251
"J04"	1908	10	5.62620268592212
"J04"	1908	11	-4.24119630910516
"J04"	1908	12	-14.007582911189
"J04"	1909	1	-16.6390151485406
"J04"	1909	2	-14.0911760567599
"J04"	1909	3	-6.29026439239058
"J04"	1909	4	3.47754002863595
"J04"	1909	5	7.6366801400775
"J04"	1909	6	15.9126149110441
"J04"	1909	7	17.243343296011
"J04"	1909	8	18.3720772267837
"J04"	1909	9	10.2505655616907
"J04"	1909	10	4.66560333171328
"J04"	1909	11	-2.71555104660287
"J04"	1909	12	-9.56318730957194
"J04"	1910	1	-11.6181699621711
"J04"	1910	2	-11.8523993327674
"J04"	1910	3	-5.85355158167399
"J04"	1910	4	0
"J04"	1910	5	8.29820257863999
"J04"	1910	6	13.6808982758925
"J04"	1910	7	17.2935471549835
"J04"	1910	8	16.2850388435669
"J04"	1910	9	9.93241053326723
"J04"	1910	10	2.54275237817249
"J04"	1910	11	-3.16347334285913
"J04"	1910	12	-11.8215651655906
"J04"	1911	1	-14.436987550889
"J04"	1911	2	-14.0619503430442
"J04"	1911	3	-6.83868622607108
"J04"	1911	4	-0.960763877891681
"J04"	1911	5	10.8124703418548
"J04"	1911	6	15.360474623867
"J04"	1911	7	19.4341394440161
"J04"	1911	8	17.6067314792167
"J04"	1911	9	9.82181727439401
"J04"	1911	10	2.85885688261819
"J04"	1911	11	-5.64041246062771
"J04"	1911	12	-10.5303565905861
"J04"	1912	1	-19.4896188774888
"J04"	1912	2	-10.4474258875166
"J04"	1912	3	-7.65121238220146
"J04"	1912	4	13.9451314770088
"J04"	1912	5	8.44263466624323
"J04"	1912	6	13.2559031864947
"J04"	1912	7	17.604500449429
"J04"	1912	8	13.2116568655848
"J04"	1912	9	9.29180361305012
"J04"	1912	10	3.17514955514891
"J04"	1912	11	-4.96340861919009
"J04"	1912	12	-11.8936332042207
"J04"	1913	1	-13.4875084919599
"J04"	1913	2	-15.435116325053
"J04"	1913	3	-6.1513783682759
"J04"	1913	4	-7.41654102503959
"J04"	1913	5	6.09739733031175
"J04"	1913	6	14.4958014170316
"J04"	1913	7	17.4487686066034
"J04"	1913	8	15.9038445371765
"J04"	1913	9	10.9509785033291
"J04"	1913	10	5.60786483668625
"J04"	1913	11	-2.01072766526005
"J04"	1913	12	-10.5025615181489
"J04"	1914	1	-16.5071130696508
"J04"	1914	2	-16.8219637948709
"J04"	1914	3	-4.91484790028275
"J04"	1914	4	13.8258585272024
"J04"	1914	5	10.8719646257723
"J04"	1914	6	13.8014352949538
"J04"	1914	7	19.2629861299802
"J04"	1914	8	16.4781819803055
"J04"	1914	9	10.4165732147354
"J04"	1914	10	3.06791684599493
"J04"	1914	11	-6.00046134067279
"J04"	1914	12	-13.1317820930885
"J04"	1915	1	-12.7291573723626
"J04"	1915	2	-10.0786409264138
"J04"	1915	3	-5.46544920088811
"J04"	1915	4	-18.3146667448023
"J04"	1915	5	7.28601877741483
"J04"	1915	6	15.9912639699776
"J04"	1915	7	18.38344527221
"J04"	1915	8	17.1535277505545
"J04"	1915	9	10.8175307765414
"J04"	1915	10	4.33664208122236
"J04"	1915	11	-3.98116422002222
"J04"	1915	12	-9.88077775420737
"J04"	1916	1	-13.8079753636357
"J04"	1916	2	-13.6025777448655
"J04"	1916	3	-9.34553344675659
"J04"	1916	4	-29.5823419748729
"J04"	1916	5	8.38064938644663
"J04"	1916	6	16.2548549643461
"J04"	1916	7	20.8064815605915
"J04"	1916	8	18.2420103746262
"J04"	1916	9	10.3842597436839
"J04"	1916	10	2.0090677588417
"J04"	1916	11	-6.39693667353141
"J04"	1916	12	-11.5230113391554
"J04"	1917	1	-18.2950396113012
"J04"	1917	2	-15.6560690584684
"J04"	1917	3	-6.13034399416516
"J04"	1917	4	16.2213641253951
"J04"	1917	5	4.73196213238635
"J04"	1917	6	15.883157488429
"J04"	1917	7	18.1847131336977
"J04"	1917	8	17.9737585267976
"J04"	1917	9	9.63946041409535
"J04"	1917	10	0.951130546885872
"J04"	1917	11	-6.4635475335771
"J04"	1917	12	-16.3756372437229
"J04"	1918	1	-15.973185083595
"J04"	1918	2	-16.1438084420595
"J04"	1918	3	-8.68504881414062
"J04"	1918	4	17.4496394774669
"J04"	1918	5	7.06144329489224
"J04"	1918	6	13.404926694084
"J04"	1918	7	16.7051002206377
"J04"	1918	8	16.051652389936
"J04"	1918	9	9.51634584632621
"J04"	1918	10	3.4842396317565
"J04"	1918	11	-4.20667847087759
"J04"	1918	12	-13.0382279669488
"J04"	1919	1	-15.6962870455678
"J04"	1919	2	-9.57457191332943
"J04"	1919	3	-5.26692700121876
"J04"	1919	4	-3.43091342742278
"J04"	1919	5	8.58696455821822
"J04"	1919	6	17.8892616456737
"J04"	1919	7	17.9945775972239
"J04"	1919	8	17.4464924247246
"J04"	1919	9	11.0435088185791
"J04"	1919	10	0.738091214573886
"J04"	1919	11	-4.46460450903671
"J04"	1919	12	-15.6387884703549
"J04"	1920	1	-18.8370878759008
"J04"	1920	2	-12.6706841842399
"J04"	1920	3	-5.37879150437492
"J04"	1920	4	2.1351816666036
"J04"	1920	5	10.4312339652885
"J04"	1920	6	17.3135658533769
"J04"	1920	7	17.341428575349
"J04"	1920	8	18.422451949256
"J04"	1920	9	10.6058236227477
"J04"	1920	10	5.15749868101646
"J04"	1920	11	-5.9719464718453
"J04"	1920	12	-11.8318198520083
"J04"	1921	1	-14.6589894917505
"J04"	1921	2	-13.1707268658905
"J04"	1921	3	-4.75981595420883
"J04"	1921	4	16.2886135152885
"J04"	1921	5	12.5909652502119
"J04"	1921	6	15.9068449217046
"J04"	1921	7	21.7820285493935
"J04"	1921	8	15.4947105785248
"J04"	1921	9	11.4017588793618
"J04"	1921	10	1.68042752063873
"J04"	1921	11	-5.69758794229374
"J04"	1921	12	-13.4609576741612
"J04"	1922	1	-16.2461548009991
"J04"	1922	2	-13.8654141546723
"J04"	1922	3	-4.77946489678589
"J04"	1922	4	11.5862080333224
"J04"	1922	5	10.1154601760039
"J04"	1922	6	15.5539012431764
"J04"	1922	7	19.0956864409106
"J04"	1922	8	17.4964638235181
"J04"	1922	9	11.3732866741451
"J04"	1922	10	2.51417679115696
"J04"	1922	11	-4.53694525114889
"J04"	1922	12	-15.3775012864837
"J04"	1923	1	-16.9587735948379
"J04"	1923	2	-16.7310481342019
"J04"	1923	3	-10.8912658339574
"J04"	1923	4	-6.02953649722489
"J04"	1923	5	8.21082971781451
"J04"	1923	6	15.4132879954337
"J04"	1923	7	17.4356967222158
"J04"	1923	8	14.9986608517346
"J04"	1923	9	11.8554957643615
"J04"	1923	10	5.74480870500108
"J04"	1923	11	-2.22323391087299
"J04"	1923	12	-7.92112944411185
"J04"	1924	1	-16.9893881279874
"J04"	1924	2	-14.9996150108321
"J04"	1924	3	-4.26389764972971
"J04"	1924	4	-0.426689318635091
"J04"	1924	5	7.08640803535284
"J04"	1924	6	14.9636169412225
"J04"	1924	7	18.3129018887983
"J04"	1924	8	16.9927539842694
"J04"	1924	9	11.7233482373905
"J04"	1924	10	5.41387539553199
"J04"	1924	11	-2.93452864928468
"J04"	1924	12	-15.0533579939848
"J04"	1925	1	-20.0733577506883
"J04"	1925	2	-10.7022280384798
"J04"	1925	3	-4.2822530136202
"J04"	1925	4	-0.740023554332307
"J04"	1925	5	7.16600654698943
"J04"	1925	6	15.8656492058756
"J04"	1925	7	17.3701785683883
"J04"	1925	8	17.6579733989762
"J04"	1925	9	9.04968203635114
"J04"	1925	10	-1.45236960623836
"J04"	1925	11	-4.80289221793384
"J04"	1925	12	-12.4362057264157
"J04"	1926	1	-16.0731869749214
"J04"	1926	2	-14.0761021845275
"J04"	1926	3	-8.50791070320181
"J04"	1926	4	-8.7978370437028
"J04"	1926	5	6.27185280367809
"J04"	1926	6	13.9712874583419
"J04"	1926	7	17.5407461393749
"J04"	1926	8	15.5879760546827
"J04"	1926	9	10.1421889075038
"J04"	1926	10	2.58318887686557
"J04"	1926	11	-3.73715810599597
"J04"	1926	12	-14.1598296423044
"J04"	1927	1	-13.5396168733448
"J04"	1927	2	-12.323417043208
"J04"	1927	3	-4.97651817059917
"J04"	1927	4	1.45215092682211
"J04"	1927	5	5.70796241803995
"J04"	1927	6	13.8413764256407
"J04"	1927	7	19.1205182026435
"J04"	1927	8	16.2556710270557
"J04"	1927	9	11.026870815444
"J04"	1927	10	4.42376178497494
"J04"	1927	11	-3.11627490000301
"J04"	1927	12	-9.72197222947857
"J04"	1928	1	-16.0471298688614
"J04"	1928	2	-13.4359723122741
"J04"	1928	3	-7.26109744403202
"J04"	1928	4	-1.0462857806508
"J04"	1928	5	9.43906098798814
"J04"	1928	6	14.3315041352276
"J04"	1928	7	17.9833574883395
"J04"	1928	8	17.6263117715905
"J04"	1928	9	10.2928529529316
"J04"	1928	10	2.25281836102193
"J04"	1928	11	-6.14873429715853
"J04"	1928	12	-9.13887994511519
"J04"	1929	1	-15.0914162704708
"J04"	1929	2	-11.9570886239203
"J04"	1929	3	-6.62919324012265
"J04"	1929	4	-1.90221058121618
"J04"	1929	5	6.51676957662576
"J04"	1929	6	14.4091297819218
"J04"	1929	7	17.452692226727
"J04"	1929	8	15.3743394127888
"J04"	1929	9	10.8716360653457
"J04"	1929	10	2.75133951053274
"J04"	1929	11	-4.81727722332297
"J04"	1929	12	-15.7687391277292
"J04"	1930	1	-15.9221191425449
"J04"	1930	2	-12.0153291267836
"J04"	1930	3	-5.8012944273795
"J04"	1930	4	0
"J04"	1930	5	8.83209339840592
"J04"	1930	6	17.2617550832705
"J04"	1930	7	18.126377232028
"J04"	1930	8	15.8410172189952
"J04"	1930	9	10.3438192138318
"J04"	1930	10	4.9679995013239
"J04"	1930	11	-2.41180379664024
"J04"	1930	12	-11.8222969252026
"J04"	1931	1	-16.1571402668008
"J04"	1931	2	-11.0036828722828
"J04"	1931	3	-1.52798350951451
"J04"	1931	4	7.4564077777235
"J04"	1931	5	9.11611501635076
"J04"	1931	6	16.1056665551419
"J04"	1931	7	19.5989885712242
"J04"	1931	8	16.6073078426308
"J04"	1931	9	10.5209304051326
"J04"	1931	10	4.94251686300934
"J04"	1931	11	-0.62623814090473
"J04"	1931	12	-11.3393628890379
"J04"	1932	1	-11.3941019884725
"J04"	1932	2	-14.9735572599236
"J04"	1932	3	-7.0958453615705
"J04"	1932	4	1.12657978562111
"J04"	1932	5	9.7158731885264
"J04"	1932	6	15.7739403915468
"J04"	1932	7	16.5752103544712
"J04"	1932	8	17.1726193451824
"J04"	1932	9	12.2985183399129
"J04"	1932	10	4.01375209966192
"J04"	1932	11	-5.3773111155198
"J04"	1932	12	-10.2819048128908
"J04"	1933	1	-11.6171681280137
"J04"	1933	2	-10.9183441092192
"J04"	1933	3	-7.70249797626228
"J04"	1933	4	1.05706627014023
"J04"	1933	5	7.6818236340481
"J04"	1933	6	15.0352446594665
"J04"	1933	7	18.4469769613371
"J04"	1933	8	16.8411441234817
"J04"	1933	9	10.0792109124499
"J04"	1933	10	2.49531469635887
"J04"	1933	11	-8.80176938442363
"J04"	1933	12	-18.2604822449884
"J04"	1934	1	-16.6553660658777
"J04"	1934	2	-17.1041870221468
"J04"	1934	3	-8.21772461211936
"J04"	1934	4	1.82973912842354
"J04"	1934	5	7.97018587704358
"J04"	1934	6	13.8910067532783
"J04"	1934	7	17.7259204991382
"J04"	1934	8	15.8170624800011
"J04"	1934	9	14.1460251959298
"J04"	1934	10	1.58828939331379
"J04"	1934	11	-3.78199168832543
"J04"	1934	12	-15.5755645514923
"J04"	1935	1	-19.0961875099169
"J04"	1935	2	-14.0125849911498
"J04"	1935	3	-7.37861623107429
"J04"	1935	4	0.947545180413712
"J04"	1935	5	7.42154946874161
"J04"	1935	6	16.5247586179241
"J04"	1935	7	19.09689469969
"J04"	1935	8	18.871238222625
"J04"	1935	9	9.34986691759161
"J04"	1935	10	3.25732580599468
"J04"	1935	11	-3.43229130427256
"J04"	1935	12	-12.8915246659722
"J04"	1936	1	-14.5967390895854
"J04"	1936	2	-14.1853102702818
"J04"	1936	3	-2.14512537451892
"J04"	1936	4	0.150670815527256
"J04"	1936	5	5.62709016639971
"J04"	1936	6	15.2812369421445
"J04"	1936	7	16.4924489052589
"J04"	1936	8	15.3737170985578
"J04"	1936	9	10.6287316834106
"J04"	1936	10	1.4719484470112
"J04"	1936	11	-6.88887137398196
"J04"	1936	12	-11.2653133929039
"J04"	1937	1	-13.8117302646794
"J04"	1937	2	-9.94095005311924
"J04"	1937	3	-7.93274673493826
"J04"	1937	4	3.60949503693093
"J04"	1937	5	10.3902811780589
"J04"	1937	6	14.9571768308128
"J04"	1937	7	19.651954259153
"J04"	1937	8	18.4267038935862
"J04"	1937	9	11.2120475012433
"J04"	1937	10	3.31636554081277
"J04"	1937	11	-4.27738122242529
"J04"	1937	12	-13.107683809605
"J04"	1938	1	-14.7388498188653
"J04"	1938	2	-14.3316041807811
"J04"	1938	3	-6.88659645951032
"J04"	1938	4	1.11116593399584
"J04"	1938	5	8.39369119729633
"J04"	1938	6	17.8864169028007
"J04"	1938	7	18.3455801332231
"J04"	1938	8	16.8253477906574
"J04"	1938	9	9.81387949103562
"J04"	1938	10	4.65333578723911
"J04"	1938	11	-3.5652629684354
"J04"	1938	12	-10.5172509933693
"J04"	1939	1	-15.666540535567
"J04"	1939	2	-15.6206786835211
"J04"	1939	3	-10.1809321546911
"J04"	1939	4	-0.670326467109673
"J04"	1939	5	8.27018998840471
"J04"	1939	6	13.9064919505973
"J04"	1939	7	19.8184958107735
"J04"	1939	8	18.0984972762765
"J04"	1939	9	9.90594368958473
"J04"	1939	10	1.73428771200265
"J04"	1939	11	-5.4201868139885
"J04"	1939	12	-10.8200572276939
"J04"	1940	1	-14.570991416874
"J04"	1940	2	-12.6391250196008
"J04"	1940	3	-6.15839491516301
"J04"	1940	4	0.51904751076878
"J04"	1940	5	9.2843743005513
"J04"	1940	6	14.5996807717606
"J04"	1940	7	18.6185635204921
"J04"	1940	8	17.8913663970359
"J04"	1940	9	10.1981009670444
"J04"	1940	10	1.34061361499042
"J04"	1940	11	-5.35680560936861
"J04"	1940	12	-13.8332714606224
"J04"	1941	1	-17.3209108734114
"J04"	1941	2	-9.62631027338522
"J04"	1941	3	-7.08803827863223
"J04"	1941	4	2.01442860528229
"J04"	1941	5	8.44392604932522
"J04"	1941	6	14.1769166108895
"J04"	1941	7	19.7986043134354
"J04"	1941	8	14.1308945052028
"J04"	1941	9	9.79959558378678
"J04"	1941	10	1.6180245714567
"J04"	1941	11	-5.38747614231818
"J04"	1941	12	-11.1405151301682
"J04"	1942	1	-17.3376965934505
"J04"	1942	2	-12.5495391591972
"J04"	1942	3	-4.11423112059757
"J04"	1942	4	2.08115808760117
"J04"	1942	5	10.7964271290613
"J04"	1942	6	14.5637287029345
"J04"	1942	7	18.2098941018725
"J04"	1942	8	17.2914673549183
"J04"	1942	9	11.6805339046377
"J04"	1942	10	4.54183440870517
"J04"	1942	11	-4.39207702915038
"J04"	1942	12	-15.5233524772949
"J04"	1943	1	-17.8610596247483
"J04"	1943	2	-10.84628510098
"J04"	1943	3	-9.38097337177163
"J04"	1943	4	-1.55027339002481
"J04"	1943	5	6.88120875059277
"J04"	1943	6	13.837833565909
"J04"	1943	7	18.6036682932385
"J04"	1943	8	15.5147972445559
"J04"	1943	9	11.5852750603234
"J04"	1943	10	4.79936743938811
"J04"	1943	11	-3.9494102477229
"J04"	1943	12	-13.9934524315341
"J04"	1944	1	-12.3917417866531
"J04"	1944	2	-14.518617759036
"J04"	1944	3	-8.21329733436998
"J04"	1944	4	0.232656475505869
"J04"	1944	5	10.3642785571188
"J04"	1944	6	15.8367617191726
"J04"	1944	7	18.7032327869513
"J04"	1944	8	18.2879577813857
"J04"	1944	9	12.5837094299553
"J04"	1944	10	1.77918731521416
"J04"	1944	11	-2.93366478349778
"J04"	1944	12	-12.8488060896729
"J04"	1945	1	-15.3497850950812
"J04"	1945	2	-11.6574100523115
"J04"	1945	3	-3.77117864020499
"J04"	1945	4	1.93151470534543
"J04"	1945	5	8.20454465650543
"J04"	1945	6	14.2033466389293
"J04"	1945	7	18.4094699615124
"J04"	1945	8	17.1113574738617
"J04"	1945	9	10.6126998194505
"J04"	1945	10	1.49181682764581
"J04"	1945	11	-4.85740150893386
"J04"	1945	12	-13.3582618001525
"J04"	1946	1	-17.4978175876283
"J04"	1946	2	-16.2920321818813
"J04"	1946	3	-3.79010641202251
"J04"	1946	4	1.22214998720348
"J04"	1946	5	7.17647569357764
"J04"	1946	6	14.3847409472113
"J04"	1946	7	16.8308328254636
"J04"	1946	8	17.6198374074652
"J04"	1946	9	13.9047055797597
"J04"	1946	10	5.1099536356123
"J04"	1946	11	-5.55956767672977
"J04"	1946	12	-14.1623043862282
"J04"	1947	1	-17.0013417969473
"J04"	1947	2	-8.4855817138704
"J04"	1947	3	-4.21997406587488
"J04"	1947	4	-3.37156981857069
"J04"	1947	5	5.22776156039197
"J04"	1947	6	15.7708877791721
"J04"	1947	7	19.9081997028739
"J04"	1947	8	18.3313599947671
"J04"	1947	9	10.0484691384878
"J04"	1947	10	5.65261262976815
"J04"	1947	11	-2.99033106958868
"J04"	1947	12	-12.2288789025852
"J04"	1948	1	-16.5034058031123
"J04"	1948	2	-16.5987080345618
"J04"	1948	3	-9.40884229931595
"J04"	1948	4	-1.17224291970338
"J04"	1948	5	8.4055297983028
"J04"	1948	6	15.2473822916215
"J04"	1948	7	18.3331028068598
"J04"	1948	8	17.5602599833439
"J04"	1948	9	12.561349835753
"J04"	1948	10	5.27373491195772
"J04"	1948	11	-1.9411558361374
"J04"	1948	12	-11.071669478021
"J04"	1949	1	-14.8825968404574
"J04"	1949	2	-15.4822181188784
"J04"	1949	3	-7.26868828604699
"J04"	1949	4	1.46375966512103
"J04"	1949	5	7.3818583433654
"J04"	1949	6	17.6308093576835
"J04"	1949	7	18.9396068513683
"J04"	1949	8	16.989248127881
"J04"	1949	9	10.7921272315793
"J04"	1949	10	4.80890217052975
"J04"	1949	11	-7.12738429957645
"J04"	1949	12	-10.5958927480309
"J04"	1950	1	-17.6444238151756
"J04"	1950	2	-16.8891743134701
"J04"	1950	3	-7.92347558814148
"J04"	1950	4	0.822170499394844
"J04"	1950	5	10.6667282594255
"J04"	1950	6	14.0060091700876
"J04"	1950	7	17.4648007736251
"J04"	1950	8	17.5140315092596
"J04"	1950	9	9.81838075967609
"J04"	1950	10	1.94321235531361
"J04"	1950	11	-2.7494046460651
"J04"	1950	12	-9.62541377703152
"J04"	1951	1	-15.4076005577065
"J04"	1951	2	-11.1047609192719
"J04"	1951	3	-3.76707822929448
"J04"	1951	4	4.1517507408761
"J04"	1951	5	9.44148456716206
"J04"	1951	6	15.1871803027299
"J04"	1951	7	17.9753461959118
"J04"	1951	8	16.9465332612416
"J04"	1951	9	10.9512986545681
"J04"	1951	10	3.4291469848859
"J04"	1951	11	-5.824797957867
"J04"	1951	12	-13.8605390519314
"J04"	1952	1	-15.5148884853444
"J04"	1952	2	-10.9099385409226
"J04"	1952	3	-3.67446711805347
"J04"	1952	4	1.80105019364145
"J04"	1952	5	9.7570144419498
"J04"	1952	6	15.4680599837919
"J04"	1952	7	20.9729301506024
"J04"	1952	8	17.7770498761449
"J04"	1952	9	10.9842528960118
"J04"	1952	10	1.02202418022105
"J04"	1952	11	-4.66372331570034
"J04"	1952	12	-9.63916060749474
"J04"	1953	1	-13.6803097710874
"J04"	1953	2	-11.4521468001612
"J04"	1953	3	-5.26415297195282
"J04"	1953	4	3.17308530397287
"J04"	1953	5	9.14950442761747
"J04"	1953	6	15.9485727753273
"J04"	1953	7	19.002643964075
"J04"	1953	8	16.5106961039419
"J04"	1953	9	10.5134803813412
"J04"	1953	10	4.28839323144126
"J04"	1953	11	-1.79450776486934
"J04"	1953	12	-11.0195667524371
"J04"	1954	1	-19.3981452712361
"J04"	1954	2	-8.70073083136861
"J04"	1954	3	-6.54325788174139
"J04"	1954	4	-0.985458149703516
"J04"	1954	5	9.15932169923847
"J04"	1954	6	17.3252182604582
"J04"	1954	7	17.5272615460677
"J04"	1954	8	15.9417817407989
"J04"	1954	9	10.6492689415672
"J04"	1954	10	2.9023882312339
"J04"	1954	11	-4.70559217087557
"J04"	1954	12	-10.7248846145038
"J04"	1955	1	-13.1684309959566
"J04"	1955	2	-12.310512957157
"J04"	1955	3	-8.14257869753053
"J04"	1955	4	2.35648711109739
"J04"	1955	5	8.1393394279479
"J04"	1955	6	18.5011993555172
"J04"	1955	7	19.5381527444135
"J04"	1955	8	18.0829744793498
"J04"	1955	9	9.46375574448253
"J04"	1955	10	3.95265999504921
"J04"	1955	11	-3.9194353839281
"J04"	1955	12	-14.1659978480262
"J04"	1956	1	-10.1024468822828
"J04"	1956	2	-12.9438188211138
"J04"	1956	3	-9.32093539335202
"J04"	1956	4	0.686442992566383
"J04"	1956	5	4.43515466216816
"J04"	1956	6	13.415317726687
"J04"	1956	7	16.4638698747206
"J04"	1956	8	15.0983458175456
"J04"	1956	9	9.39371386207938
"J04"	1956	10	4.63950595947298
"J04"	1956	11	-4.43659688585721
"J04"	1956	12	-14.6523094136993
"J04"	1957	1	-21.9270395254243
"J04"	1957	2	-13.0411660826628
"J04"	1957	3	-3.71180239376679
"J04"	1957	4	0
"J04"	1957	5	7.95002347441543
"J04"	1957	6	14.3953971972548
"J04"	1957	7	17.3780295711157
"J04"	1957	8	14.9247082641817
"J04"	1957	9	10.7576647761498
"J04"	1957	10	4.57647326368224
"J04"	1957	11	-3.84251461239641
"J04"	1957	12	-8.84559433131642
"J04"	1958	1	-10.8020149091881
"J04"	1958	2	-10.3797728753209
"J04"	1958	3	-0.849109767694768
"J04"	1958	4	2.85432848859988
"J04"	1958	5	7.33699932161727
"J04"	1958	6	12.1004193655605
"J04"	1958	7	17.593072328837
"J04"	1958	8	15.5568587820298
"J04"	1958	9	10.4861316102181
"J04"	1958	10	2.01776178655239
"J04"	1958	11	-5.57478088008636
"J04"	1958	12	-17.5808700738404
"J04"	1959	1	-12.8271480762194
"J04"	1959	2	-18.0871392519311
"J04"	1959	3	-9.02542497935629
"J04"	1959	4	0.692104593743452
"J04"	1959	5	9.61750858406801
"J04"	1959	6	15.1602569132191
"J04"	1959	7	20.5083077956965
"J04"	1959	8	17.2008199644418
"J04"	1959	9	12.2759210211501
"J04"	1959	10	1.93794093826051
"J04"	1959	11	-5.99174581098833
"J04"	1959	12	-12.1692503265624
"J04"	1960	1	-14.3366503015351
"J04"	1960	2	-6.75851384908407
"J04"	1960	3	-8.17642211863751
"J04"	1960	4	-0.198917963257447
"J04"	1960	5	12.1064432963818
"J04"	1960	6	15.7390038231756
"J04"	1960	7	17.0191041500365
"J04"	1960	8	17.52998306463
"J04"	1960	9	11.0760923604928
"J04"	1960	10	2.54218245631087
"J04"	1960	11	-3.76301337033937
"J04"	1960	12	-12.6485664703892
"J04"	1961	1	-20.0026268331617
"J04"	1961	2	-13.913774453636
"J04"	1961	3	-6.90049737762974
"J04"	1961	4	3.20488915123733
"J04"	1961	5	7.66003001130285
"J04"	1961	6	14.5363524281541
"J04"	1961	7	18.2317514419114
"J04"	1961	8	17.4513305542026
"J04"	1961	9	13.6071340436504
"J04"	1961	10	4.73851620456551
"J04"	1961	11	-1.83237923192816
"J04"	1961	12	-8.81573143350086
"J04"	1962	1	-18.5525787463153
"J04"	1962	2	-17.9886744265076
"J04"	1962	3	-1.90990571768522
"J04"	1962	4	-0.302772469470138
"J04"	1962	5	7.24685900009169
"J04"	1962	6	15.9043846444495
"J04"	1962	7	17.4392186422475
"J04"	1962	8	17.8771468535898
"J04"	1962	9	10.2140885036139
"J04"	1962	10	3.78953327931129
"J04"	1962	11	-4.58276094096353
"J04"	1962	12	-11.9370603841161
"J04"	1963	1	-14.4733215087433
"J04"	1963	2	-16.6914127781409
"J04"	1963	3	-8.26974821115482
"J04"	1963	4	1.22069492415675
"J04"	1963	5	8.17681541472965
"J04"	1963	6	15.9866194058009
"J04"	1963	7	18.5488609144554
"J04"	1963	8	15.1483992163577
"J04"	1963	9	8.99322256377804
"J04"	1963	10	6.148050661616
"J04"	1963	11	-2.24016802112592
"J04"	1963	12	-16.0278012055111
"J04"	1964	1	-14.548510857317
"J04"	1964	2	-11.9417356683604
"J04"	1964	3	-7.73203134602365
"J04"	1964	4	2.25515480241488
"J04"	1964	5	8.27517057486505
"J04"	1964	6	13.8998600499839
"J04"	1964	7	18.6539289861423
"J04"	1964	8	15.1585640053177
"J04"	1964	9	9.86128661342005
"J04"	1964	10	1.52848107187944
"J04"	1964	11	-5.08814029502544
"J04"	1964	12	-12.6897168323781
"J04"	1965	1	-17.2433232777495
"J04"	1965	2	-12.7515717526715
"J04"	1965	3	-6.87692821125967
"J04"	1965	4	0.412869399297765
"J04"	1965	5	7.02625467270566
"J04"	1965	6	14.9686866360332
"J04"	1965	7	15.3462358972027
"J04"	1965	8	14.859454445051
"J04"	1965	9	9.78611038268021
"J04"	1965	10	0.206079646359885
"J04"	1965	11	-7.62432729163753
"J04"	1965	12	-13.0642203919329
"J04"	1966	1	-10.9690100218363
"J04"	1966	2	-9.80279045576887
"J04"	1966	3	-2.11334486602606
"J04"	1966	4	1.76434108015024
"J04"	1966	5	7.11811896885573
"J04"	1966	6	15.5434683996067
"J04"	1966	7	16.7501638044893
"J04"	1966	8	15.8794490262903
"J04"	1966	9	10.4474097604035
"J04"	1966	10	2.60489844655484
"J04"	1966	11	-1.72577813692261
"J04"	1966	12	-10.8085123674605
"J04"	1967	1	-15.3637700355733
"J04"	1967	2	-16.2310711317965
"J04"	1967	3	-10.2360574111344
"J04"	1967	4	-1.14548515151633
"J04"	1967	5	5.1468574822511
"J04"	1967	6	17.2965811525796
"J04"	1967	7	19.355097316096
"J04"	1967	8	18.0147626338737
"J04"	1967	9	12.274363780754
"J04"	1967	10	3.1608076497048
"J04"	1967	11	-3.85090600251678
"J04"	1967	12	-10.1143218043005
"J04"	1968	1	-18.1347483244487
"J04"	1968	2	-13.2870640146869
"J04"	1968	3	-7.27145954656525
"J04"	1968	4	2.70896818834899
"J04"	1968	5	9.23882547961456
"J04"	1968	6	15.2175395210692
"J04"	1968	7	17.7459126955539
"J04"	1968	8	13.0225661401321
"J04"	1968	9	15.4874486256844
"J04"	1968	10	5.3264519411109
"J04"	1968	11	-6.4724528285953
"J04"	1968	12	-10.8789351726214
"J04"	1969	1	-9.99618612655181
"J04"	1969	2	-9.52809267848472
"J04"	1969	3	-4.94635697020877
"J04"	1969	4	-2.07785285030009
"J04"	1969	5	5.52485791398587
"J04"	1969	6	13.5351444557591
"J04"	1969	7	17.4389493971488
"J04"	1969	8	17.1828269659678
"J04"	1969	9	8.39938331354822
"J04"	1969	10	1.40006501301317
"J04"	1969	11	-1.71529155398575
"J04"	1969	12	-9.60484139246013
"J04"	1970	1	-17.6520498049362
"J04"	1970	2	-14.2595460071123
"J04"	1970	3	-5.1499911481673
"J04"	1970	4	0.10318109031002
"J04"	1970	5	6.11490447107476
"J04"	1970	6	14.3057653648946
"J04"	1970	7	20.3367055714896
"J04"	1970	8	18.1837011913386
"J04"	1970	9	10.0143541355394
"J04"	1970	10	6.53130120989909
"J04"	1970	11	-3.52258660019824
"J04"	1970	12	-15.8939800897244
"J04"	1971	1	-15.8202773206037
"J04"	1971	2	-13.2999366374015
"J04"	1971	3	-5.6682217720453
"J04"	1971	4	1.63256285604028
"J04"	1971	5	9.94382127807102
"J04"	1971	6	14.1940374276875
"J04"	1971	7	17.3229266790277
"J04"	1971	8	15.6272203817284
"J04"	1971	9	11.9522048860804
"J04"	1971	10	5.05965750919718
"J04"	1971	11	-5.21961811423484
"J04"	1971	12	-15.5893503841715
"J04"	1972	1	-16.1818087745311
"J04"	1972	2	-16.7694992049872
"J04"	1972	3	-10.0648739085414
"J04"	1972	4	0.200917345656422
"J04"	1972	5	7.27035948777045
"J04"	1972	6	14.3762584170961
"J04"	1972	7	18.8151412682219
"J04"	1972	8	15.9114823346327
"J04"	1972	9	9.93779659371428
"J04"	1972	10	0.222180247879638
"J04"	1972	11	-6.10642359924948
"J04"	1972	12	-17.4176819565632
"J04"	1973	1	-15.7508669006428
"J04"	1973	2	-14.4768653980505
"J04"	1973	3	-3.45619388404528
"J04"	1973	4	0.196928005294952
"J04"	1973	5	8.23694242409674
"J04"	1973	6	17.1969616897062
"J04"	1973	7	19.8052675766617
"J04"	1973	8	18.6211641537696
"J04"	1973	9	10.3747576973893
"J04"	1973	10	4.26059542355317
"J04"	1973	11	-4.99186570416858
"J04"	1973	12	-9.47917899761466
"J04"	1974	1	-20.5636651364688
"J04"	1974	2	-14.5518198018151
"J04"	1974	3	-9.62693826854263
"J04"	1974	4	-1.15297982439558
"J04"	1974	5	5.19450398883976
"J04"	1974	6	17.0851201041579
"J04"	1974	7	18.6948035171295
"J04"	1974	8	16.4700092719923
"J04"	1974	9	9.52355676888678
"J04"	1974	10	-0.452252160699825
"J04"	1974	11	-4.48097687618325
"J04"	1974	12	-9.96127670843732
"J04"	1975	1	-17.4668903235564
"J04"	1975	2	-14.7302144186907
"J04"	1975	3	-7.4243161083574
"J04"	1975	4	-0.653543510987992
"J04"	1975	5	10.5275118774541
"J04"	1975	6	16.9748536583563
"J04"	1975	7	20.3832978136471
"J04"	1975	8	17.047364081505
"J04"	1975	9	11.8774752350563
"J04"	1975	10	4.32802362735969
"J04"	1975	11	-3.5757770575315
"J04"	1975	12	-13.4441786637942
"J04"	1976	1	-16.9454297324534
"J04"	1976	2	-13.0709186000064
"J04"	1976	3	-8.57014485388488
"J04"	1976	4	0.0903864104047286
"J04"	1976	5	8.09550305949403
"J04"	1976	6	17.743529867691
"J04"	1976	7	19.3737294985531
"J04"	1976	8	17.0167205183858
"J04"	1976	9	9.83918221627426
"J04"	1976	10	1.14605397124574
"J04"	1976	11	-5.84624086075133
"J04"	1976	12	-14.416736973543
"J04"	1977	1	-14.3624827150458
"J04"	1977	2	-11.4176985851345
"J04"	1977	3	-2.29845061242016
"J04"	1977	4	-0.348965497914548
"J04"	1977	5	8.63548755745184
"J04"	1977	6	15.00475849643
"J04"	1977	7	16.6684019592175
"J04"	1977	8	15.8790989942896
"J04"	1977	9	9.61500099479496
"J04"	1977	10	3.5706383192866
"J04"	1977	11	-1.58183917531761
"J04"	1977	12	-11.9090094654373
"J04"	1978	1	-16.4061769608469
"J04"	1978	2	-10.9912443067677
"J04"	1978	3	-10.2356212951877
"J04"	1978	4	0.168036253861054
"J04"	1978	5	10.6316084611704
"J04"	1978	6	13.5355782891786
"J04"	1978	7	17.955984322518
"J04"	1978	8	16.4497598071824
"J04"	1978	9	7.89279698110125
"J04"	1978	10	1.04057135284599
"J04"	1978	11	-5.91942600720797
"J04"	1978	12	-13.3743229213575
"J04"	1979	1	-12.7556665811469
"J04"	1979	2	-15.8488529151876
"J04"	1979	3	-3.02822791616006
"J04"	1979	4	1.61603360943509
"J04"	1979	5	10.3739399029524
"J04"	1979	6	16.5449377193325
"J04"	1979	7	19.1420195696498
"J04"	1979	8	16.0161497506543
"J04"	1979	9	10.4297244399592
"J04"	1979	10	4.05699079870091
"J04"	1979	11	-3.2495285039606
"J04"	1979	12	-10.7714465753364
"J04"	1980	1	-13.1335396712095
"J04"	1980	2	-12.9812180691105
"J04"	1980	3	-5.74196578313046
"J04"	1980	4	1.94158318040455
"J04"	1980	5	8.57764950272695
"J04"	1980	6	13.7144925490806
"J04"	1980	7	17.2373936281375
"J04"	1980	8	19.4796075133444
"J04"	1980	9	8.38466878348177
"J04"	1980	10	0.696422619897925
"J04"	1980	11	-4.81716936177271
"J04"	1980	12	-16.8149237385462
"J04"	1981	1	-14.7849755746243
"J04"	1981	2	-5.36518429547462
"J04"	1981	3	-2.81816100425815
"J04"	1981	4	0
"J04"	1981	5	7.66508450993903
"J04"	1981	6	14.580592658583
"J04"	1981	7	19.5167491677868
"J04"	1981	8	18.3428000148674
"J04"	1981	9	13.3297185042998
"J04"	1981	10	3.83109768786473
"J04"	1981	11	-3.23992505262135
"J04"	1981	12	-8.08293038891413
"J04"	1982	1	-16.9244617222583
"J04"	1982	2	-16.670932718032
"J04"	1982	3	-7.7221676842236
"J04"	1982	4	-1.43576694617051
"J04"	1982	5	9.14478480821872
"J04"	1982	6	15.0560000088997
"J04"	1982	7	18.4092029915847
"J04"	1982	8	14.4250179149948
"J04"	1982	9	11.8048575237883
"J04"	1982	10	5.79985285378396
"J04"	1982	11	-3.53110003832456
"J04"	1982	12	-11.4198430934522
"J04"	1983	1	-13.6864852133117
"J04"	1983	2	-12.3020652502714
"J04"	1983	3	-5.84285639511796
"J04"	1983	4	1.72757039175028
"J04"	1983	5	6.34565289747851
"J04"	1983	6	16.597132988307
"J04"	1983	7	17.5013282059722
"J04"	1983	8	16.8770373589658
"J04"	1983	9	12.2810536421496
"J04"	1983	10	4.16849630393088
"J04"	1983	11	-4.21559964409456
"J04"	1983	12	-14.091901441202
"J04"	1984	1	-18.3695004842379
"J04"	1984	2	-8.65448866542498
"J04"	1984	3	-8.03345994921916
"J04"	1984	4	2.86474985198007
"J04"	1984	5	6.59202430192277
"J04"	1984	6	13.6733406712574
"J04"	1984	7	18.3825369690726
"J04"	1984	8	18.625435239779
"J04"	1984	9	9.09072247404596
"J04"	1984	10	4.85019445023987
"J04"	1984	11	-3.62758901934105
"J04"	1984	12	-12.7598537647749
"J04"	1985	1	-17.3871432928716
"J04"	1985	2	-11.0472252045009
"J04"	1985	3	-7.61682452465814
"J04"	1985	4	-0.321798397599927
"J04"	1985	5	5.80572422646251
"J04"	1985	6	15.5973874307331
"J04"	1985	7	18.0700531950063
"J04"	1985	8	17.3019159567447
"J04"	1985	9	12.373178790026
"J04"	1985	10	3.68201518781082
"J04"	1985	11	-5.49442258663285
"J04"	1985	12	-14.7727374573306
"J04"	1986	1	-14.5533587499351
"J04"	1986	2	-12.7291253112203
"J04"	1986	3	-7.72317006571694
"J04"	1986	4	2.36787418583364
"J04"	1986	5	10.98831929357
"J04"	1986	6	11.7092421642738
"J04"	1986	7	17.3603511447129
"J04"	1986	8	16.1813035580748
"J04"	1986	9	8.68762688184033
"J04"	1986	10	1.37437356756517
"J04"	1986	11	-7.07508212202579
"J04"	1986	12	-11.3687798879715
"J04"	1987	1	-14.5557378078238
"J04"	1987	2	-11.8048495979998
"J04"	1987	3	-3.75881362246799
"J04"	1987	4	3.44722092524634
"J04"	1987	5	8.42830448571295
"J04"	1987	6	14.7875586569418
"J04"	1987	7	18.6332649395206
"J04"	1987	8	15.7545840985182
"J04"	1987	9	11.8261731505291
"J04"	1987	10	3.53022212106492
"J04"	1987	11	-4.43268915953292
"J04"	1987	12	-12.4094562975886
"J04"	1988	1	-13.9753185760923
"J04"	1988	2	-14.6812941990303
"J04"	1988	3	-5.85038791028492
"J04"	1988	4	1.58871169826592
"J04"	1988	5	10.6877417583492
"J04"	1988	6	13.3197278600859
"J04"	1988	7	19.9029796530158
"J04"	1988	8	17.0001773187936
"J04"	1988	9	9.40383533048054
"J04"	1988	10	1.92274302918043
"J04"	1988	11	-3.45931921505966
"J04"	1988	12	-14.8607147214322
"J04"	1989	1	-15.5494803129139
"J04"	1989	2	-14.6607464313341
"J04"	1989	3	-8.99109721394473
"J04"	1989	4	0.459002107620331
"J04"	1989	5	10.9091656534838
"J04"	1989	6	16.6737276941955
"J04"	1989	7	17.9049483196824
"J04"	1989	8	16.2794765762203
"J04"	1989	9	12.1877695161578
"J04"	1989	10	3.81497441583929
"J04"	1989	11	-6.35332750319202
"J04"	1989	12	-17.0412084548457
"J04"	1990	1	-14.8793502252242
"J04"	1990	2	-16.2395951201399
"J04"	1990	3	-6.6971360372067
"J04"	1990	4	0.560501330497363
"J04"	1990	5	7.02479616739826
"J04"	1990	6	15.6861728977133
"J04"	1990	7	18.8747078145559
"J04"	1990	8	18.0086662795619
"J04"	1990	9	9.48337177543039
"J04"	1990	10	2.33500145810678
"J04"	1990	11	-5.09031618346499
"J04"	1990	12	-12.3975559347681
"J04"	1991	1	-20.1916954957666
"J04"	1991	2	-12.5455854004223
"J04"	1991	3	-4.3997137036375
"J04"	1991	4	0.822635176137201
"J04"	1991	5	7.80914605011288
"J04"	1991	6	15.1814268569591
"J04"	1991	7	18.459462266102
"J04"	1991	8	17.8753486894256
"J04"	1991	9	9.71792174736317
"J04"	1991	10	3.74217258445397
"J04"	1991	11	-3.31517799376115
"J04"	1991	12	-14.8021492259374
"J04"	1992	1	-16.4944620973581
"J04"	1992	2	-17.1231536565111
"J04"	1992	3	-8.07595348200456
"J04"	1992	4	0
"J04"	1992	5	8.22540084429078
"J04"	1992	6	13.1430007875002
"J04"	1992	7	15.3818393448301
"J04"	1992	8	15.9880062703277
"J04"	1992	9	11.5375515668787
"J04"	1992	10	1.52365511924761
"J04"	1992	11	-6.0734029074918
"J04"	1992	12	-12.5474301201294
"J04"	1993	1	-16.7249159770367
"J04"	1993	2	-18.1250440983374
"J04"	1993	3	-6.82661036794378
"J04"	1993	4	1.42319712955139
"J04"	1993	5	7.82856330410246
"J04"	1993	6	15.995997590862
"J04"	1993	7	19.1058230225153
"J04"	1993	8	17.0270453288905
"J04"	1993	9	9.47729081214363
"J04"	1993	10	0
"J04"	1993	11	-6.0242141231111
"J04"	1993	12	-11.9094246303201
"J04"	1994	1	-20.1184340171707
"J04"	1994	2	-16.3464540932656
"J04"	1994	3	-6.2056094754237
"J04"	1994	4	-0.310589070701161
"J04"	1994	5	6.71887923389707
"J04"	1994	6	15.7803468877869
"J04"	1994	7	18.5901960719525
"J04"	1994	8	14.8574584691194
"J04"	1994	9	10.8745609530618
"J04"	1994	10	6.15344320753817
"J04"	1994	11	-3.19635002237775
"J04"	1994	12	-11.1612200769972
"J04"	1995	1	-14.8341262895772
"J04"	1995	2	-16.3681565776954
"J04"	1995	3	-7.1634202406037
"J04"	1995	4	0.610649993014107
"J04"	1995	5	8.29486564848455
"J04"	1995	6	16.6168985219345
"J04"	1995	7	19.3520901109968
"J04"	1995	8	18.1236542076032
"J04"	1995	9	9.33195227258295
"J04"	1995	10	4.91724006139224
"J04"	1995	11	-5.31579023944213
"J04"	1995	12	-12.7964256881635
"J04"	1996	1	-15.3762981840877
"J04"	1996	2	-12.1973907026344
"J04"	1996	3	-7.59708289765507
"J04"	1996	4	1.30199936766383
"J04"	1996	5	5.94989532675456
"J04"	1996	6	16.689690964187
"J04"	1996	7	17.2662251477102
"J04"	1996	8	17.4111790264195
"J04"	1996	9	11.6695896724025
"J04"	1996	10	2.88686611498238
"J04"	1996	11	-4.21902921653852
"J04"	1996	12	-9.21667429156656
"J04"	1997	1	-14.831424765939
"J04"	1997	2	-14.4263505684999
"J04"	1997	3	-10.0402340761918
"J04"	1997	4	0.591996380606429
"J04"	1997	5	5.04008207564596
"J04"	1997	6	14.8591006098505
"J04"	1997	7	17.3406526206112
"J04"	1997	8	15.5429173273922
"J04"	1997	9	10.4290559423652
"J04"	1997	10	2.94468909716718
"J04"	1997	11	-5.55578676564877
"J04"	1997	12	-11.7033052447063
"J04"	1998	1	-14.3862862473949
"J04"	1998	2	-7.93238428034373
"J04"	1998	3	-5.92765849172196
"J04"	1998	4	1.89752304082168
"J04"	1998	5	10.5659346438832
"J04"	1998	6	16.0791594640497
"J04"	1998	7	18.2948313203164
"J04"	1998	8	16.8613657637766
"J04"	1998	9	10.2515780285808
"J04"	1998	10	3.09827046367196
"J04"	1998	11	-5.09151274127836
"J04"	1998	12	-11.4623050356324
"J04"	1999	1	-14.7433047151492
"J04"	1999	2	-9.05853724059494
"J04"	1999	3	-2.64986344588162
"J04"	1999	4	1.10490510739783
"J04"	1999	5	12.3644257692428
"J04"	1999	6	17.3936190465828
"J04"	1999	7	18.5621169975955
"J04"	1999	8	16.8281957552514
"J04"	1999	9	13.7495826491249
"J04"	1999	10	1.27814393149139
"J04"	1999	11	-3.73786175067273
"J04"	1999	12	-11.3233018084053
"J04"	2000	1	-15.5089931973423
"J04"	2000	2	-12.1078717753636
"J04"	2000	3	-3.39532718675811
"J04"	2000	4	0.284890287532655
"J04"	2000	5	6.46392244495167
"J04"	2000	6	13.5797018384986
"J04"	2000	7	18.8285350645745
"J04"	2000	8	17.5627388203897
"J04"	2000	9	9.71808963994409
"J04"	2000	10	2.61016074689453
"J04"	2000	11	-2.67980449023095
"J04"	2000	12	-13.2232912262774
"J04"	2001	1	-15.1715097609676
"J04"	2001	2	-13.6557036171328
"J04"	2001	3	-3.60985538871427
"J04"	2001	4	0.751592448673117
"J04"	2001	5	12.0097334507181
"J04"	2001	6	15.6567559350945
"J04"	2001	7	18.0226899203643
"J04"	2001	8	17.7194733432668
"J04"	2001	9	11.4055435354243
"J04"	2001	10	3.89573600782944
"J04"	2001	11	-2.95076129149932
"J04"	2001	12	-8.97890524263349
"J04"	2002	1	-15.9513509425121
"J04"	2002	2	-14.1977832431501
"J04"	2002	3	-8.38966588379857
"J04"	2002	4	0.465137636737322
"J04"	2002	5	6.41732593150525
"J04"	2002	6	14.2238979357341
"J04"	2002	7	18.1922222311066
"J04"	2002	8	17.1105334695119
"J04"	2002	9	11.8721049627227
"J04"	2002	10	1.49388249260955
"J04"	2002	11	-6.5797800396652
"J04"	2002	12	-12.1903031876979
"J04"	2003	1	-16.4348962009503
"J04"	2003	2	-16.3697972286479
"J04"	2003	3	-8.91956865807056
"J04"	2003	4	-0.368777922108327
"J04"	2003	5	9.24779632699972
"J04"	2003	6	16.2060475075114
"J04"	2003	7	17.7788564829666
"J04"	2003	8	16.9804859231355
"J04"	2003	9	13.7034310393901
"J04"	2003	10	3.39411571079427
"J04"	2003	11	-4.3472713237537
"J04"	2003	12	-11.2779898714288
"J04"	2004	1	-17.2334901187213
"J04"	2004	2	-12.3347219251274
"J04"	2004	3	-5.20055877827066
"J04"	2004	4	0.365808673395701
"J04"	2004	5	5.85798146117398
"J04"	2004	6	13.2619242514062
"J04"	2004	7	19.0166998994797
"J04"	2004	8	15.8029904697447
"J04"	2004	9	10.7934550562526
"J04"	2004	10	4.86683188199817
"J04"	2004	11	-5.38504654566368
"J04"	2004	12	-14.3183722523907
"J04"	2005	1	-18.4549674914869
"J04"	2005	2	-10.7310336927604
"J04"	2005	3	-5.51411631820606
"J04"	2005	4	1.08978136201598
"J04"	2005	5	8.58746292050183
"J04"	2005	6	15.7190869117925
"J04"	2005	7	20.1554632214373
"J04"	2005	8	16.7193598878324
"J04"	2005	9	11.2581423531186
"J04"	2005	10	4.33941158650811
"J04"	2005	11	-3.90252197393412
"J04"	2005	12	-14.0695929745624
"J04"	2006	1	-12.6438128114136
"J04"	2006	2	-13.8311226668336
"J04"	2006	3	-3.38892183302238
"J04"	2006	4	1.98667910628372
"J04"	2006	5	10.273310341625
"J04"	2006	6	17.1350269718446
"J04"	2006	7	18.7762978658811
"J04"	2006	8	14.9764787260895
"J04"	2006	9	10.7334345000512
"J04"	2006	10	3.04628128610563
"J04"	2006	11	-1.4921600823776
"J04"	2006	12	-10.6968840481471
"J04"	2007	1	-14.7947902594825
"J04"	2007	2	-13.8637188616364
"J04"	2007	3	-7.82355469875856
"J04"	2007	4	1.21411327217801
"J04"	2007	5	7.51122355224269
"J04"	2007	6	16.2805839660828
"J04"	2007	7	18.3683231083873
"J04"	2007	8	15.4153155684454
"J04"	2007	9	9.32811030800699
"J04"	2007	10	4.96243358652375
"J04"	2007	11	-6.84945102757444
"J04"	2007	12	-15.6894617007479
"J04"	2008	1	-14.3507796565142
"J04"	2008	2	-13.5856393737494
"J04"	2008	3	-8.75689517217752
"J04"	2008	4	1.83913042777135
"J04"	2008	5	8.42528196544746
"J04"	2008	6	14.9547500442536
"J04"	2008	7	18.8315424355219
"J04"	2008	8	17.4548601592533
"J04"	2008	9	10.8540657676386
"J04"	2008	10	3.44920114695669
"J04"	2008	11	-3.75372837588086
"J04"	2008	12	-14.53973133504
"J04"	2009	1	-18.6417633500554
"J04"	2009	2	-10.6224725574263
"J04"	2009	3	-6.73597133746672
"J04"	2009	4	0.986059201130843
"J04"	2009	5	6.87331782163994
"J04"	2009	6	15.5233459699084
"J04"	2009	7	17.9442649538821
"J04"	2009	8	15.9068153928964
"J04"	2009	9	10.8698315803102
"J04"	2009	10	1.07556233272692
"J04"	2009	11	-0.924937657198446
"J04"	2009	12	-11.6756614950339
"J04"	2010	1	-11.5429576534875
"J04"	2010	2	-6.40572825334109
"J04"	2010	3	-2.93879392400041
"J04"	2010	4	2.19790887400361
"J04"	2010	5	8.46085867077487
"J04"	2010	6	14.6732077502182
"J04"	2010	7	18.8909585249245
"J04"	2010	8	17.5576405433234
"J04"	2010	9	9.84056345659923
"J04"	2010	10	2.52282357574557
"J04"	2010	11	-3.77785278899234
"J04"	2010	12	-7.40998126260057
"J04"	2011	1	-13.9491217437922
"J04"	2011	2	-14.1770847933897
"J04"	2011	3	-6.48679077068211
"J04"	2011	4	0.449536834345129
"J04"	2011	5	6.91763187069606
"J04"	2011	6	14.5811537683784
"J04"	2011	7	18.2960968308696
"J04"	2011	8	16.0151046878684
"J04"	2011	9	11.3338149456126
"J04"	2011	10	4.00325928775319
"J04"	2011	11	-2.20499641040051
"J04"	2011	12	-12.0373187101156
"J04"	2012	1	-15.7392593971356
"J04"	2012	2	-12.1243023872415
"J04"	2012	3	-3.75332163766183
"J04"	2012	4	0.947197686755645
"J04"	2012	5	8.91603533495234
"J04"	2012	6	16.6679640644152
"J04"	2012	7	18.3765540783123
"J04"	2012	8	17.6558981776922
"J04"	2012	9	11.5184680340251
"J04"	2012	10	3.86068075395178
"J04"	2012	11	-4.36517131274342
"J04"	2012	12	-11.8741416203259
"J04"	2013	1	-16.1495528558536
"J04"	2013	2	-11.2054824946451
"J04"	2013	3	-2.49268121018675
"J04"	2013	4	0.81534654555849
"J04"	2013	5	8.30267717341677
"J04"	2013	6	13.4515988100781
"J04"	2013	7	18.9382041825024
"J04"	2013	8	15.8402193727774
"J04"	2013	9	9.56559911469058
"J04"	2013	10	3.64506741600764
"J04"	2013	11	-6.47736457458431
"J04"	2013	12	-18.8964978863782
"J04"	2014	1	-16.78105463662
"J04"	2014	2	-14.1264430753307
"J04"	2014	3	-11.1718940052839
"J04"	2014	4	0.546234878938599
"J04"	2014	5	7.10744487234039
"J04"	2014	6	16.6772737866793
"J04"	2014	7	19.1152634528484
"J04"	2014	8	17.4722140140815
"J04"	2014	9	9.75912645235912
"J04"	2014	10	3.81797208772944
"J04"	2014	11	-8.09724750647371
"J04"	2014	12	-12.9408886439899
"J04"	2015	1	-17.6376378458099
"J04"	2015	2	-18.9246872983268
"J04"	2015	3	-8.03537447192851
"J04"	2015	4	0.183044340924281
"J04"	2015	5	8.33682510795078
"J04"	2015	6	14.0284200560109
"J04"	2015	7	16.508910356393
"J04"	2015	8	17.4270539980781
"J04"	2015	9	12.0582043809442
"J04"	2015	10	1.72962539733402
"J04"	2015	11	-4.36950156894526
"J04"	2015	12	-8.79357842270487
"J04"	2016	1	-13.6865049161967
"J04"	2016	2	-13.2196758794721
"J04"	2016	3	-7.89956166855426
"J04"	2016	4	-0.0920240668254004
"J04"	2016	5	8.97696305084459
"J04"	2016	6	14.6017656915104
"J04"	2016	7	17.8389078869568
"J04"	2016	8	17.1046954629453
"J04"	2016	9	10.5576735676136
"J04"	2016	10	3.77789914257556
"J04"	2016	11	-2.16016146635821
"J04"	2016	12	-14.1500781629009
