"J04"	1901	1	-27.9906137286289
"J04"	1901	2	-23.2529716275667
"J04"	1901	3	-21.0004007387823
"J04"	1901	4	-8.05055321893448
"J04"	1901	5	-1.4169577842641
"J04"	1901	6	4.01746466427315
"J04"	1901	7	6.67018214028704
"J04"	1901	8	5.89737976928139
"J04"	1901	9	1.05706999800582
"J04"	1901	10	-4.42327475490366
"J04"	1901	11	-12.6332438186747
"J04"	1901	12	-21.472735315464
"J04"	1902	1	-27.4795999277151
"J04"	1902	2	-23.0808919049569
"J04"	1902	3	-14.7749947142085
"J04"	1902	4	-8.84948352682538
"J04"	1902	5	-3.56458413067912
"J04"	1902	6	2.17094923065568
"J04"	1902	7	6.43533429721749
"J04"	1902	8	5.75900678589177
"J04"	1902	9	3.26544697250584
"J04"	1902	10	-4.78751490786156
"J04"	1902	11	-12.1135477760177
"J04"	1902	12	-24.7418769422607
"J04"	1903	1	-25.9685772455413
"J04"	1903	2	-25.609286311772
"J04"	1903	3	-15.9495409357064
"J04"	1903	4	-10.3486767740558
"J04"	1903	5	-3.11228140616484
"J04"	1903	6	4.22440727709673
"J04"	1903	7	7.10060988363245
"J04"	1903	8	5.62067963862311
"J04"	1903	9	2.07388815161063
"J04"	1903	10	-3.25165378293075
"J04"	1903	11	-12.4938101943341
"J04"	1903	12	-25.5111676854066
"J04"	1904	1	-30.1576046379454
"J04"	1904	2	-30.33893174607
"J04"	1904	3	-20.8244687519503
"J04"	1904	4	-9.94848503838106
"J04"	1904	5	-1.35999579071173
"J04"	1904	6	3.67791079653198
"J04"	1904	7	7.56622733191619
"J04"	1904	8	6.98249156222962
"J04"	1904	9	-0.0176622138181171
"J04"	1904	10	-4.5155172564287
"J04"	1904	11	-13.3739968834482
"J04"	1904	12	-26.0805669391512
"J04"	1905	1	-32.4468535892621
"J04"	1905	2	-27.6706810605915
"J04"	1905	3	-22.7005928689438
"J04"	1905	4	-9.14926120093978
"J04"	1905	5	-2.50759333545552
"J04"	1905	6	3.43150455229055
"J04"	1905	7	7.53245907585332
"J04"	1905	8	5.14457591047861
"J04"	1905	9	2.49072885683361
"J04"	1905	10	-3.97893543459899
"J04"	1905	11	-12.6540358680992
"J04"	1905	12	-21.6497364268881
"J04"	1906	1	-25.2362566712882
"J04"	1906	2	-25.805086680399
"J04"	1906	3	-21.7786613722814
"J04"	1906	4	-10.6513770009568
"J04"	1906	5	-3.35498651124857
"J04"	1906	6	3.18521367307908
"J04"	1906	7	7.09958156379659
"J04"	1906	8	6.10703658673168
"J04"	1906	9	1.49912436457673
"J04"	1906	10	-3.44168286506475
"J04"	1906	11	-11.5337536301313
"J04"	1906	12	-26.2180679395468
"J04"	1907	1	-28.6253845708137
"J04"	1907	2	-27.0425571178482
"J04"	1907	3	-21.3591260843975
"J04"	1907	4	-10.7552650252932
"J04"	1907	5	-3.6020603401568
"J04"	1907	6	3.83907929773476
"J04"	1907	7	7.96787730973107
"J04"	1907	8	6.57004880802067
"J04"	1907	9	1.9075780236275
"J04"	1907	10	-4.30350699223182
"J04"	1907	11	-11.7129376415038
"J04"	1907	12	-19.9849355888439
"J04"	1908	1	-28.5139103663423
"J04"	1908	2	-26.983535218322
"J04"	1908	3	-21.842187283292
"J04"	1908	4	-13.4613122173308
"J04"	1908	5	-1.74857650476243
"J04"	1908	6	3.99317015416061
"J04"	1908	7	8.93765287151301
"J04"	1908	8	6.4338094997915
"J04"	1908	9	3.71615529802431
"J04"	1908	10	-1.8641647111058
"J04"	1908	11	-11.5914370184503
"J04"	1908	12	-25.8495432926684
"J04"	1909	1	-27.3014845710795
"J04"	1909	2	-27.9284375247761
"J04"	1909	3	-18.327836133832
"J04"	1909	4	-10.8697672037601
"J04"	1909	5	-2.29417370483644
"J04"	1909	6	3.24753198552655
"J04"	1909	7	8.20915847673749
"J04"	1909	8	6.89848361528128
"J04"	1909	9	3.02488428044783
"J04"	1909	10	-1.32341293300948
"J04"	1909	11	-10.8691730450022
"J04"	1909	12	-18.3112153906508
"J04"	1910	1	-23.0877004423686
"J04"	1910	2	-27.9776152683077
"J04"	1910	3	-18.9158948066942
"J04"	1910	4	-7.38057320531186
"J04"	1910	5	-1.33850036746825
"J04"	1910	6	4.0021770358841
"J04"	1910	7	7.88250747177535
"J04"	1910	8	7.06419646447147
"J04"	1910	9	1.5336163633365
"J04"	1910	10	-3.38119771746304
"J04"	1910	11	-8.64615979890822
"J04"	1910	12	-24.0692024880228
"J04"	1911	1	-31.0722778756228
"J04"	1911	2	-29.3312788106808
"J04"	1911	3	-22.3062767627227
"J04"	1911	4	-10.2935915029322
"J04"	1911	5	-0.581227209396291
"J04"	1911	6	4.85712561571624
"J04"	1911	7	9.35772183652448
"J04"	1911	8	7.63099586945968
"J04"	1911	9	1.14207529968282
"J04"	1911	10	-3.83770527294218
"J04"	1911	11	-14.2226090481754
"J04"	1911	12	-18.9230528671358
"J04"	1912	1	-29.655265497788
"J04"	1912	2	-22.7894476314442
"J04"	1912	3	-22.4989420917602
"J04"	1912	4	-13.4088747304208
"J04"	1912	5	-2.42212809795087
"J04"	1912	6	2.71234340956495
"J04"	1912	7	6.93474340617683
"J04"	1912	8	5.39881820507229
"J04"	1912	9	1.64999846390475
"J04"	1912	10	-2.99319866850445
"J04"	1912	11	-12.69901118213
"J04"	1912	12	-24.5724050929003
"J04"	1913	1	-26.6365133853422
"J04"	1913	2	-31.4519719342919
"J04"	1913	3	-19.2936100506155
"J04"	1913	4	-9.42644082600188
"J04"	1913	5	-2.36112302058359
"J04"	1913	6	1.66770079557312
"J04"	1913	7	7.11337071109365
"J04"	1913	8	5.86748437557304
"J04"	1913	9	1.75718795170442
"J04"	1913	10	-0.447956916871774
"J04"	1913	11	-9.27576322929343
"J04"	1913	12	-19.3171719527705
"J04"	1914	1	-28.1156871389887
"J04"	1914	2	-30.0188563646137
"J04"	1914	3	-15.489739907724
"J04"	1914	4	-12.7460447079119
"J04"	1914	5	-1.59814689678457
"J04"	1914	6	2.42314859917199
"J04"	1914	7	6.79342008404033
"J04"	1914	8	5.53685801912793
"J04"	1914	9	2.66347555807677
"J04"	1914	10	-4.30238454481997
"J04"	1914	11	-14.3532478507334
"J04"	1914	12	-23.5572960115544
"J04"	1915	1	-24.5925086573843
"J04"	1915	2	-21.7897253589354
"J04"	1915	3	-17.4868603007269
"J04"	1915	4	-8.26736857983335
"J04"	1915	5	-2.133132864119
"J04"	1915	6	3.27882969070674
"J04"	1915	7	6.57476631584472
"J04"	1915	8	6.1068593001955
"J04"	1915	9	2.36868583865156
"J04"	1915	10	-3.4571553225931
"J04"	1915	11	-10.4320365583441
"J04"	1915	12	-17.192972719409
"J04"	1916	1	-25.6667686687479
"J04"	1916	2	-25.8639293542612
"J04"	1916	3	-25.0848984168546
"J04"	1916	4	-8.58992537754715
"J04"	1916	5	-1.16606394760047
"J04"	1916	6	5.13502220697581
"J04"	1916	7	9.05736910875495
"J04"	1916	8	6.67747059849681
"J04"	1916	9	2.2725672108078
"J04"	1916	10	-4.51297120170709
"J04"	1916	11	-13.7126298474932
"J04"	1916	12	-21.7245433632795
"J04"	1917	1	-29.4385580128781
"J04"	1917	2	-27.9411515992193
"J04"	1917	3	-19.0839438330516
"J04"	1917	4	-7.61334483380651
"J04"	1917	5	-2.29696484408048
"J04"	1917	6	4.89201860434182
"J04"	1917	7	9.04124726028682
"J04"	1917	8	7.94868600080544
"J04"	1917	9	0.574799349345578
"J04"	1917	10	-3.77053166262647
"J04"	1917	11	-14.295604047561
"J04"	1917	12	-27.3528294966749
"J04"	1918	1	-24.6081765325828
"J04"	1918	2	-29.621204819489
"J04"	1918	3	-23.2837196143999
"J04"	1918	4	-10.9374569581041
"J04"	1918	5	-2.52594606477029
"J04"	1918	6	2.54996456401369
"J04"	1918	7	8.12628433341149
"J04"	1918	8	6.02042865031216
"J04"	1918	9	1.57504082938648
"J04"	1918	10	-4.43048088948732
"J04"	1918	11	-10.88141521831
"J04"	1918	12	-22.37878438664
"J04"	1919	1	-27.0759059655065
"J04"	1919	2	-19.1037493498876
"J04"	1919	3	-17.4838269593029
"J04"	1919	4	-8.9622972409073
"J04"	1919	5	-2.05312806207218
"J04"	1919	6	5.10888821228228
"J04"	1919	7	7.01219852884106
"J04"	1919	8	6.89247604197088
"J04"	1919	9	2.07304711859912
"J04"	1919	10	-6.19343290390441
"J04"	1919	11	-11.6703550892906
"J04"	1919	12	-27.503050650885
"J04"	1920	1	-30.6422721470537
"J04"	1920	2	-24.3883276087711
"J04"	1920	3	-20.2836450193461
"J04"	1920	4	-8.5878993144693
"J04"	1920	5	-2.57860968171076
"J04"	1920	6	3.36884146982902
"J04"	1920	7	6.99863869228181
"J04"	1920	8	6.16457165743926
"J04"	1920	9	2.46861443260574
"J04"	1920	10	-1.85989820131895
"J04"	1920	11	-15.3627972851532
"J04"	1920	12	-19.8261435237007
"J04"	1921	1	-24.6078725020762
"J04"	1921	2	-27.7750677120501
"J04"	1921	3	-17.8826555957467
"J04"	1921	4	-10.9143941843089
"J04"	1921	5	-1.40249094782145
"J04"	1921	6	3.42977671512515
"J04"	1921	7	8.68529224340798
"J04"	1921	8	4.23640828872875
"J04"	1921	9	1.56151183256028
"J04"	1921	10	-4.73021604121746
"J04"	1921	11	-14.7591284976619
"J04"	1921	12	-23.5482935961663
"J04"	1922	1	-28.4731616087259
"J04"	1922	2	-28.8644027186365
"J04"	1922	3	-19.1803830425616
"J04"	1922	4	-8.44203320365293
"J04"	1922	5	-1.42486398366823
"J04"	1922	6	4.29163377771198
"J04"	1922	7	6.17187478699549
"J04"	1922	8	5.40770756356469
"J04"	1922	9	0.551457711220191
"J04"	1922	10	-6.30480901089596
"J04"	1922	11	-12.3594487415389
"J04"	1922	12	-27.869884980851
"J04"	1923	1	-30.5387860360018
"J04"	1923	2	-31.4566713559841
"J04"	1923	3	-25.6765046318143
"J04"	1923	4	-12.9710586111523
"J04"	1923	5	-2.94589632286487
"J04"	1923	6	1.45435265446852
"J04"	1923	7	5.75804553865717
"J04"	1923	8	4.47836564327789
"J04"	1923	9	0.538204833417889
"J04"	1923	10	-4.18400820363701
"J04"	1923	11	-10.9635938409827
"J04"	1923	12	-16.9912241499672
"J04"	1924	1	-29.4053540017293
"J04"	1924	2	-29.2519108484488
"J04"	1924	3	-14.9706644331746
"J04"	1924	4	-9.80176433987284
"J04"	1924	5	-2.66582220257216
"J04"	1924	6	3.31786005909437
"J04"	1924	7	6.34358331950065
"J04"	1924	8	5.34841659034195
"J04"	1924	9	1.12163976090129
"J04"	1924	10	-5.56791195773509
"J04"	1924	11	-10.971367893473
"J04"	1924	12	-25.8123369024934
"J04"	1925	1	-32.6732150124937
"J04"	1925	2	-22.7496714462203
"J04"	1925	3	-17.4621410733797
"J04"	1925	4	-10.3342459917235
"J04"	1925	5	-2.58482578428234
"J04"	1925	6	4.68224226830011
"J04"	1925	7	7.92845837420908
"J04"	1925	8	7.31806596082393
"J04"	1925	9	0.601792465581342
"J04"	1925	10	-6.75649658829674
"J04"	1925	11	-11.7827031193713
"J04"	1925	12	-23.0335771095434
"J04"	1926	1	-28.4424438340881
"J04"	1926	2	-26.749271553174
"J04"	1926	3	-23.5505259070824
"J04"	1926	4	-12.5685534784789
"J04"	1926	5	-3.7030347452754
"J04"	1926	6	3.14762524188786
"J04"	1926	7	5.91276195596652
"J04"	1926	8	5.4876001996895
"J04"	1926	9	0.878800239278694
"J04"	1926	10	-3.2495241212278
"J04"	1926	11	-12.7976709541979
"J04"	1926	12	-24.555193243375
"J04"	1927	1	-25.8126860151359
"J04"	1927	2	-25.9502830509097
"J04"	1927	3	-18.6356158177402
"J04"	1927	4	-10.1046670715775
"J04"	1927	5	-2.62050997351725
"J04"	1927	6	2.31405864543827
"J04"	1927	7	8.69660792842901
"J04"	1927	8	5.6572479795328
"J04"	1927	9	2.0529321250918
"J04"	1927	10	-1.94648955464144
"J04"	1927	11	-11.0163965033657
"J04"	1927	12	-21.0773438568197
"J04"	1928	1	-28.4834842872924
"J04"	1928	2	-27.7523569811534
"J04"	1928	3	-18.9169736720749
"J04"	1928	4	-10.6423569842302
"J04"	1928	5	-0.837179239001562
"J04"	1928	6	3.18162824459874
"J04"	1928	7	7.38020680593426
"J04"	1928	8	7.32728407484579
"J04"	1928	9	0.124553595269284
"J04"	1928	10	-4.44690431405046
"J04"	1928	11	-14.0389966106105
"J04"	1928	12	-19.4001009934954
"J04"	1929	1	-27.1545206649615
"J04"	1929	2	-25.7551713192603
"J04"	1929	3	-19.894194689751
"J04"	1929	4	-12.1813253471163
"J04"	1929	5	-3.05293731305895
"J04"	1929	6	3.35053610349411
"J04"	1929	7	6.6637093520812
"J04"	1929	8	5.39801897649805
"J04"	1929	9	1.29406551707303
"J04"	1929	10	-3.75042089381189
"J04"	1929	11	-13.5656417414118
"J04"	1929	12	-26.623732133448
"J04"	1930	1	-29.525481666579
"J04"	1930	2	-26.8583425419758
"J04"	1930	3	-18.0669628095106
"J04"	1930	4	-10.6211816388154
"J04"	1930	5	-2.46776622827039
"J04"	1930	6	5.92104435163717
"J04"	1930	7	7.34727068243685
"J04"	1930	8	6.46970026951703
"J04"	1930	9	2.56201178119363
"J04"	1930	10	-3.25667247005789
"J04"	1930	11	-10.5963588444412
"J04"	1930	12	-22.0487595844204
"J04"	1931	1	-27.2960638083086
"J04"	1931	2	-24.3615275160756
"J04"	1931	3	-12.5350033273169
"J04"	1931	4	-7.86133979657792
"J04"	1931	5	-0.68160510846628
"J04"	1931	6	4.59339273277334
"J04"	1931	7	9.53112039164625
"J04"	1931	8	6.64261235398476
"J04"	1931	9	2.52899877660604
"J04"	1931	10	-2.26528851956645
"J04"	1931	11	-8.53106823276822
"J04"	1931	12	-21.0755066616087
"J04"	1932	1	-24.6658548398807
"J04"	1932	2	-28.4644251281792
"J04"	1932	3	-19.1983206800431
"J04"	1932	4	-9.30116776627873
"J04"	1932	5	-2.39438847268827
"J04"	1932	6	2.66761574661675
"J04"	1932	7	7.11547834073036
"J04"	1932	8	6.81702572873951
"J04"	1932	9	2.89557095781304
"J04"	1932	10	-2.77596823455705
"J04"	1932	11	-14.4698725195602
"J04"	1932	12	-23.2043391962662
"J04"	1933	1	-24.1345176777673
"J04"	1933	2	-23.06687211426
"J04"	1933	3	-21.7575450244035
"J04"	1933	4	-8.94021117616313
"J04"	1933	5	-3.00616683468273
"J04"	1933	6	3.34363616707811
"J04"	1933	7	6.60041428944464
"J04"	1933	8	5.99315815315484
"J04"	1933	9	1.56218073088122
"J04"	1933	10	-3.9885596646479
"J04"	1933	11	-19.0131626785479
"J04"	1933	12	-30.5357925914438
"J04"	1934	1	-30.6020566083666
"J04"	1934	2	-30.9686723487904
"J04"	1934	3	-22.1134576075436
"J04"	1934	4	-8.67814045307059
"J04"	1934	5	-2.41699292367598
"J04"	1934	6	2.82143249646413
"J04"	1934	7	6.78600811581827
"J04"	1934	8	5.17117371117056
"J04"	1934	9	4.1291864514342
"J04"	1934	10	-4.60301434093606
"J04"	1934	11	-11.1610922511518
"J04"	1934	12	-25.7702737115269
"J04"	1935	1	-31.6687829747286
"J04"	1935	2	-29.0697889673902
"J04"	1935	3	-21.6666449021443
"J04"	1935	4	-9.61475615526307
"J04"	1935	5	-2.62685011630559
"J04"	1935	6	5.30103383243976
"J04"	1935	7	8.17243580680956
"J04"	1935	8	7.25126184174779
"J04"	1935	9	0.796900527558721
"J04"	1935	10	-4.01926750893235
"J04"	1935	11	-12.4132514490996
"J04"	1935	12	-20.9075259515374
"J04"	1936	1	-25.6347859297032
"J04"	1936	2	-27.0698571056985
"J04"	1936	3	-15.2174277330627
"J04"	1936	4	-8.54999844523267
"J04"	1936	5	-2.93568320385957
"J04"	1936	6	4.08249848599315
"J04"	1936	7	6.55993711410479
"J04"	1936	8	5.03367806061661
"J04"	1936	9	1.36547713185993
"J04"	1936	10	-4.7371762625086
"J04"	1936	11	-15.3691805129245
"J04"	1936	12	-24.6469618183701
"J04"	1937	1	-27.9998382247825
"J04"	1937	2	-22.8682178455382
"J04"	1937	3	-19.8660192274577
"J04"	1937	4	-8.68389859292272
"J04"	1937	5	-0.743387186465861
"J04"	1937	6	4.46575007631012
"J04"	1937	7	8.84873300081134
"J04"	1937	8	8.41863811741344
"J04"	1937	9	2.13511651121068
"J04"	1937	10	-3.25653963950791
"J04"	1937	11	-10.9283674572172
"J04"	1937	12	-23.2880733531867
"J04"	1938	1	-28.5638111849755
"J04"	1938	2	-27.1642008265024
"J04"	1938	3	-20.7129576455976
"J04"	1938	4	-9.61664288319586
"J04"	1938	5	-1.74982224736188
"J04"	1938	6	5.15061784306792
"J04"	1938	7	8.53908125625074
"J04"	1938	8	6.70638624791344
"J04"	1938	9	1.60607076595819
"J04"	1938	10	-3.17708244198597
"J04"	1938	11	-12.7900749979017
"J04"	1938	12	-20.5302570334486
"J04"	1939	1	-27.6265947334508
"J04"	1939	2	-30.0574150803081
"J04"	1939	3	-25.9588459802025
"J04"	1939	4	-10.9485645267285
"J04"	1939	5	-3.35496315187667
"J04"	1939	6	2.03681661666858
"J04"	1939	7	8.73113152413517
"J04"	1939	8	7.99700256052166
"J04"	1939	9	1.67858135401808
"J04"	1939	10	-4.49856114542887
"J04"	1939	11	-12.7536000214616
"J04"	1939	12	-19.6729030432084
"J04"	1940	1	-25.9880235585105
"J04"	1940	2	-26.4474308377013
"J04"	1940	3	-18.6040857403795
"J04"	1940	4	-10.3800395004681
"J04"	1940	5	-1.35883032780205
"J04"	1940	6	3.02394663942649
"J04"	1940	7	8.02490040434338
"J04"	1940	8	6.09044659839487
"J04"	1940	9	2.75290462634279
"J04"	1940	10	-5.12077345900692
"J04"	1940	11	-11.1182140663494
"J04"	1940	12	-25.5156607931664
"J04"	1941	1	-28.6479737903738
"J04"	1941	2	-22.4335338239722
"J04"	1941	3	-20.4485868142536
"J04"	1941	4	-10.6113724646536
"J04"	1941	5	-2.36138101444249
"J04"	1941	6	2.61170969359877
"J04"	1941	7	7.32027641721166
"J04"	1941	8	4.78652639988599
"J04"	1941	9	1.12929508458899
"J04"	1941	10	-4.74344150142977
"J04"	1941	11	-12.1831617110929
"J04"	1941	12	-21.2584458249799
"J04"	1942	1	-30.7064598400461
"J04"	1942	2	-24.41503714076
"J04"	1942	3	-16.7922150025659
"J04"	1942	4	-9.74281101030541
"J04"	1942	5	-0.262617030718055
"J04"	1942	6	3.79990063357199
"J04"	1942	7	6.81708689707537
"J04"	1942	8	6.48505161774731
"J04"	1942	9	1.40795033909504
"J04"	1942	10	-2.96614299334056
"J04"	1942	11	-12.3477710728881
"J04"	1942	12	-27.2010738966386
"J04"	1943	1	-28.2634127292196
"J04"	1943	2	-24.291635708192
"J04"	1943	3	-22.8348648375244
"J04"	1943	4	-12.6745559163336
"J04"	1943	5	-4.16258647268923
"J04"	1943	6	2.48839683575418
"J04"	1943	7	7.41517872387955
"J04"	1943	8	6.48594222668651
"J04"	1943	9	1.98911415925668
"J04"	1943	10	-2.28836466021823
"J04"	1943	11	-12.6113979073373
"J04"	1943	12	-25.2433660775176
"J04"	1944	1	-23.6185107097761
"J04"	1944	2	-28.8633303275983
"J04"	1944	3	-21.4765946394101
"J04"	1944	4	-11.506767386283
"J04"	1944	5	-1.86145371452004
"J04"	1944	6	3.67709748780761
"J04"	1944	7	7.51446080015455
"J04"	1944	8	7.4891184657181
"J04"	1944	9	4.37307502691626
"J04"	1944	10	-4.20966586968815
"J04"	1944	11	-9.9733857827305
"J04"	1944	12	-22.5847968813544
"J04"	1945	1	-27.7714269675356
"J04"	1945	2	-25.4303062289875
"J04"	1945	3	-17.717242573351
"J04"	1945	4	-8.73937081885413
"J04"	1945	5	-1.85927492704009
"J04"	1945	6	3.56598109454889
"J04"	1945	7	7.61486419627625
"J04"	1945	8	6.59444661650633
"J04"	1945	9	2.06006617638472
"J04"	1945	10	-4.42973008417051
"J04"	1945	11	-12.2330945189938
"J04"	1945	12	-22.6245853972974
"J04"	1946	1	-28.5221677427629
"J04"	1946	2	-29.4926378302954
"J04"	1946	3	-18.7564897804849
"J04"	1946	4	-10.3721471378999
"J04"	1946	5	-2.55610444084546
"J04"	1946	6	2.45503869095193
"J04"	1946	7	5.5163201908623
"J04"	1946	8	6.20167649071641
"J04"	1946	9	3.1501091787488
"J04"	1946	10	-2.84822000014301
"J04"	1946	11	-13.5900611073395
"J04"	1946	12	-25.3619468738159
"J04"	1947	1	-29.0708174329911
"J04"	1947	2	-20.550390918105
"J04"	1947	3	-17.89416816721
"J04"	1947	4	-16.0049453405991
"J04"	1947	5	-4.45202707605771
"J04"	1947	6	2.5442811920699
"J04"	1947	7	9.51879229246907
"J04"	1947	8	6.2105009233342
"J04"	1947	9	0.143129751069673
"J04"	1947	10	-1.5647530946954
"J04"	1947	11	-10.8438442207412
"J04"	1947	12	-21.9960879495378
"J04"	1948	1	-29.1173841709958
"J04"	1948	2	-32.3035449998783
"J04"	1948	3	-26.0302697188725
"J04"	1948	4	-12.4374941630857
"J04"	1948	5	-1.447064319709
"J04"	1948	6	3.53382889801519
"J04"	1948	7	8.12236225021164
"J04"	1948	8	7.32060501692029
"J04"	1948	9	3.33897699399904
"J04"	1948	10	-2.67904973227991
"J04"	1948	11	-8.19392517419565
"J04"	1948	12	-19.926053857785
"J04"	1949	1	-27.6617398579595
"J04"	1949	2	-29.9523932323854
"J04"	1949	3	-20.7648317321884
"J04"	1949	4	-8.26898926403794
"J04"	1949	5	-2.34106858764439
"J04"	1949	6	5.52390677231881
"J04"	1949	7	8.22697921709142
"J04"	1949	8	6.63165105659825
"J04"	1949	9	2.8375785653866
"J04"	1949	10	-3.09104542728855
"J04"	1949	11	-14.639954009308
"J04"	1949	12	-21.4509848992225
"J04"	1950	1	-30.8036346090299
"J04"	1950	2	-30.0968265007291
"J04"	1950	3	-21.8974073458805
"J04"	1950	4	-9.6983498857927
"J04"	1950	5	-1.83390822007074
"J04"	1950	6	3.61472343197584
"J04"	1950	7	7.33248938622813
"J04"	1950	8	5.04320314255208
"J04"	1950	9	0.238754781051439
"J04"	1950	10	-4.50081897549034
"J04"	1950	11	-10.6818877884053
"J04"	1950	12	-19.570319298546
"J04"	1951	1	-26.7427495489539
"J04"	1951	2	-24.9362834514923
"J04"	1951	3	-17.7273019095062
"J04"	1951	4	-4.2245959058364
"J04"	1951	5	-0.925466200929241
"J04"	1951	6	4.00633003104187
"J04"	1951	7	7.03867352045182
"J04"	1951	8	5.15479201235132
"J04"	1951	9	1.94224684678315
"J04"	1951	10	-3.90850883349269
"J04"	1951	11	-14.3196062469878
"J04"	1951	12	-24.1837501315425
"J04"	1952	1	-29.8785554877525
"J04"	1952	2	-23.6698894702687
"J04"	1952	3	-15.0536712992978
"J04"	1952	4	-9.34692650197627
"J04"	1952	5	-0.115681107372
"J04"	1952	6	4.49872558768027
"J04"	1952	7	9.34532245752854
"J04"	1952	8	7.36605396226087
"J04"	1952	9	1.84790111785869
"J04"	1952	10	-5.11420370831238
"J04"	1952	11	-12.6530270113787
"J04"	1952	12	-18.9912530706529
"J04"	1953	1	-27.4105126662364
"J04"	1953	2	-23.8968929006025
"J04"	1953	3	-17.8758871315759
"J04"	1953	4	-4.96502767889621
"J04"	1953	5	-2.00464633700993
"J04"	1953	6	3.69185398495258
"J04"	1953	7	7.25223236205637
"J04"	1953	8	4.97670941785549
"J04"	1953	9	2.35558650579266
"J04"	1953	10	-4.71793762222593
"J04"	1953	11	-9.58192669015541
"J04"	1953	12	-21.4928582841726
"J04"	1954	1	-32.6379502113577
"J04"	1954	2	-22.4168654564562
"J04"	1954	3	-19.1937781290488
"J04"	1954	4	-13.4788591373105
"J04"	1954	5	-0.792655377420671
"J04"	1954	6	4.48557281760812
"J04"	1954	7	6.6590676374297
"J04"	1954	8	5.98643130565577
"J04"	1954	9	2.26515772355775
"J04"	1954	10	-3.21961306375873
"J04"	1954	11	-12.2060631305309
"J04"	1954	12	-21.6889241227246
"J04"	1955	1	-23.1600963796781
"J04"	1955	2	-25.9297390694525
"J04"	1955	3	-20.6074310310202
"J04"	1955	4	-9.38873227003549
"J04"	1955	5	-1.08009088637771
"J04"	1955	6	5.07969230304119
"J04"	1955	7	7.46549438982406
"J04"	1955	8	6.99497205360338
"J04"	1955	9	1.27641828683126
"J04"	1955	10	-2.71903862234295
"J04"	1955	11	-10.0254024425109
"J04"	1955	12	-23.5800367039394
"J04"	1956	1	-18.875898894679
"J04"	1956	2	-25.935849587321
"J04"	1956	3	-23.91700003573
"J04"	1956	4	-9.09479739540684
"J04"	1956	5	-5.86747823804166
"J04"	1956	6	2.57391591139791
"J04"	1956	7	5.97125377206316
"J04"	1956	8	4.70211031503659
"J04"	1956	9	0.389137405634192
"J04"	1956	10	-2.71606708750311
"J04"	1956	11	-13.9400138775706
"J04"	1956	12	-27.1669061501215
"J04"	1957	1	-35.3847659006181
"J04"	1957	2	-25.1356846812667
"J04"	1957	3	-15.7225007165923
"J04"	1957	4	-10.2972069197017
"J04"	1957	5	-4.15539081691868
"J04"	1957	6	2.86782704858539
"J04"	1957	7	7.07613916861636
"J04"	1957	8	4.70759582987983
"J04"	1957	9	2.10314884988031
"J04"	1957	10	-2.7106656714561
"J04"	1957	11	-10.6501136005023
"J04"	1957	12	-20.7501391523778
"J04"	1958	1	-22.2867685128104
"J04"	1958	2	-22.7298289852039
"J04"	1958	3	-12.1236805958085
"J04"	1958	4	-8.49619678108346
"J04"	1958	5	-2.54409475739452
"J04"	1958	6	1.16107215075698
"J04"	1958	7	7.28007768350735
"J04"	1958	8	5.41131292398554
"J04"	1958	9	1.31840754788715
"J04"	1958	10	-4.90292638862915
"J04"	1958	11	-13.6558604934423
"J04"	1958	12	-28.3300421116208
"J04"	1959	1	-25.0816656591261
"J04"	1959	2	-32.7190763447786
"J04"	1959	3	-23.4206819118706
"J04"	1959	4	-9.89203203895553
"J04"	1959	5	-1.13362254688109
"J04"	1959	6	3.55342155269235
"J04"	1959	7	9.38306742090616
"J04"	1959	8	6.91331192060621
"J04"	1959	9	3.53488568289002
"J04"	1959	10	-3.89302260873696
"J04"	1959	11	-14.2574812091355
"J04"	1959	12	-22.2069117682755
"J04"	1960	1	-25.1695672679374
"J04"	1960	2	-19.1044385228602
"J04"	1960	3	-21.0142679609413
"J04"	1960	4	-11.1850991880155
"J04"	1960	5	0.57603520770677
"J04"	1960	6	5.04485248111188
"J04"	1960	7	6.68509683945079
"J04"	1960	8	6.21372250739114
"J04"	1960	9	2.25255682850368
"J04"	1960	10	-3.18105364846631
"J04"	1960	11	-11.3550830752009
"J04"	1960	12	-23.0806788431155
"J04"	1961	1	-30.7509709570093
"J04"	1961	2	-28.2866654398875
"J04"	1961	3	-20.7050377558067
"J04"	1961	4	-5.97580443195369
"J04"	1961	5	-2.11524986247883
"J04"	1961	6	2.83536157079647
"J04"	1961	7	7.18602613912347
"J04"	1961	8	6.91263323527465
"J04"	1961	9	3.37125967939191
"J04"	1961	10	-2.66709606804415
"J04"	1961	11	-9.04860378952758
"J04"	1961	12	-16.9512295042723
"J04"	1962	1	-31.2265870998848
"J04"	1962	2	-32.6669524334405
"J04"	1962	3	-13.993398724973
"J04"	1962	4	-12.2645464488153
"J04"	1962	5	-2.50785528367651
"J04"	1962	6	3.12484162843445
"J04"	1962	7	6.28575137275829
"J04"	1962	8	6.8101034931365
"J04"	1962	9	2.09073401113887
"J04"	1962	10	-3.45129129405153
"J04"	1962	11	-13.2380782820773
"J04"	1962	12	-22.1185808942075
"J04"	1963	1	-27.5968800585554
"J04"	1963	2	-30.3463891843023
"J04"	1963	3	-23.1797742576082
"J04"	1963	4	-8.35198206863749
"J04"	1963	5	-3.70221837130468
"J04"	1963	6	3.11322307726564
"J04"	1963	7	8.98423640520006
"J04"	1963	8	5.40612355156645
"J04"	1963	9	-0.18941764113989
"J04"	1963	10	-2.73388537683835
"J04"	1963	11	-9.42379783322552
"J04"	1963	12	-26.6832514581475
"J04"	1964	1	-27.6619909344329
"J04"	1964	2	-24.5254710112899
"J04"	1964	3	-23.7649638647927
"J04"	1964	4	-10.3387049215341
"J04"	1964	5	-1.59872687384739
"J04"	1964	6	2.50049526660371
"J04"	1964	7	7.08152096427927
"J04"	1964	8	5.80063691460271
"J04"	1964	9	1.73039595854719
"J04"	1964	10	-5.31519080020514
"J04"	1964	11	-13.9060968733923
"J04"	1964	12	-23.5458780296762
"J04"	1965	1	-29.6220177317029
"J04"	1965	2	-28.0043137902307
"J04"	1965	3	-18.4495294812493
"J04"	1965	4	-10.4253932508086
"J04"	1965	5	-2.49765750960676
"J04"	1965	6	3.78671388218061
"J04"	1965	7	5.17756047804697
"J04"	1965	8	4.99364702748781
"J04"	1965	9	1.14992473830329
"J04"	1965	10	-5.39557654253109
"J04"	1965	11	-16.1854849733057
"J04"	1965	12	-23.2068091847235
"J04"	1966	1	-20.9770436026844
"J04"	1966	2	-23.683097413649
"J04"	1966	3	-15.1336709641275
"J04"	1966	4	-7.91272731536327
"J04"	1966	5	-3.89930265206031
"J04"	1966	6	3.37202452297448
"J04"	1966	7	6.67236269475453
"J04"	1966	8	6.78522996222397
"J04"	1966	9	1.56898073841756
"J04"	1966	10	-3.17527389596213
"J04"	1966	11	-10.0623182526513
"J04"	1966	12	-20.5662720774942
"J04"	1967	1	-27.8271516747754
"J04"	1967	2	-31.0619901637117
"J04"	1967	3	-25.6177069732733
"J04"	1967	4	-13.7013929812025
"J04"	1967	5	-3.20391232784426
"J04"	1967	6	3.65658017493284
"J04"	1967	7	8.96614850313484
"J04"	1967	8	7.37555529965844
"J04"	1967	9	2.58743777094012
"J04"	1967	10	-2.85436278613334
"J04"	1967	11	-11.2366495247341
"J04"	1967	12	-21.5245154310957
"J04"	1968	1	-30.572941554287
"J04"	1968	2	-26.44127753132
"J04"	1968	3	-21.6022372161139
"J04"	1968	4	-8.19216540724792
"J04"	1968	5	-2.91157776438731
"J04"	1968	6	2.44054297442104
"J04"	1968	7	6.65922427772596
"J04"	1968	8	3.66474683716867
"J04"	1968	9	5.30518904453356
"J04"	1968	10	-0.232954599300384
"J04"	1968	11	-13.408649980514
"J04"	1968	12	-19.1820088247579
"J04"	1969	1	-19.8150983765104
"J04"	1969	2	-21.4209498582019
"J04"	1969	3	-17.2874488626608
"J04"	1969	4	-15.6856057389512
"J04"	1969	5	-3.52226490686451
"J04"	1969	6	2.92409407948843
"J04"	1969	7	6.7518142586737
"J04"	1969	8	6.65287372812793
"J04"	1969	9	0.0220026415669838
"J04"	1969	10	-5.41131495295461
"J04"	1969	11	-8.07859423333005
"J04"	1969	12	-18.7394657447147
"J04"	1970	1	-28.7542509928477
"J04"	1970	2	-28.4010255162799
"J04"	1970	3	-18.5733148237131
"J04"	1970	4	-11.582236581007
"J04"	1970	5	-3.63583955297411
"J04"	1970	6	3.20751576691905
"J04"	1970	7	8.14419767246402
"J04"	1970	8	8.14017626214287
"J04"	1970	9	1.33738910840295
"J04"	1970	10	-1.88997650161476
"J04"	1970	11	-11.7467694783767
"J04"	1970	12	-26.5980210516357
"J04"	1971	1	-27.2916002479231
"J04"	1971	2	-26.8819061090129
"J04"	1971	3	-18.1599943859079
"J04"	1971	4	-7.9821338981347
"J04"	1971	5	-0.652021975768854
"J04"	1971	6	2.89117135736558
"J04"	1971	7	7.43671963895115
"J04"	1971	8	5.92687086648426
"J04"	1971	9	3.05094418317128
"J04"	1971	10	-1.86944689610759
"J04"	1971	11	-13.7137857595936
"J04"	1971	12	-26.1591559019527
"J04"	1972	1	-30.928447244741
"J04"	1972	2	-31.0639479344926
"J04"	1972	3	-23.6478248867509
"J04"	1972	4	-11.3851779564673
"J04"	1972	5	-4.57042538284023
"J04"	1972	6	3.47547914151664
"J04"	1972	7	7.42969186529924
"J04"	1972	8	5.11301533618981
"J04"	1972	9	1.36231488469305
"J04"	1972	10	-6.95038771808636
"J04"	1972	11	-15.4803492898998
"J04"	1972	12	-29.8240853772334
"J04"	1973	1	-27.3660585474293
"J04"	1973	2	-28.5473600538641
"J04"	1973	3	-17.4372190860448
"J04"	1973	4	-8.29135598789459
"J04"	1973	5	-0.49071432215916
"J04"	1973	6	5.66092035016676
"J04"	1973	7	10.1234215992563
"J04"	1973	8	8.39867278144554
"J04"	1973	9	1.27106961412276
"J04"	1973	10	-3.43358486679154
"J04"	1973	11	-12.5469958228351
"J04"	1973	12	-18.6935627034825
"J04"	1974	1	-33.8054753246228
"J04"	1974	2	-28.1319498961025
"J04"	1974	3	-24.5283579585968
"J04"	1974	4	-12.4006235274117
"J04"	1974	5	-3.21243210997469
"J04"	1974	6	4.84795484670358
"J04"	1974	7	7.81817238210392
"J04"	1974	8	6.08395538290179
"J04"	1974	9	0.376801019881187
"J04"	1974	10	-7.31961210829014
"J04"	1974	11	-11.6139683918067
"J04"	1974	12	-19.4678173115953
"J04"	1975	1	-30.547596994816
"J04"	1975	2	-27.7172495234211
"J04"	1975	3	-20.321436490863
"J04"	1975	4	-11.2130018818472
"J04"	1975	5	-1.93519482164873
"J04"	1975	6	5.43685049873609
"J04"	1975	7	10.0139944317597
"J04"	1975	8	6.76882367973649
"J04"	1975	9	3.17918508205111
"J04"	1975	10	-3.10893329975272
"J04"	1975	11	-12.0814357765515
"J04"	1975	12	-26.4473582198366
"J04"	1976	1	-29.2928016636839
"J04"	1976	2	-27.8026076874343
"J04"	1976	3	-24.0163039683118
"J04"	1976	4	-9.7283344944037
"J04"	1976	5	-1.65858045530548
"J04"	1976	6	4.92769274914043
"J04"	1976	7	8.21081145801569
"J04"	1976	8	6.05319256403416
"J04"	1976	9	1.07799846834109
"J04"	1976	10	-5.10174572063977
"J04"	1976	11	-12.5496167296869
"J04"	1976	12	-27.432995158448
"J04"	1977	1	-26.5411033994892
"J04"	1977	2	-24.1872296917866
"J04"	1977	3	-14.1125850689247
"J04"	1977	4	-12.5463295538407
"J04"	1977	5	-2.18218232334344
"J04"	1977	6	4.52036390241403
"J04"	1977	7	6.60832696430815
"J04"	1977	8	5.73693711080562
"J04"	1977	9	0.572953899099118
"J04"	1977	10	-2.89819982187348
"J04"	1977	11	-9.21875181580621
"J04"	1977	12	-22.5252437318098
"J04"	1978	1	-28.092373282692
"J04"	1978	2	-21.7702513237508
"J04"	1978	3	-24.409666457832
"J04"	1978	4	-10.4666463457381
"J04"	1978	5	-0.905646334313274
"J04"	1978	6	3.31458030576338
"J04"	1978	7	7.20615692036744
"J04"	1978	8	5.81994256350734
"J04"	1978	9	-0.436177441810601
"J04"	1978	10	-5.39836801835595
"J04"	1978	11	-15.5891232675712
"J04"	1978	12	-23.824204872962
"J04"	1979	1	-23.1465540730724
"J04"	1979	2	-26.6510754393037
"J04"	1979	3	-16.5072103481335
"J04"	1979	4	-7.2887407683251
"J04"	1979	5	0.271339855509038
"J04"	1979	6	5.20995937810676
"J04"	1979	7	8.00398239564367
"J04"	1979	8	6.20214236862665
"J04"	1979	9	1.1505369236282
"J04"	1979	10	-3.0023312989245
"J04"	1979	11	-10.3611849628345
"J04"	1979	12	-18.9299125179912
"J04"	1980	1	-25.1036901226929
"J04"	1980	2	-26.9295403739428
"J04"	1980	3	-19.1046858519988
"J04"	1980	4	-8.91203927869818
"J04"	1980	5	-1.55106859621526
"J04"	1980	6	2.4060864552313
"J04"	1980	7	7.30151775783335
"J04"	1980	8	7.88351019923824
"J04"	1980	9	0.533249991811714
"J04"	1980	10	-5.01007097219633
"J04"	1980	11	-12.8352232429828
"J04"	1980	12	-28.0424259281708
"J04"	1981	1	-27.0642535734539
"J04"	1981	2	-17.7055714991412
"J04"	1981	3	-13.9017440911397
"J04"	1981	4	-11.0362028194418
"J04"	1981	5	-2.57295713838388
"J04"	1981	6	3.00244319893783
"J04"	1981	7	7.19844880674813
"J04"	1981	8	6.5639939498835
"J04"	1981	9	3.51224066566139
"J04"	1981	10	-3.62157040972573
"J04"	1981	11	-9.61159877893746
"J04"	1981	12	-16.762013398162
"J04"	1982	1	-30.0290472829684
"J04"	1982	2	-29.5792459469705
"J04"	1982	3	-22.0982726235463
"J04"	1982	4	-13.8610177955862
"J04"	1982	5	-1.49450882880623
"J04"	1982	6	3.89858244744999
"J04"	1982	7	7.09447516734588
"J04"	1982	8	4.44339972446947
"J04"	1982	9	1.48787173328478
"J04"	1982	10	-2.93672993489715
"J04"	1982	11	-11.8907176172019
"J04"	1982	12	-23.6887458768034
"J04"	1983	1	-26.2989489917824
"J04"	1983	2	-26.5512885492858
"J04"	1983	3	-17.2945962297068
"J04"	1983	4	-6.38613662237699
"J04"	1983	5	-2.31590749606785
"J04"	1983	6	4.29411864099808
"J04"	1983	7	6.68933471644089
"J04"	1983	8	6.3215064280516
"J04"	1983	9	3.660403982863
"J04"	1983	10	-3.25545162700593
"J04"	1983	11	-12.0731943569126
"J04"	1983	12	-25.023079866306
"J04"	1984	1	-32.1747090965237
"J04"	1984	2	-21.5223654661696
"J04"	1984	3	-20.9910203427251
"J04"	1984	4	-9.91095849852629
"J04"	1984	5	-2.23738725593098
"J04"	1984	6	2.98863609594392
"J04"	1984	7	8.58282210453747
"J04"	1984	8	6.89822458344004
"J04"	1984	9	1.43005524844024
"J04"	1984	10	-3.7777156679412
"J04"	1984	11	-11.0597303819294
"J04"	1984	12	-23.6655014411628
"J04"	1985	1	-27.1570725082405
"J04"	1985	2	-24.4931897540826
"J04"	1985	3	-20.7879777983575
"J04"	1985	4	-13.435101417074
"J04"	1985	5	-4.75918984723968
"J04"	1985	6	3.18166549829792
"J04"	1985	7	7.47478536952286
"J04"	1985	8	6.27347670342065
"J04"	1985	9	2.89691151088804
"J04"	1985	10	-3.40355804812799
"J04"	1985	11	-13.5510738637505
"J04"	1985	12	-25.7163076491573
"J04"	1986	1	-27.4464829115249
"J04"	1986	2	-26.564925690198
"J04"	1986	3	-23.0858328347764
"J04"	1986	4	-6.75819875781731
"J04"	1986	5	-1.78150391920272
"J04"	1986	6	1.07277677033581
"J04"	1986	7	6.1650044604885
"J04"	1986	8	5.84712593296684
"J04"	1986	9	0.0610327652629894
"J04"	1986	10	-5.63302980663728
"J04"	1986	11	-16.9480474215949
"J04"	1986	12	-22.7756475028153
"J04"	1987	1	-26.8433614702323
"J04"	1987	2	-24.7390098662044
"J04"	1987	3	-16.4847772274585
"J04"	1987	4	-6.37967992666621
"J04"	1987	5	-2.60432410883939
"J04"	1987	6	3.16163202934028
"J04"	1987	7	8.25326837209731
"J04"	1987	8	5.21902312275885
"J04"	1987	9	2.72243696238815
"J04"	1987	10	-3.16617187508565
"J04"	1987	11	-12.4513006134892
"J04"	1987	12	-22.4434437116896
"J04"	1988	1	-26.3481962818101
"J04"	1988	2	-29.3169621455082
"J04"	1988	3	-19.2847824400437
"J04"	1988	4	-7.79924260899944
"J04"	1988	5	-1.0276227319083
"J04"	1988	6	2.24810892573372
"J04"	1988	7	7.93946050572825
"J04"	1988	8	5.88906612152167
"J04"	1988	9	1.58124462434022
"J04"	1988	10	-4.70289327878162
"J04"	1988	11	-10.361077788177
"J04"	1988	12	-25.6195939952128
"J04"	1989	1	-29.0615948547445
"J04"	1989	2	-30.0003987708685
"J04"	1989	3	-23.886026668168
"J04"	1989	4	-9.01698848927324
"J04"	1989	5	-0.251375099376508
"J04"	1989	6	4.43219375347086
"J04"	1989	7	6.02342379064092
"J04"	1989	8	6.7572452480046
"J04"	1989	9	2.2375451866579
"J04"	1989	10	-3.94309342396918
"J04"	1989	11	-14.9775524074236
"J04"	1989	12	-26.5039929962318
"J04"	1990	1	-27.4842815106568
"J04"	1990	2	-30.7906882391837
"J04"	1990	3	-21.7887104394851
"J04"	1990	4	-10.9332926210871
"J04"	1990	5	-3.67568499139054
"J04"	1990	6	3.21396904646277
"J04"	1990	7	7.404982390651
"J04"	1990	8	7.32358476038732
"J04"	1990	9	0.991421993281891
"J04"	1990	10	-3.78660356764444
"J04"	1990	11	-12.1009922238172
"J04"	1990	12	-24.4962665747805
"J04"	1991	1	-34.0169213842293
"J04"	1991	2	-27.2887889131824
"J04"	1991	3	-17.4926736383468
"J04"	1991	4	-11.1486389371228
"J04"	1991	5	-2.60080985900863
"J04"	1991	6	3.19348120262069
"J04"	1991	7	7.1840739158265
"J04"	1991	8	6.48804847171652
"J04"	1991	9	1.04294752858676
"J04"	1991	10	-3.43322006828107
"J04"	1991	11	-12.0314887177338
"J04"	1991	12	-27.0956774852319
"J04"	1992	1	-28.0600615611643
"J04"	1992	2	-29.5952421527776
"J04"	1992	3	-21.5975575347249
"J04"	1992	4	-12.263437891565
"J04"	1992	5	-3.22692339225075
"J04"	1992	6	2.97079478644576
"J04"	1992	7	4.96068149089806
"J04"	1992	8	5.75049369102936
"J04"	1992	9	2.09226913469445
"J04"	1992	10	-4.18273924350289
"J04"	1992	11	-14.9690965821142
"J04"	1992	12	-23.3012165138273
"J04"	1993	1	-30.0137583504512
"J04"	1993	2	-32.7103910015384
"J04"	1993	3	-22.0031089686901
"J04"	1993	4	-9.47794844288164
"J04"	1993	5	-0.754120512355924
"J04"	1993	6	3.34602305179168
"J04"	1993	7	7.73486833884214
"J04"	1993	8	7.11074164170484
"J04"	1993	9	0.439608825063111
"J04"	1993	10	-6.03497381547518
"J04"	1993	11	-15.5138380711245
"J04"	1993	12	-21.7115103718572
"J04"	1994	1	-32.9778847663852
"J04"	1994	2	-29.3342030251877
"J04"	1994	3	-18.9089292304151
"J04"	1994	4	-13.4922401915041
"J04"	1994	5	-4.08243828113869
"J04"	1994	6	4.21933868502824
"J04"	1994	7	7.90690485946361
"J04"	1994	8	4.76862607595719
"J04"	1994	9	2.18521124976901
"J04"	1994	10	-1.78966277889362
"J04"	1994	11	-10.3654579608256
"J04"	1994	12	-22.0251056679497
"J04"	1995	1	-26.8520338800499
"J04"	1995	2	-29.9660420043606
"J04"	1995	3	-20.0144212887095
"J04"	1995	4	-9.90631389583944
"J04"	1995	5	-2.51197489199073
"J04"	1995	6	3.49093068163759
"J04"	1995	7	8.57708733243801
"J04"	1995	8	6.12394594682384
"J04"	1995	9	0.529420174000795
"J04"	1995	10	-1.44639296971424
"J04"	1995	11	-13.9234241866668
"J04"	1995	12	-23.2406661251737
"J04"	1996	1	-29.5353648017094
"J04"	1996	2	-24.9048635096599
"J04"	1996	3	-19.3190075719653
"J04"	1996	4	-8.21990734056928
"J04"	1996	5	-3.9427038709939
"J04"	1996	6	3.96094140947351
"J04"	1996	7	7.74565508922467
"J04"	1996	8	6.27659875225841
"J04"	1996	9	1.07260484084155
"J04"	1996	10	-4.70490917635064
"J04"	1996	11	-11.8872583691668
"J04"	1996	12	-18.756954938462
"J04"	1997	1	-26.7269806109052
"J04"	1997	2	-28.7493333561125
"J04"	1997	3	-24.2221172934567
"J04"	1997	4	-11.7327361699642
"J04"	1997	5	-3.07450459856677
"J04"	1997	6	2.52949808242821
"J04"	1997	7	7.11274999942655
"J04"	1997	8	5.02651575976509
"J04"	1997	9	2.51524684527564
"J04"	1997	10	-3.76516143867586
"J04"	1997	11	-13.1563945643624
"J04"	1997	12	-21.8728209023172
"J04"	1998	1	-24.9258922972886
"J04"	1998	2	-21.1981436496215
"J04"	1998	3	-18.4231217735803
"J04"	1998	4	-7.84463055569528
"J04"	1998	5	-0.00709648311260969
"J04"	1998	6	5.29671836863798
"J04"	1998	7	7.77848238128961
"J04"	1998	8	5.6736476586413
"J04"	1998	9	3.35790085809625
"J04"	1998	10	-3.32706952155281
"J04"	1998	11	-12.2302457577449
"J04"	1998	12	-23.4874710643905
"J04"	1999	1	-28.4312262318105
"J04"	1999	2	-23.7499573577715
"J04"	1999	3	-13.8210715149313
"J04"	1999	4	-7.65536529610369
"J04"	1999	5	-0.0401413703509852
"J04"	1999	6	5.16276026838483
"J04"	1999	7	7.74298506414452
"J04"	1999	8	6.01804875162838
"J04"	1999	9	4.90105118990646
"J04"	1999	10	-5.19054172654407
"J04"	1999	11	-11.508161488704
"J04"	1999	12	-20.800278424679
"J04"	2000	1	-27.2423545947379
"J04"	2000	2	-26.5038855035627
"J04"	2000	3	-15.4151550856834
"J04"	2000	4	-11.6649049194574
"J04"	2000	5	-2.87350620281597
"J04"	2000	6	1.72763163566732
"J04"	2000	7	7.00637341206073
"J04"	2000	8	7.05984322560239
"J04"	2000	9	1.14498438950213
"J04"	2000	10	-4.7554915004238
"J04"	2000	11	-10.1894911372299
"J04"	2000	12	-22.7106438937587
"J04"	2001	1	-27.5586742735729
"J04"	2001	2	-27.7593787328099
"J04"	2001	3	-16.9051523546533
"J04"	2001	4	-11.6734164238363
"J04"	2001	5	0.0927349384871188
"J04"	2001	6	4.29121430479981
"J04"	2001	7	7.4687495903747
"J04"	2001	8	6.89916368903879
"J04"	2001	9	2.18972391989235
"J04"	2001	10	-2.62170553714376
"J04"	2001	11	-10.7736868078634
"J04"	2001	12	-18.2181410786459
"J04"	2002	1	-28.6796255798853
"J04"	2002	2	-26.8159302160739
"J04"	2002	3	-22.891369065247
"J04"	2002	4	-11.2809514468599
"J04"	2002	5	-4.24153079928187
"J04"	2002	6	1.55349079480044
"J04"	2002	7	7.53025306543543
"J04"	2002	8	6.23606396684983
"J04"	2002	9	2.23527942085296
"J04"	2002	10	-5.28888407461796
"J04"	2002	11	-14.8604118139424
"J04"	2002	12	-22.7225070276034
"J04"	2003	1	-26.9046682506341
"J04"	2003	2	-29.4729387056814
"J04"	2003	3	-22.8743654471768
"J04"	2003	4	-13.2873730862047
"J04"	2003	5	-2.77654918955454
"J04"	2003	6	3.8144625042373
"J04"	2003	7	7.69103706615171
"J04"	2003	8	6.0705243922106
"J04"	2003	9	3.58163731983766
"J04"	2003	10	-3.25676722618592
"J04"	2003	11	-11.349438361247
"J04"	2003	12	-21.1238738328398
"J04"	2004	1	-28.0332208146762
"J04"	2004	2	-25.6297057556053
"J04"	2004	3	-20.454446765787
"J04"	2004	4	-11.0923469789928
"J04"	2004	5	-4.11244025434749
"J04"	2004	6	2.07427250157371
"J04"	2004	7	7.65125116311922
"J04"	2004	8	6.20251150705769
"J04"	2004	9	0.428709254886526
"J04"	2004	10	-3.42500464463837
"J04"	2004	11	-13.4403785682287
"J04"	2004	12	-26.4225295908892
"J04"	2005	1	-32.3647578079326
"J04"	2005	2	-24.8853186431225
"J04"	2005	3	-19.3315932058895
"J04"	2005	4	-7.5952323039338
"J04"	2005	5	-1.44920206781863
"J04"	2005	6	3.93311400927581
"J04"	2005	7	7.21102794294724
"J04"	2005	8	5.93200197884117
"J04"	2005	9	2.67628641544442
"J04"	2005	10	-1.99326161095032
"J04"	2005	11	-12.1328421289829
"J04"	2005	12	-22.9188500862012
"J04"	2006	1	-24.998668053409
"J04"	2006	2	-27.0389201540782
"J04"	2006	3	-14.3056767278518
"J04"	2006	4	-7.39528763911864
"J04"	2006	5	-0.686686397094618
"J04"	2006	6	4.99128734496457
"J04"	2006	7	7.77049179878302
"J04"	2006	8	4.15898075858399
"J04"	2006	9	1.12422028584519
"J04"	2006	10	-3.76127497254878
"J04"	2006	11	-9.92636525571527
"J04"	2006	12	-20.612976252651
"J04"	2007	1	-26.1340324119534
"J04"	2007	2	-26.5898021272636
"J04"	2007	3	-21.5767003261199
"J04"	2007	4	-10.291999335416
"J04"	2007	5	-3.72480072743602
"J04"	2007	6	3.84906456390282
"J04"	2007	7	7.22978380800668
"J04"	2007	8	4.68349565947159
"J04"	2007	9	0.87233675467056
"J04"	2007	10	-2.92892912081477
"J04"	2007	11	-14.9205178223593
"J04"	2007	12	-26.5050350864199
"J04"	2008	1	-26.9701047637681
"J04"	2008	2	-27.1372567171539
"J04"	2008	3	-23.6450777394938
"J04"	2008	4	-7.18510958033987
"J04"	2008	5	-1.56356188105333
"J04"	2008	6	4.50659025983705
"J04"	2008	7	8.48903653967474
"J04"	2008	8	7.00579441261272
"J04"	2008	9	1.72052054739075
"J04"	2008	10	-3.49615962495585
"J04"	2008	11	-11.2150063714926
"J04"	2008	12	-26.3952766423581
"J04"	2009	1	-30.0063518651556
"J04"	2009	2	-23.5805582633143
"J04"	2009	3	-21.2111097960698
"J04"	2009	4	-8.67445044160063
"J04"	2009	5	-4.00291104603681
"J04"	2009	6	3.76393875158206
"J04"	2009	7	7.74838095163134
"J04"	2009	8	5.92627160640958
"J04"	2009	9	1.16874952831782
"J04"	2009	10	-5.46297315756441
"J04"	2009	11	-9.50939221684568
"J04"	2009	12	-20.9836500719495
"J04"	2010	1	-22.1423027071713
"J04"	2010	2	-15.9189996884852
"J04"	2010	3	-16.4747216379249
"J04"	2010	4	-5.76010504317557
"J04"	2010	5	-1.04277726245813
"J04"	2010	6	2.52109914639174
"J04"	2010	7	8.60787111599521
"J04"	2010	8	6.54529362707546
"J04"	2010	9	2.51704280761236
"J04"	2010	10	-3.1293792804116
"J04"	2010	11	-11.1033226096152
"J04"	2010	12	-15.5698027935613
"J04"	2011	1	-24.1774459552599
"J04"	2011	2	-27.1523202346131
"J04"	2011	3	-19.3357113323753
"J04"	2011	4	-12.4424088454909
"J04"	2011	5	-2.6829845024504
"J04"	2011	6	3.47804661133181
"J04"	2011	7	6.66750113305208
"J04"	2011	8	6.7632262532717
"J04"	2011	9	1.96546095387998
"J04"	2011	10	-2.59526816417492
"J04"	2011	11	-10.9967098035554
"J04"	2011	12	-24.2536250635279
"J04"	2012	1	-28.4117587804426
"J04"	2012	2	-24.9811658432357
"J04"	2012	3	-17.9941210392523
"J04"	2012	4	-8.922019510115
"J04"	2012	5	-1.52340722365614
"J04"	2012	6	5.13483771917548
"J04"	2012	7	7.42718995998996
"J04"	2012	8	7.38040229669474
"J04"	2012	9	2.61402001322039
"J04"	2012	10	-3.06056896182608
"J04"	2012	11	-11.4896395887663
"J04"	2012	12	-21.2356184308554
"J04"	2013	1	-28.9456164485294
"J04"	2013	2	-24.4063856340887
"J04"	2013	3	-12.8501294604537
"J04"	2013	4	-10.2995101370907
"J04"	2013	5	-1.86392144185361
"J04"	2013	6	1.99152543109862
"J04"	2013	7	6.88690452115665
"J04"	2013	8	5.29707935282277
"J04"	2013	9	1.46269570774055
"J04"	2013	10	-3.52533007566363
"J04"	2013	11	-13.0823380120852
"J04"	2013	12	-28.7163685369572
"J04"	2014	1	-28.879401355926
"J04"	2014	2	-27.4289923417335
"J04"	2014	3	-24.8042051562767
"J04"	2014	4	-10.5754899592464
"J04"	2014	5	-2.10445799703807
"J04"	2014	6	4.44807008964673
"J04"	2014	7	8.74664852205277
"J04"	2014	8	7.01342770868433
"J04"	2014	9	0.511405570608507
"J04"	2014	10	-3.0896832431646
"J04"	2014	11	-15.375102072238
"J04"	2014	12	-23.0964630886785
"J04"	2015	1	-31.9133766878911
"J04"	2015	2	-34.4501913312056
"J04"	2015	3	-22.3573062436602
"J04"	2015	4	-11.550558933674
"J04"	2015	5	-2.14499367404044
"J04"	2015	6	2.50450898094377
"J04"	2015	7	6.90645326379499
"J04"	2015	8	7.62965059631275
"J04"	2015	9	3.16010731776025
"J04"	2015	10	-5.85380568176519
"J04"	2015	11	-12.4681161961815
"J04"	2015	12	-19.5760652408554
"J04"	2016	1	-24.9476202169917
"J04"	2016	2	-28.4710090636564
"J04"	2016	3	-22.1100741574619
"J04"	2016	4	-13.0252384634543
"J04"	2016	5	-2.28552428082142
"J04"	2016	6	4.46086134470491
"J04"	2016	7	7.46627625559585
"J04"	2016	8	5.94587599464704
"J04"	2016	9	1.30884510284152
"J04"	2016	10	-3.7178902989967
"J04"	2016	11	-10.8612947657332
"J04"	2016	12	-26.7552847783951
