"J04"	1901	1	53.2495798732352
"J04"	1901	2	65.1207380911186
"J04"	1901	3	53.4450569341777
"J04"	1901	4	42.505464447591
"J04"	1901	5	44.4353895969804
"J04"	1901	6	94.1913408254158
"J04"	1901	7	55.5943164984525
"J04"	1901	8	76.0134560173229
"J04"	1901	9	65.3409370980937
"J04"	1901	10	115.440033094622
"J04"	1901	11	96.1459998123915
"J04"	1901	12	100.619967358249
"J04"	1902	1	96.3163498611554
"J04"	1902	2	56.8505246110007
"J04"	1902	3	71.3479034911618
"J04"	1902	4	58.2567476667293
"J04"	1902	5	91.8492596030224
"J04"	1902	6	218.140376578716
"J04"	1902	7	104.354601891173
"J04"	1902	8	182.147180272411
"J04"	1902	9	134.011077485295
"J04"	1902	10	87.9447912067954
"J04"	1902	11	67.6652292059662
"J04"	1902	12	66.8800937185528
"J04"	1903	1	81.6321690522614
"J04"	1903	2	82.7063298057279
"J04"	1903	3	61.2070152972647
"J04"	1903	4	82.6589241281402
"J04"	1903	5	25.2875744294555
"J04"	1903	6	53.141988585589
"J04"	1903	7	155.41589615161
"J04"	1903	8	108.344292765731
"J04"	1903	9	42.066691242575
"J04"	1903	10	56.1723013111344
"J04"	1903	11	61.3841913431983
"J04"	1903	12	71.9753725545657
"J04"	1904	1	69.5724930787765
"J04"	1904	2	61.8212531230578
"J04"	1904	3	84.6591861332455
"J04"	1904	4	48.9872760140903
"J04"	1904	5	115.634904400532
"J04"	1904	6	48.6162299058917
"J04"	1904	7	144.471714383001
"J04"	1904	8	119.213659535949
"J04"	1904	9	107.284757750977
"J04"	1904	10	77.4481218172603
"J04"	1904	11	73.5477359207583
"J04"	1904	12	54.5376659406133
"J04"	1905	1	45.3475314969262
"J04"	1905	2	54.9472504607004
"J04"	1905	3	23.5012925304835
"J04"	1905	4	46.1106373404208
"J04"	1905	5	58.8679371331896
"J04"	1905	6	77.2603239418263
"J04"	1905	7	61.7178198710861
"J04"	1905	8	69.2048232002545
"J04"	1905	9	156.561014229017
"J04"	1905	10	55.4412553014806
"J04"	1905	11	72.2535936364447
"J04"	1905	12	46.789288968386
"J04"	1906	1	50.8002750692058
"J04"	1906	2	27.4337424140691
"J04"	1906	3	94.9944881150272
"J04"	1906	4	67.6008343366298
"J04"	1906	5	61.3391020693114
"J04"	1906	6	69.5731471994267
"J04"	1906	7	27.8984552235813
"J04"	1906	8	79.5665671106833
"J04"	1906	9	194.977739912739
"J04"	1906	10	111.74200424707
"J04"	1906	11	88.2452245461079
"J04"	1906	12	59.7110283942456
"J04"	1907	1	44.9743494354251
"J04"	1907	2	40.3823880069369
"J04"	1907	3	58.0589127521941
"J04"	1907	4	70.9096221143824
"J04"	1907	5	67.600067552453
"J04"	1907	6	136.345203211459
"J04"	1907	7	243.487927931489
"J04"	1907	8	167.012477151337
"J04"	1907	9	136.219899655772
"J04"	1907	10	119.4209399803
"J04"	1907	11	44.4430453439423
"J04"	1907	12	78.7058484829743
"J04"	1908	1	48.4652102106079
"J04"	1908	2	73.0376947383426
"J04"	1908	3	56.7106556261712
"J04"	1908	4	77.5352612714747
"J04"	1908	5	89.786704492944
"J04"	1908	6	151.828688667627
"J04"	1908	7	57.693976252387
"J04"	1908	8	112.782273129912
"J04"	1908	9	48.4923270563576
"J04"	1908	10	74.7700035944392
"J04"	1908	11	73.6938860905668
"J04"	1908	12	73.1791119519545
"J04"	1909	1	39.2740841013499
"J04"	1909	2	66.6817435289649
"J04"	1909	3	83.0621701436675
"J04"	1909	4	31.8796798359915
"J04"	1909	5	78.8995974922891
"J04"	1909	6	152.129398301152
"J04"	1909	7	210.904270783957
"J04"	1909	8	115.644292700565
"J04"	1909	9	157.617410023388
"J04"	1909	10	88.6792255060212
"J04"	1909	11	113.007090738146
"J04"	1909	12	61.3467903312402
"J04"	1910	1	52.873569194876
"J04"	1910	2	64.1656067984656
"J04"	1910	3	47.8653954152519
"J04"	1910	4	62.1754982825305
"J04"	1910	5	58.4040985576297
"J04"	1910	6	140.313865519884
"J04"	1910	7	186.123417834461
"J04"	1910	8	83.7077669785127
"J04"	1910	9	90.7824763816074
"J04"	1910	10	118.893147907256
"J04"	1910	11	140.462264908355
"J04"	1910	12	64.0585713429075
"J04"	1911	1	78.0333602909859
"J04"	1911	2	32.3398984276856
"J04"	1911	3	30.6051738478738
"J04"	1911	4	29.8261749008571
"J04"	1911	5	50.8416107717083
"J04"	1911	6	146.27545782031
"J04"	1911	7	164.82616752103
"J04"	1911	8	53.0758144631987
"J04"	1911	9	65.230295143679
"J04"	1911	10	43.0639182229324
"J04"	1911	11	71.5038265016104
"J04"	1911	12	73.7676237229122
"J04"	1912	1	67.5453213892234
"J04"	1912	2	45.0818292187144
"J04"	1912	3	57.0631933013603
"J04"	1912	4	66.6443781417587
"J04"	1912	5	111.934242485474
"J04"	1912	6	95.7568756613513
"J04"	1912	7	145.417162504234
"J04"	1912	8	113.56320100188
"J04"	1912	9	55.7723230737438
"J04"	1912	10	113.929746499999
"J04"	1912	11	87.7235631390658
"J04"	1912	12	55.9242024205309
"J04"	1913	1	76.8541875453351
"J04"	1913	2	35.8101951382148
"J04"	1913	3	71.5038612375453
"J04"	1913	4	52.8897662174186
"J04"	1913	5	55.3561762768911
"J04"	1913	6	86.3205447858868
"J04"	1913	7	156.849774576648
"J04"	1913	8	83.1967733630739
"J04"	1913	9	50.1773464674544
"J04"	1913	10	105.225513930371
"J04"	1913	11	58.3053700138151
"J04"	1913	12	55.615307434265
"J04"	1914	1	31.2820324075109
"J04"	1914	2	54.4016267572799
"J04"	1914	3	32.8574995510897
"J04"	1914	4	51.6903398658786
"J04"	1914	5	76.799275179314
"J04"	1914	6	80.7918145814891
"J04"	1914	7	92.3332029170396
"J04"	1914	8	69.0540920752612
"J04"	1914	9	56.8134387707748
"J04"	1914	10	80.5395433917037
"J04"	1914	11	100.158441820985
"J04"	1914	12	39.580074889415
"J04"	1915	1	46.2003041785731
"J04"	1915	2	57.7126631735977
"J04"	1915	3	73.2781254712691
"J04"	1915	4	44.9460642258499
"J04"	1915	5	93.4238231892305
"J04"	1915	6	68.5030049824524
"J04"	1915	7	89.8680923434719
"J04"	1915	8	104.937334720518
"J04"	1915	9	173.815626091313
"J04"	1915	10	72.9454350656267
"J04"	1915	11	97.0774980903228
"J04"	1915	12	90.7590735143041
"J04"	1916	1	53.4530704894986
"J04"	1916	2	52.4303097767644
"J04"	1916	3	27.6521778509172
"J04"	1916	4	15.0531453123101
"J04"	1916	5	70.8561183238514
"J04"	1916	6	94.7444267862802
"J04"	1916	7	51.4751930712621
"J04"	1916	8	89.0154248986963
"J04"	1916	9	122.951610536788
"J04"	1916	10	84.1572812385003
"J04"	1916	11	94.3499337022926
"J04"	1916	12	121.795986334303
"J04"	1917	1	48.6177485494313
"J04"	1917	2	57.1779378016683
"J04"	1917	3	37.4815999833544
"J04"	1917	4	80.3276239142364
"J04"	1917	5	80.4444849277714
"J04"	1917	6	129.883412373339
"J04"	1917	7	67.9933390681181
"J04"	1917	8	131.527124554851
"J04"	1917	9	59.235014215004
"J04"	1917	10	120.10629536168
"J04"	1917	11	58.3484577224977
"J04"	1917	12	34.7965652254152
"J04"	1918	1	65.6296881880817
"J04"	1918	2	51.6526285418622
"J04"	1918	3	25.2937413209098
"J04"	1918	4	30.6766749914766
"J04"	1918	5	105.045628313588
"J04"	1918	6	142.135558944629
"J04"	1918	7	167.966176194124
"J04"	1918	8	81.6199503342947
"J04"	1918	9	180.708033705022
"J04"	1918	10	46.3580548902257
"J04"	1918	11	45.1205727620306
"J04"	1918	12	53.9916130609219
"J04"	1919	1	72.180753997507
"J04"	1919	2	49.224408532524
"J04"	1919	3	70.1827993930423
"J04"	1919	4	85.750937891966
"J04"	1919	5	42.0190760401855
"J04"	1919	6	45.8279455675393
"J04"	1919	7	98.3756650800692
"J04"	1919	8	100.394153729125
"J04"	1919	9	94.7363914720965
"J04"	1919	10	62.5981806725616
"J04"	1919	11	53.1667107198397
"J04"	1919	12	36.2806014620772
"J04"	1920	1	43.1972934773733
"J04"	1920	2	88.3372814672032
"J04"	1920	3	67.6493510267178
"J04"	1920	4	82.4720192659262
"J04"	1920	5	15.8870539553827
"J04"	1920	6	42.1922092810459
"J04"	1920	7	131.164985370308
"J04"	1920	8	123.956400086696
"J04"	1920	9	66.022210365869
"J04"	1920	10	61.5212708750626
"J04"	1920	11	30.7242578645657
"J04"	1920	12	91.5509993736835
"J04"	1921	1	76.6978414120811
"J04"	1921	2	14.2250778659105
"J04"	1921	3	69.0164719375922
"J04"	1921	4	34.8709631014713
"J04"	1921	5	31.062879889873
"J04"	1921	6	56.8938290017027
"J04"	1921	7	76.6074837779774
"J04"	1921	8	113.879077251427
"J04"	1921	9	96.3971756895945
"J04"	1921	10	133.129501393476
"J04"	1921	11	51.8576403629952
"J04"	1921	12	42.9240774309265
"J04"	1922	1	57.9952266433236
"J04"	1922	2	43.2490313612163
"J04"	1922	3	36.453008569466
"J04"	1922	4	33.2484691729234
"J04"	1922	5	43.863386918824
"J04"	1922	6	211.593713795398
"J04"	1922	7	108.504824595931
"J04"	1922	8	82.1315179261074
"J04"	1922	9	42.7748046057314
"J04"	1922	10	97.419479022548
"J04"	1922	11	44.5470302611857
"J04"	1922	12	59.1251658760388
"J04"	1923	1	88.1047681726655
"J04"	1923	2	19.5045941664042
"J04"	1923	3	78.0119833311522
"J04"	1923	4	60.4221713461585
"J04"	1923	5	114.043779760919
"J04"	1923	6	83.5843263224275
"J04"	1923	7	83.8321243884803
"J04"	1923	8	125.551296487343
"J04"	1923	9	69.4037095162657
"J04"	1923	10	125.629171461401
"J04"	1923	11	111.599556481273
"J04"	1923	12	60.1144576716223
"J04"	1924	1	69.8804024135074
"J04"	1924	2	41.0173377155746
"J04"	1924	3	44.1335901022201
"J04"	1924	4	71.7193491190742
"J04"	1924	5	109.654713511671
"J04"	1924	6	85.5421586840029
"J04"	1924	7	138.09179995573
"J04"	1924	8	102.284941989924
"J04"	1924	9	169.748575336734
"J04"	1924	10	35.9482877736047
"J04"	1924	11	70.1724052980977
"J04"	1924	12	48.2076986683568
"J04"	1925	1	52.3832096996774
"J04"	1925	2	73.9471902336558
"J04"	1925	3	91.132358361977
"J04"	1925	4	79.5477881924642
"J04"	1925	5	57.2995374513368
"J04"	1925	6	73.026295673482
"J04"	1925	7	210.135777778066
"J04"	1925	8	56.5085450805019
"J04"	1925	9	116.623423763364
"J04"	1925	10	107.385018621029
"J04"	1925	11	120.131609539457
"J04"	1925	12	59.9917844789741
"J04"	1926	1	30.4643973078288
"J04"	1926	2	41.4375199979309
"J04"	1926	3	49.2411985376246
"J04"	1926	4	39.5764983926467
"J04"	1926	5	63.1043229671559
"J04"	1926	6	89.6168343027737
"J04"	1926	7	78.7479867418468
"J04"	1926	8	160.877871780965
"J04"	1926	9	98.62053257296
"J04"	1926	10	121.646897365262
"J04"	1926	11	102.094386235059
"J04"	1926	12	49.6238631816527
"J04"	1927	1	62.4557826002379
"J04"	1927	2	40.307932590845
"J04"	1927	3	31.2860211378012
"J04"	1927	4	68.8803785755399
"J04"	1927	5	120.093881112777
"J04"	1927	6	65.0930234824842
"J04"	1927	7	119.257042430481
"J04"	1927	8	120.061513414437
"J04"	1927	9	101.980002197352
"J04"	1927	10	109.862911833268
"J04"	1927	11	169.401868857322
"J04"	1927	12	93.992608053496
"J04"	1928	1	70.4796249208948
"J04"	1928	2	38.3006627565394
"J04"	1928	3	47.5321393880707
"J04"	1928	4	62.2882120202793
"J04"	1928	5	72.1380950679328
"J04"	1928	6	91.2820634273735
"J04"	1928	7	108.544939495125
"J04"	1928	8	88.3799787493962
"J04"	1928	9	80.048018930517
"J04"	1928	10	99.616338096579
"J04"	1928	11	51.7967137650407
"J04"	1928	12	90.5372322408494
"J04"	1929	1	67.0224222986116
"J04"	1929	2	26.2650227642343
"J04"	1929	3	71.0808957485189
"J04"	1929	4	77.1299941177809
"J04"	1929	5	61.5423520437256
"J04"	1929	6	134.617626108372
"J04"	1929	7	152.827059866498
"J04"	1929	8	138.074451871753
"J04"	1929	9	76.8476991380936
"J04"	1929	10	105.117398529445
"J04"	1929	11	59.0450370293392
"J04"	1929	12	78.0067347038754
"J04"	1930	1	64.923653620429
"J04"	1930	2	44.6257193699874
"J04"	1930	3	83.7940946566898
"J04"	1930	4	46.8999011039122
"J04"	1930	5	67.2451469636696
"J04"	1930	6	152.858226125605
"J04"	1930	7	135.526621432263
"J04"	1930	8	127.278758432561
"J04"	1930	9	126.462414451327
"J04"	1930	10	22.0744845569426
"J04"	1930	11	59.9208019175044
"J04"	1930	12	42.089048896615
"J04"	1931	1	73.1889566648346
"J04"	1931	2	36.5571748283226
"J04"	1931	3	32.8614092095516
"J04"	1931	4	38.1947327715252
"J04"	1931	5	60.7809644413648
"J04"	1931	6	97.6227414381195
"J04"	1931	7	149.601135250473
"J04"	1931	8	73.3592446844045
"J04"	1931	9	162.373479980313
"J04"	1931	10	98.2391828098504
"J04"	1931	11	47.8160586338211
"J04"	1931	12	72.7807165213467
"J04"	1932	1	57.3403330824678
"J04"	1932	2	38.646067554571
"J04"	1932	3	114.437229033528
"J04"	1932	4	61.4226780323779
"J04"	1932	5	28.4140148523919
"J04"	1932	6	112.82656052576
"J04"	1932	7	172.455808085463
"J04"	1932	8	186.254421265517
"J04"	1932	9	130.559031694011
"J04"	1932	10	94.0678407264011
"J04"	1932	11	70.5050943123273
"J04"	1932	12	58.2445609152864
"J04"	1933	1	73.3809950044627
"J04"	1933	2	88.0393324645493
"J04"	1933	3	73.4356496993615
"J04"	1933	4	84.2328004565572
"J04"	1933	5	91.3558609010111
"J04"	1933	6	126.754645978423
"J04"	1933	7	74.5782691520507
"J04"	1933	8	89.1665954308514
"J04"	1933	9	142.546099596069
"J04"	1933	10	70.6690916445071
"J04"	1933	11	129.790291801721
"J04"	1933	12	91.5786605134767
"J04"	1934	1	49.5360010086282
"J04"	1934	2	73.1455171179113
"J04"	1934	3	64.5192855884675
"J04"	1934	4	78.7500667324483
"J04"	1934	5	49.8246200076395
"J04"	1934	6	143.794225487532
"J04"	1934	7	100.912213475927
"J04"	1934	8	92.8601408971051
"J04"	1934	9	57.5766315665313
"J04"	1934	10	68.398467646291
"J04"	1934	11	76.2664672570189
"J04"	1934	12	57.4843350825132
"J04"	1935	1	69.9954442294305
"J04"	1935	2	31.9223441380458
"J04"	1935	3	55.9171669422987
"J04"	1935	4	49.910091322376
"J04"	1935	5	30.572937406337
"J04"	1935	6	124.449034132541
"J04"	1935	7	123.62670613979
"J04"	1935	8	69.1183001114166
"J04"	1935	9	80.2025949397817
"J04"	1935	10	82.2017013091536
"J04"	1935	11	67.4033656420278
"J04"	1935	12	55.6141810665751
"J04"	1936	1	88.1962105440396
"J04"	1936	2	57.6180079757127
"J04"	1936	3	52.4374248406787
"J04"	1936	4	79.670536209858
"J04"	1936	5	123.453143258165
"J04"	1936	6	144.414679312437
"J04"	1936	7	121.072526179116
"J04"	1936	8	80.1257684945724
"J04"	1936	9	68.3049248850451
"J04"	1936	10	103.744362883107
"J04"	1936	11	69.8735957191139
"J04"	1936	12	69.5674414984013
"J04"	1937	1	64.7462874862432
"J04"	1937	2	61.2052094252467
"J04"	1937	3	47.3347793373772
"J04"	1937	4	21.1681598426028
"J04"	1937	5	67.6672700884969
"J04"	1937	6	121.270845140847
"J04"	1937	7	98.2064955961618
"J04"	1937	8	143.969970738793
"J04"	1937	9	132.60178616879
"J04"	1937	10	121.765401378792
"J04"	1937	11	109.50572602384
"J04"	1937	12	56.042765079079
"J04"	1938	1	56.6491110074312
"J04"	1938	2	33.334643803594
"J04"	1938	3	32.231596894516
"J04"	1938	4	66.7609042941967
"J04"	1938	5	47.2593537412633
"J04"	1938	6	83.9473739033956
"J04"	1938	7	140.264667584168
"J04"	1938	8	160.064384092285
"J04"	1938	9	104.053931040028
"J04"	1938	10	40.1373927437723
"J04"	1938	11	54.6728179825828
"J04"	1938	12	73.7788447084531
"J04"	1939	1	45.9377029361737
"J04"	1939	2	83.1814278908838
"J04"	1939	3	46.3639153726906
"J04"	1939	4	35.8336365687637
"J04"	1939	5	54.5649414933892
"J04"	1939	6	81.445795362066
"J04"	1939	7	176.219029696221
"J04"	1939	8	124.690650704079
"J04"	1939	9	116.721818892369
"J04"	1939	10	108.203868404584
"J04"	1939	11	28.9884127762308
"J04"	1939	12	56.839221327808
"J04"	1940	1	55.9383490623432
"J04"	1940	2	31.6181166922142
"J04"	1940	3	72.5476673938089
"J04"	1940	4	48.2241853642591
"J04"	1940	5	68.6801359716045
"J04"	1940	6	156.103065465025
"J04"	1940	7	74.2230131476338
"J04"	1940	8	63.6891903619424
"J04"	1940	9	110.093774325407
"J04"	1940	10	73.3602844254843
"J04"	1940	11	126.3274028049
"J04"	1940	12	67.4906929121295
"J04"	1941	1	45.657620658066
"J04"	1941	2	53.3951503806665
"J04"	1941	3	68.7607522166153
"J04"	1941	4	62.6230731979395
"J04"	1941	5	54.6553107887893
"J04"	1941	6	99.5700142703297
"J04"	1941	7	95.4499816655882
"J04"	1941	8	128.559631367211
"J04"	1941	9	161.191204826601
"J04"	1941	10	137.313058035866
"J04"	1941	11	111.278720821955
"J04"	1941	12	73.9242873984232
"J04"	1942	1	45.9510422878439
"J04"	1942	2	107.517163709489
"J04"	1942	3	71.0426032656846
"J04"	1942	4	48.0574965617559
"J04"	1942	5	45.3575346891439
"J04"	1942	6	149.943733061804
"J04"	1942	7	123.295385912295
"J04"	1942	8	66.9776666519927
"J04"	1942	9	99.8933127709114
"J04"	1942	10	83.9033060409933
"J04"	1942	11	59.1517327615814
"J04"	1942	12	74.3420281624671
"J04"	1943	1	42.2465574193719
"J04"	1943	2	48.6562568054025
"J04"	1943	3	57.9346055160547
"J04"	1943	4	61.4002717485502
"J04"	1943	5	55.9625233317201
"J04"	1943	6	100.422315941117
"J04"	1943	7	117.284587604822
"J04"	1943	8	141.838946889965
"J04"	1943	9	46.6855129020621
"J04"	1943	10	122.686974346638
"J04"	1943	11	59.6054250320734
"J04"	1943	12	44.8200379305673
"J04"	1944	1	34.3785911681398
"J04"	1944	2	69.78235737971
"J04"	1944	3	63.0550525776798
"J04"	1944	4	36.6754674007053
"J04"	1944	5	72.1182943702738
"J04"	1944	6	88.1886451284943
"J04"	1944	7	114.9657096984
"J04"	1944	8	104.163951695698
"J04"	1944	9	113.537929137878
"J04"	1944	10	91.1929713425547
"J04"	1944	11	56.1955027188708
"J04"	1944	12	79.9271760494604
"J04"	1945	1	112.577988201989
"J04"	1945	2	44.2348670224474
"J04"	1945	3	51.770697283656
"J04"	1945	4	71.8033014004746
"J04"	1945	5	91.8237141147048
"J04"	1945	6	115.847987827949
"J04"	1945	7	142.308342834388
"J04"	1945	8	71.2643550878404
"J04"	1945	9	130.816457195601
"J04"	1945	10	95.1827698148145
"J04"	1945	11	67.3950450332549
"J04"	1945	12	69.0564726027502
"J04"	1946	1	69.1080092988104
"J04"	1946	2	71.1583789386158
"J04"	1946	3	60.9709796758966
"J04"	1946	4	59.8949570378575
"J04"	1946	5	74.2669856193045
"J04"	1946	6	78.8144069985449
"J04"	1946	7	122.83937231013
"J04"	1946	8	65.4895817615605
"J04"	1946	9	61.4872924245249
"J04"	1946	10	70.7880071852612
"J04"	1946	11	56.7197728231702
"J04"	1946	12	86.4562559691854
"J04"	1947	1	44.4545444438241
"J04"	1947	2	68.0208530611501
"J04"	1947	3	56.8754533766092
"J04"	1947	4	58.8636168745042
"J04"	1947	5	119.449644586105
"J04"	1947	6	81.2652617388089
"J04"	1947	7	137.160901939064
"J04"	1947	8	69.9719686998307
"J04"	1947	9	100.768936897413
"J04"	1947	10	42.0973760444135
"J04"	1947	11	93.7350302868156
"J04"	1947	12	51.4541955792955
"J04"	1948	1	34.1546426883145
"J04"	1948	2	26.2553435583261
"J04"	1948	3	36.1318804201758
"J04"	1948	4	58.9259768202846
"J04"	1948	5	104.540437418567
"J04"	1948	6	71.297169417775
"J04"	1948	7	104.199210343116
"J04"	1948	8	120.23354801916
"J04"	1948	9	94.3429513245776
"J04"	1948	10	71.7545806378838
"J04"	1948	11	90.751199763272
"J04"	1948	12	53.0219578302231
"J04"	1949	1	54.2370903635019
"J04"	1949	2	36.8346844379721
"J04"	1949	3	61.8576297129443
"J04"	1949	4	42.9644709590486
"J04"	1949	5	110.045434828224
"J04"	1949	6	110.639342639723
"J04"	1949	7	89.3763892903882
"J04"	1949	8	155.723054122076
"J04"	1949	9	102.128989838413
"J04"	1949	10	73.6858109478374
"J04"	1949	11	72.1884248178925
"J04"	1949	12	46.4746815836815
"J04"	1950	1	61.0182363668554
"J04"	1950	2	63.345655633608
"J04"	1950	3	43.4297946198287
"J04"	1950	4	70.4072412306639
"J04"	1950	5	42.1731930436789
"J04"	1950	6	162.537744470065
"J04"	1950	7	124.10609044059
"J04"	1950	8	70.222576155629
"J04"	1950	9	54.2014820674681
"J04"	1950	10	118.057525239989
"J04"	1950	11	165.087164636727
"J04"	1950	12	86.099022967524
"J04"	1951	1	78.9679231989044
"J04"	1951	2	71.8982862547075
"J04"	1951	3	63.3010675163012
"J04"	1951	4	75.6433564801153
"J04"	1951	5	63.2756638490569
"J04"	1951	6	72.3866198131348
"J04"	1951	7	143.188547867009
"J04"	1951	8	87.4448525696204
"J04"	1951	9	80.4522577548454
"J04"	1951	10	93.1802600313297
"J04"	1951	11	85.7249974202136
"J04"	1951	12	67.7123509881719
"J04"	1952	1	70.2436787204133
"J04"	1952	2	78.1396497524759
"J04"	1952	3	61.2788754893313
"J04"	1952	4	47.6796675160081
"J04"	1952	5	62.4157347153415
"J04"	1952	6	131.513147157351
"J04"	1952	7	113.303698913948
"J04"	1952	8	131.645404101112
"J04"	1952	9	85.6622138139411
"J04"	1952	10	135.983659397049
"J04"	1952	11	30.3903129077624
"J04"	1952	12	28.907670623367
"J04"	1953	1	78.9123144600988
"J04"	1953	2	71.9797726437811
"J04"	1953	3	91.6836651397062
"J04"	1953	4	87.8406129585032
"J04"	1953	5	40.6697245862184
"J04"	1953	6	82.708252484656
"J04"	1953	7	135.696172838577
"J04"	1953	8	55.390271545936
"J04"	1953	9	128.216288461415
"J04"	1953	10	50.4576781156262
"J04"	1953	11	63.5087638710567
"J04"	1953	12	90.3059102471168
"J04"	1954	1	48.3611315637775
"J04"	1954	2	55.5925102564636
"J04"	1954	3	50.9646063324754
"J04"	1954	4	75.9799676584011
"J04"	1954	5	86.3515310073003
"J04"	1954	6	92.852483809925
"J04"	1954	7	182.983559452589
"J04"	1954	8	145.485329270785
"J04"	1954	9	124.294213743574
"J04"	1954	10	86.5600106724615
"J04"	1954	11	88.8234738567628
"J04"	1954	12	116.602813993277
"J04"	1955	1	77.4293517190659
"J04"	1955	2	47.7971021009297
"J04"	1955	3	116.839756330926
"J04"	1955	4	34.8112224120829
"J04"	1955	5	78.6094069227891
"J04"	1955	6	61.005541612185
"J04"	1955	7	70.4392069388397
"J04"	1955	8	106.031345622949
"J04"	1955	9	131.458648612216
"J04"	1955	10	50.345311501692
"J04"	1955	11	60.6507879883891
"J04"	1955	12	46.0546339156257
"J04"	1956	1	73.6818452149038
"J04"	1956	2	37.519936721175
"J04"	1956	3	37.654784176123
"J04"	1956	4	44.806100778472
"J04"	1956	5	62.3962845262
"J04"	1956	6	85.1536978562942
"J04"	1956	7	123.454056218706
"J04"	1956	8	103.558838865627
"J04"	1956	9	108.361519652656
"J04"	1956	10	69.0184480580725
"J04"	1956	11	63.6799172588192
"J04"	1956	12	64.1925033671629
"J04"	1957	1	33.6478921670045
"J04"	1957	2	49.2819924956773
"J04"	1957	3	42.9672042946507
"J04"	1957	4	53.7427017131638
"J04"	1957	5	43.4688302429962
"J04"	1957	6	135.187507407454
"J04"	1957	7	96.3726440884787
"J04"	1957	8	57.4845955402377
"J04"	1957	9	148.928673483617
"J04"	1957	10	75.8015424300333
"J04"	1957	11	88.4087925581672
"J04"	1957	12	88.6607454011067
"J04"	1958	1	74.4240857064899
"J04"	1958	2	73.2129426392653
"J04"	1958	3	22.1259860013066
"J04"	1958	4	60.9437891499232
"J04"	1958	5	68.6050069973963
"J04"	1958	6	168.048026909307
"J04"	1958	7	115.365713548583
"J04"	1958	8	154.25991372984
"J04"	1958	9	91.5321104384325
"J04"	1958	10	77.4112512578465
"J04"	1958	11	74.9753396081737
"J04"	1958	12	43.316292465864
"J04"	1959	1	68.9259816648599
"J04"	1959	2	36.3134406011138
"J04"	1959	3	75.2022276461276
"J04"	1959	4	59.400141800452
"J04"	1959	5	45.9139585941782
"J04"	1959	6	135.929867138649
"J04"	1959	7	79.1798763295597
"J04"	1959	8	83.7870032643606
"J04"	1959	9	74.107112621626
"J04"	1959	10	103.48660213562
"J04"	1959	11	121.678665767204
"J04"	1959	12	38.0398104918277
"J04"	1960	1	58.3020895321102
"J04"	1960	2	95.4638385523684
"J04"	1960	3	40.4152832469496
"J04"	1960	4	45.2909556024524
"J04"	1960	5	53.3380905174026
"J04"	1960	6	91.0635193047733
"J04"	1960	7	106.763400494017
"J04"	1960	8	76.9919380619121
"J04"	1960	9	111.96934245788
"J04"	1960	10	73.3423053938054
"J04"	1960	11	99.0025353807775
"J04"	1960	12	54.4643463748637
"J04"	1961	1	47.6769493380781
"J04"	1961	2	40.1736903567889
"J04"	1961	3	60.4770395797262
"J04"	1961	4	25.8697340145652
"J04"	1961	5	77.9533769998263
"J04"	1961	6	113.411623738557
"J04"	1961	7	94.7902020609016
"J04"	1961	8	109.331232808185
"J04"	1961	9	102.397346415183
"J04"	1961	10	61.9702068534736
"J04"	1961	11	54.5899289950198
"J04"	1961	12	60.6858037089913
"J04"	1962	1	68.6603931616979
"J04"	1962	2	30.3178536770585
"J04"	1962	3	24.4566653670367
"J04"	1962	4	62.4555286672566
"J04"	1962	5	70.1303968479869
"J04"	1962	6	87.0436855883595
"J04"	1962	7	112.514691529305
"J04"	1962	8	87.0293422829055
"J04"	1962	9	109.677024278732
"J04"	1962	10	76.6895220158248
"J04"	1962	11	56.2762319957922
"J04"	1962	12	78.7694240923296
"J04"	1963	1	61.6623550135237
"J04"	1963	2	49.3999271445256
"J04"	1963	3	45.5242861574176
"J04"	1963	4	61.424787429052
"J04"	1963	5	66.8534061672983
"J04"	1963	6	97.3594333342989
"J04"	1963	7	149.309264208189
"J04"	1963	8	82.6292996875484
"J04"	1963	9	92.7325729587054
"J04"	1963	10	75.6068117815959
"J04"	1963	11	107.138228164828
"J04"	1963	12	31.159350345219
"J04"	1964	1	66.6761635048971
"J04"	1964	2	34.1126926932202
"J04"	1964	3	84.1297320739871
"J04"	1964	4	18.0705893088769
"J04"	1964	5	115.161805653308
"J04"	1964	6	152.538925833736
"J04"	1964	7	132.497287033022
"J04"	1964	8	124.013914158097
"J04"	1964	9	70.6240143909476
"J04"	1964	10	85.8743142012052
"J04"	1964	11	62.621195246401
"J04"	1964	12	65.8297157646459
"J04"	1965	1	58.6216043240352
"J04"	1965	2	57.129750036262
"J04"	1965	3	19.6349213629816
"J04"	1965	4	25.2106119379357
"J04"	1965	5	72.5465659315721
"J04"	1965	6	81.8513528497649
"J04"	1965	7	120.971878971738
"J04"	1965	8	123.971628345322
"J04"	1965	9	97.1147252611432
"J04"	1965	10	119.866170920766
"J04"	1965	11	61.9757996050903
"J04"	1965	12	40.5716771648918
"J04"	1966	1	56.6683045574372
"J04"	1966	2	32.1342852169518
"J04"	1966	3	64.9454415596726
"J04"	1966	4	36.8278871469972
"J04"	1966	5	59.8357375416514
"J04"	1966	6	74.5553187485104
"J04"	1966	7	193.35160830135
"J04"	1966	8	115.201821928401
"J04"	1966	9	101.743715677345
"J04"	1966	10	131.253624131656
"J04"	1966	11	135.103867291998
"J04"	1966	12	67.3770213339093
"J04"	1967	1	54.7092445149058
"J04"	1967	2	46.8659513766127
"J04"	1967	3	16.596083666876
"J04"	1967	4	34.4469158802529
"J04"	1967	5	73.9959304838084
"J04"	1967	6	84.9885380139409
"J04"	1967	7	168.673195956126
"J04"	1967	8	92.2943340940669
"J04"	1967	9	145.17318489795
"J04"	1967	10	103.484842605637
"J04"	1967	11	85.6709880944892
"J04"	1967	12	65.0699973834226
"J04"	1968	1	42.8835521664084
"J04"	1968	2	59.478078627626
"J04"	1968	3	63.772089963517
"J04"	1968	4	71.4597663382579
"J04"	1968	5	14.7149750670211
"J04"	1968	6	82.1711111465627
"J04"	1968	7	106.420263399586
"J04"	1968	8	127.073691066302
"J04"	1968	9	71.0782931573575
"J04"	1968	10	108.711226225654
"J04"	1968	11	47.5705451908859
"J04"	1968	12	94.3795275654808
"J04"	1969	1	86.8818909951334
"J04"	1969	2	64.6600650708841
"J04"	1969	3	63.6868626699028
"J04"	1969	4	46.8209529396433
"J04"	1969	5	73.0463489224952
"J04"	1969	6	110.890566511383
"J04"	1969	7	103.805201893116
"J04"	1969	8	125.572670328045
"J04"	1969	9	125.341865360644
"J04"	1969	10	89.7345605196316
"J04"	1969	11	103.018700748324
"J04"	1969	12	96.2619388009762
"J04"	1970	1	45.0494759211959
"J04"	1970	2	59.1614262827272
"J04"	1970	3	60.767438476793
"J04"	1970	4	47.576395587614
"J04"	1970	5	77.0309411892791
"J04"	1970	6	116.129378765607
"J04"	1970	7	121.866493594766
"J04"	1970	8	127.631559465776
"J04"	1970	9	76.8201036777544
"J04"	1970	10	74.0723189871852
"J04"	1970	11	75.3375217740238
"J04"	1970	12	38.3084416940127
"J04"	1971	1	47.8533174426422
"J04"	1971	2	59.0516090908288
"J04"	1971	3	59.5727691128065
"J04"	1971	4	77.0095601838088
"J04"	1971	5	67.3069301176785
"J04"	1971	6	70.4871925341268
"J04"	1971	7	109.889316113778
"J04"	1971	8	144.42944130397
"J04"	1971	9	107.274304222279
"J04"	1971	10	107.012632269555
"J04"	1971	11	79.879326559188
"J04"	1971	12	65.1220298221209
"J04"	1972	1	64.0845374223687
"J04"	1972	2	56.70837434997
"J04"	1972	3	88.2153597303497
"J04"	1972	4	25.7461547870601
"J04"	1972	5	50.0651159017037
"J04"	1972	6	121.121492190062
"J04"	1972	7	94.3100446582934
"J04"	1972	8	110.107294639387
"J04"	1972	9	148.794661755033
"J04"	1972	10	83.8427328073817
"J04"	1972	11	66.1268174801963
"J04"	1972	12	65.4810766426977
"J04"	1973	1	68.2279466041752
"J04"	1973	2	67.499380201685
"J04"	1973	3	68.3792688079323
"J04"	1973	4	92.4932189562243
"J04"	1973	5	96.9060442842925
"J04"	1973	6	86.6492611127826
"J04"	1973	7	125.293458577925
"J04"	1973	8	106.499333738038
"J04"	1973	9	86.7460324103676
"J04"	1973	10	122.261253987355
"J04"	1973	11	69.6970411142322
"J04"	1973	12	139.720117875491
"J04"	1974	1	32.2479513557052
"J04"	1974	2	37.3204960098363
"J04"	1974	3	73.0109477106425
"J04"	1974	4	61.8612081843608
"J04"	1974	5	75.2051590489844
"J04"	1974	6	79.8257184922813
"J04"	1974	7	101.818711266596
"J04"	1974	8	113.642634794249
"J04"	1974	9	98.5440694904525
"J04"	1974	10	95.8853927030667
"J04"	1974	11	59.4260642943824
"J04"	1974	12	72.2024438542554
"J04"	1975	1	49.6227156025663
"J04"	1975	2	29.4938556683758
"J04"	1975	3	69.0899785723985
"J04"	1975	4	54.9537186745922
"J04"	1975	5	46.2391877381872
"J04"	1975	6	130.626664779391
"J04"	1975	7	118.82620623843
"J04"	1975	8	82.6513639446568
"J04"	1975	9	104.043520918871
"J04"	1975	10	49.9667418394317
"J04"	1975	11	81.9548672788227
"J04"	1975	12	55.815075118253
"J04"	1976	1	62.004908790405
"J04"	1976	2	68.4908381904427
"J04"	1976	3	50.8415480799037
"J04"	1976	4	79.1465044797516
"J04"	1976	5	101.940093989641
"J04"	1976	6	64.213985349941
"J04"	1976	7	124.19721654782
"J04"	1976	8	116.175239196593
"J04"	1976	9	115.408481764113
"J04"	1976	10	112.078644688204
"J04"	1976	11	59.341992017682
"J04"	1976	12	88.7980092081937
"J04"	1977	1	62.9661264806968
"J04"	1977	2	56.9536696426496
"J04"	1977	3	39.9880144472002
"J04"	1977	4	53.6966726162844
"J04"	1977	5	47.5570866249125
"J04"	1977	6	121.369961406082
"J04"	1977	7	118.922943497168
"J04"	1977	8	111.945556413358
"J04"	1977	9	79.5924389362735
"J04"	1977	10	80.4765778263233
"J04"	1977	11	101.86624392253
"J04"	1977	12	50.9081081841843
"J04"	1978	1	65.7565807718204
"J04"	1978	2	56.314711038425
"J04"	1978	3	75.606444823947
"J04"	1978	4	52.1197618605183
"J04"	1978	5	78.1783780057531
"J04"	1978	6	171.751096564249
"J04"	1978	7	114.608166008936
"J04"	1978	8	102.608009218094
"J04"	1978	9	89.6071804852114
"J04"	1978	10	97.5537925521897
"J04"	1978	11	62.6345910049842
"J04"	1978	12	93.1062833344424
"J04"	1979	1	76.1431467591698
"J04"	1979	2	50.9115586561382
"J04"	1979	3	91.5131529998104
"J04"	1979	4	72.3334396032039
"J04"	1979	5	101.125156096744
"J04"	1979	6	153.775183309799
"J04"	1979	7	155.940613293356
"J04"	1979	8	117.300383335122
"J04"	1979	9	114.830409697235
"J04"	1979	10	82.9773400136468
"J04"	1979	11	70.0208997452426
"J04"	1979	12	66.7233827784377
"J04"	1980	1	84.3425159262322
"J04"	1980	2	30.2833967624873
"J04"	1980	3	91.6569101373255
"J04"	1980	4	55.6057926623247
"J04"	1980	5	67.7272143059935
"J04"	1980	6	109.143035953358
"J04"	1980	7	139.300017120585
"J04"	1980	8	74.9839217975949
"J04"	1980	9	117.906977359602
"J04"	1980	10	99.7303545914151
"J04"	1980	11	61.9610983984294
"J04"	1980	12	80.5698403877306
"J04"	1981	1	73.1518543649325
"J04"	1981	2	78.1210427130445
"J04"	1981	3	52.4991073241946
"J04"	1981	4	76.3183347229077
"J04"	1981	5	99.3379017524056
"J04"	1981	6	110.295786885344
"J04"	1981	7	107.680288963932
"J04"	1981	8	88.7120127923672
"J04"	1981	9	81.535881691647
"J04"	1981	10	89.5172688888922
"J04"	1981	11	72.4451506295477
"J04"	1981	12	53.0242198515039
"J04"	1982	1	51.66410871865
"J04"	1982	2	25.5318680643698
"J04"	1982	3	54.0370958657257
"J04"	1982	4	114.694742806805
"J04"	1982	5	38.3813049774525
"J04"	1982	6	115.231696105792
"J04"	1982	7	97.2657722484479
"J04"	1982	8	110.215467026509
"J04"	1982	9	85.5765307430072
"J04"	1982	10	46.6409528868009
"J04"	1982	11	82.7993075198247
"J04"	1982	12	76.6754290383149
"J04"	1983	1	65.1031929184978
"J04"	1983	2	87.1474587609836
"J04"	1983	3	97.6693794715969
"J04"	1983	4	91.8682638391279
"J04"	1983	5	85.5867785724355
"J04"	1983	6	81.9244067899752
"J04"	1983	7	97.236499898726
"J04"	1983	8	88.4871438565935
"J04"	1983	9	136.436701037538
"J04"	1983	10	80.1559897168218
"J04"	1983	11	128.016149059813
"J04"	1983	12	84.9635678896605
"J04"	1984	1	47.9185961582041
"J04"	1984	2	67.7927650372005
"J04"	1984	3	49.9322347686862
"J04"	1984	4	29.3427131366603
"J04"	1984	5	93.7611716045217
"J04"	1984	6	92.4899633443432
"J04"	1984	7	146.038867953486
"J04"	1984	8	90.4146743725367
"J04"	1984	9	92.5827629505884
"J04"	1984	10	43.5239003731405
"J04"	1984	11	81.5339295831512
"J04"	1984	12	56.4452293251141
"J04"	1985	1	43.1502262394226
"J04"	1985	2	57.083934310891
"J04"	1985	3	55.4480707850947
"J04"	1985	4	38.6533176988992
"J04"	1985	5	71.5809594620599
"J04"	1985	6	90.3193151904166
"J04"	1985	7	141.23717957249
"J04"	1985	8	84.1258560642404
"J04"	1985	9	90.6363217456665
"J04"	1985	10	85.5119880555367
"J04"	1985	11	46.8084271208106
"J04"	1985	12	46.3352559766167
"J04"	1986	1	80.3218672286581
"J04"	1986	2	38.4885879498094
"J04"	1986	3	40.5576492335822
"J04"	1986	4	73.0415565751011
"J04"	1986	5	61.4996161124792
"J04"	1986	6	149.048642213398
"J04"	1986	7	121.42947953426
"J04"	1986	8	120.056565824714
"J04"	1986	9	115.763114416871
"J04"	1986	10	72.6228589145017
"J04"	1986	11	67.3231133562542
"J04"	1986	12	43.6613998396555
"J04"	1987	1	40.4574203118895
"J04"	1987	2	19.4230913734889
"J04"	1987	3	34.8377355015029
"J04"	1987	4	38.6209741768383
"J04"	1987	5	68.7112257608693
"J04"	1987	6	129.117918837663
"J04"	1987	7	114.50908817436
"J04"	1987	8	97.1514139721262
"J04"	1987	9	107.235857647874
"J04"	1987	10	88.6846766976698
"J04"	1987	11	92.6753050598612
"J04"	1987	12	54.4541547698138
"J04"	1988	1	71.9189576160756
"J04"	1988	2	78.8920354348692
"J04"	1988	3	58.0551079112177
"J04"	1988	4	60.5448775463823
"J04"	1988	5	59.4222805938672
"J04"	1988	6	150.47636032459
"J04"	1988	7	78.7826022564343
"J04"	1988	8	108.900538966018
"J04"	1988	9	130.64961285957
"J04"	1988	10	94.227778293264
"J04"	1988	11	71.6350916892822
"J04"	1988	12	56.275197671441
"J04"	1989	1	51.8358607954483
"J04"	1989	2	26.321554748914
"J04"	1989	3	41.7176695662287
"J04"	1989	4	53.5770564599747
"J04"	1989	5	71.5983019244467
"J04"	1989	6	101.411046201603
"J04"	1989	7	64.8327044194852
"J04"	1989	8	122.228741111454
"J04"	1989	9	81.8816459655221
"J04"	1989	10	93.6460761964211
"J04"	1989	11	72.6535237270404
"J04"	1989	12	53.1913102120665
"J04"	1990	1	59.9869732648489
"J04"	1990	2	44.3021372070745
"J04"	1990	3	27.0158119051598
"J04"	1990	4	40.542731892364
"J04"	1990	5	72.202677619724
"J04"	1990	6	85.5724279865204
"J04"	1990	7	95.4128069803111
"J04"	1990	8	86.0825508422658
"J04"	1990	9	144.062417312195
"J04"	1990	10	125.527326651164
"J04"	1990	11	102.201951135589
"J04"	1990	12	85.0461000586867
"J04"	1991	1	39.5383256832566
"J04"	1991	2	37.2546471278026
"J04"	1991	3	83.6321620915545
"J04"	1991	4	36.518085500901
"J04"	1991	5	61.7866564521698
"J04"	1991	6	68.6543043211691
"J04"	1991	7	103.735253978588
"J04"	1991	8	124.893156433589
"J04"	1991	9	78.2418165783064
"J04"	1991	10	156.240560634079
"J04"	1991	11	58.6666580719636
"J04"	1991	12	52.907918911204
"J04"	1992	1	76.9726808003767
"J04"	1992	2	39.0833872130269
"J04"	1992	3	45.9986873159991
"J04"	1992	4	59.5941015250739
"J04"	1992	5	41.8494439023749
"J04"	1992	6	152.752033478555
"J04"	1992	7	138.733108593569
"J04"	1992	8	148.93049376196
"J04"	1992	9	102.694866072466
"J04"	1992	10	81.8242027665371
"J04"	1992	11	48.012863446262
"J04"	1992	12	40.0448058852745
"J04"	1993	1	38.8046226693771
"J04"	1993	2	57.2753153720224
"J04"	1993	3	35.7380224089722
"J04"	1993	4	65.110082108864
"J04"	1993	5	97.6431753940263
"J04"	1993	6	96.2450346901506
"J04"	1993	7	119.156966896831
"J04"	1993	8	137.816720623521
"J04"	1993	9	115.782087593592
"J04"	1993	10	106.056741270187
"J04"	1993	11	68.8009349718765
"J04"	1993	12	63.9259310658236
"J04"	1994	1	75.6180484712924
"J04"	1994	2	50.6239079146336
"J04"	1994	3	60.1113776345821
"J04"	1994	4	61.5425986680468
"J04"	1994	5	67.4196189047425
"J04"	1994	6	139.948845786665
"J04"	1994	7	153.485945441973
"J04"	1994	8	121.940592197109
"J04"	1994	9	114.27803637545
"J04"	1994	10	45.4126505554996
"J04"	1994	11	130.085624453041
"J04"	1994	12	55.7405857932215
"J04"	1995	1	92.68324853089
"J04"	1995	2	81.4838251540737
"J04"	1995	3	70.7988137454091
"J04"	1995	4	68.6283631689239
"J04"	1995	5	65.2667450507834
"J04"	1995	6	59.5760030451554
"J04"	1995	7	121.983850175356
"J04"	1995	8	72.5986727290768
"J04"	1995	9	105.513433698094
"J04"	1995	10	113.204222833301
"J04"	1995	11	94.5298529801079
"J04"	1995	12	54.8317672097933
"J04"	1996	1	77.4720455005633
"J04"	1996	2	83.6751648603837
"J04"	1996	3	63.4215869621275
"J04"	1996	4	102.978205021638
"J04"	1996	5	52.6217911212736
"J04"	1996	6	73.901362784152
"J04"	1996	7	202.262262365367
"J04"	1996	8	62.3087997317845
"J04"	1996	9	53.9084718544834
"J04"	1996	10	86.9061275292224
"J04"	1996	11	75.6471083289422
"J04"	1996	12	91.8082562318358
"J04"	1997	1	86.1859659565052
"J04"	1997	2	41.7357362513609
"J04"	1997	3	53.8972959037142
"J04"	1997	4	24.8608208256361
"J04"	1997	5	120.454606573802
"J04"	1997	6	86.2742354004386
"J04"	1997	7	107.154713162978
"J04"	1997	8	99.4356129560778
"J04"	1997	9	115.554922039462
"J04"	1997	10	35.5116394417587
"J04"	1997	11	49.0567088868717
"J04"	1997	12	53.5804856440794
"J04"	1998	1	58.3275065475726
"J04"	1998	2	70.617389061687
"J04"	1998	3	84.5548336612796
"J04"	1998	4	35.1192056282423
"J04"	1998	5	58.579345128574
"J04"	1998	6	116.733598450818
"J04"	1998	7	167.004894001532
"J04"	1998	8	84.1841649438986
"J04"	1998	9	142.906718912136
"J04"	1998	10	87.2551825869196
"J04"	1998	11	92.0665559667318
"J04"	1998	12	59.0781653337408
"J04"	1999	1	79.7716820671866
"J04"	1999	2	42.6994025366193
"J04"	1999	3	84.034699524742
"J04"	1999	4	36.8543531605902
"J04"	1999	5	50.1941163453192
"J04"	1999	6	99.6067857770585
"J04"	1999	7	126.534975610148
"J04"	1999	8	87.7157117168578
"J04"	1999	9	114.002996333173
"J04"	1999	10	90.4648066017097
"J04"	1999	11	95.0989322840941
"J04"	1999	12	47.8815609950124
"J04"	2000	1	68.5623512606284
"J04"	2000	2	48.1019392747207
"J04"	2000	3	49.0868575849925
"J04"	2000	4	69.0637926714083
"J04"	2000	5	87.8873466729039
"J04"	2000	6	91.0248216612644
"J04"	2000	7	130.886682697734
"J04"	2000	8	114.061595839974
"J04"	2000	9	77.9777608559121
"J04"	2000	10	62.4659515906886
"J04"	2000	11	65.570629998118
"J04"	2000	12	78.4142909344886
"J04"	2001	1	23.0886916684557
"J04"	2001	2	62.5464700215968
"J04"	2001	3	36.3816602984266
"J04"	2001	4	34.0928500228215
"J04"	2001	5	47.0332249329055
"J04"	2001	6	138.875223830765
"J04"	2001	7	122.49563885812
"J04"	2001	8	99.9539710620864
"J04"	2001	9	79.9515430929765
"J04"	2001	10	105.663259551498
"J04"	2001	11	60.8808098558813
"J04"	2001	12	38.2651064447428
"J04"	2002	1	35.5767319173458
"J04"	2002	2	73.9279925221328
"J04"	2002	3	60.7634477253126
"J04"	2002	4	44.7418540138198
"J04"	2002	5	72.1797281080813
"J04"	2002	6	94.0427243096336
"J04"	2002	7	106.675925651749
"J04"	2002	8	92.1177666870385
"J04"	2002	9	88.3667570178273
"J04"	2002	10	76.8567709561061
"J04"	2002	11	76.1521279069909
"J04"	2002	12	49.2188797103511
"J04"	2003	1	20.5901689109908
"J04"	2003	2	66.793271904614
"J04"	2003	3	45.1035520947219
"J04"	2003	4	49.9439616530845
"J04"	2003	5	40.0118250087616
"J04"	2003	6	88.7930572582998
"J04"	2003	7	161.909525414924
"J04"	2003	8	102.187045192533
"J04"	2003	9	81.7086419823625
"J04"	2003	10	136.241426650203
"J04"	2003	11	92.2614586586545
"J04"	2003	12	92.6202187270737
"J04"	2004	1	42.0583076513288
"J04"	2004	2	25.3188690060211
"J04"	2004	3	49.7144685145088
"J04"	2004	4	36.3171925491559
"J04"	2004	5	82.6856085049452
"J04"	2004	6	110.337733536117
"J04"	2004	7	153.257759540731
"J04"	2004	8	147.00411486605
"J04"	2004	9	92.5115735124579
"J04"	2004	10	62.7620075155883
"J04"	2004	11	78.2832753741543
"J04"	2004	12	87.8268649914834
"J04"	2005	1	35.5658632618551
"J04"	2005	2	54.4978815439487
"J04"	2005	3	70.0584893852677
"J04"	2005	4	80.1570093271139
"J04"	2005	5	45.316584220096
"J04"	2005	6	112.947728305274
"J04"	2005	7	67.3271202222811
"J04"	2005	8	157.929805132405
"J04"	2005	9	103.61980486535
"J04"	2005	10	85.511166878806
"J04"	2005	11	110.320870745082
"J04"	2005	12	93.4074581569077
"J04"	2006	1	101.256298618316
"J04"	2006	2	74.8911801451775
"J04"	2006	3	47.0073224147949
"J04"	2006	4	39.8841754078317
"J04"	2006	5	80.5080248716522
"J04"	2006	6	113.461641776569
"J04"	2006	7	110.619428310742
"J04"	2006	8	82.08214364472
"J04"	2006	9	137.080991863691
"J04"	2006	10	121.731738484331
"J04"	2006	11	78.8887454799884
"J04"	2006	12	46.8467985862999
"J04"	2007	1	63.1805297491476
"J04"	2007	2	56.5089217992152
"J04"	2007	3	70.1552290544434
"J04"	2007	4	45.196711925688
"J04"	2007	5	43.2434304730657
"J04"	2007	6	101.430526407632
"J04"	2007	7	110.825472221433
"J04"	2007	8	119.908893601951
"J04"	2007	9	137.939100533275
"J04"	2007	10	88.0894896308789
"J04"	2007	11	129.699352225625
"J04"	2007	12	60.4871424349998
"J04"	2008	1	61.4981491151716
"J04"	2008	2	63.3487849873716
"J04"	2008	3	87.0022787618231
"J04"	2008	4	64.3901277343328
"J04"	2008	5	61.7377049404468
"J04"	2008	6	125.032160553217
"J04"	2008	7	119.668214353064
"J04"	2008	8	91.0166543211119
"J04"	2008	9	101.264019819763
"J04"	2008	10	75.9950462784501
"J04"	2008	11	84.2480882381187
"J04"	2008	12	78.1345960278971
"J04"	2009	1	66.3709509419506
"J04"	2009	2	51.7252422116544
"J04"	2009	3	37.83533387473
"J04"	2009	4	78.2410761644807
"J04"	2009	5	69.8668282327157
"J04"	2009	6	84.906292195462
"J04"	2009	7	123.158489988679
"J04"	2009	8	103.638342218595
"J04"	2009	9	77.2112815540714
"J04"	2009	10	85.6473098646331
"J04"	2009	11	60.1875255133311
"J04"	2009	12	74.1294358013165
"J04"	2010	1	47.9978091939938
"J04"	2010	2	34.4310159864413
"J04"	2010	3	34.1377897963097
"J04"	2010	4	47.7708301338239
"J04"	2010	5	75.4117179182375
"J04"	2010	6	108.881124810407
"J04"	2010	7	113.167548656848
"J04"	2010	8	71.9640268406462
"J04"	2010	9	164.094009900914
"J04"	2010	10	99.9782241919638
"J04"	2010	11	83.0858754310416
"J04"	2010	12	87.4930546850254
"J04"	2011	1	64.0756244063041
"J04"	2011	2	41.3817688424226
"J04"	2011	3	74.7436554553505
"J04"	2011	4	84.7969701528518
"J04"	2011	5	104.061778747296
"J04"	2011	6	94.2381794767478
"J04"	2011	7	128.283923782741
"J04"	2011	8	165.622028034657
"J04"	2011	9	80.4989581924477
"J04"	2011	10	52.0412269398603
"J04"	2011	11	74.7140173490348
"J04"	2011	12	63.8853287187943
"J04"	2012	1	71.7658214368588
"J04"	2012	2	39.2451004142642
"J04"	2012	3	44.7593824574604
"J04"	2012	4	76.0493486087096
"J04"	2012	5	75.9534896589526
"J04"	2012	6	100.998509742831
"J04"	2012	7	80.8451589691533
"J04"	2012	8	115.088317657661
"J04"	2012	9	86.500710469864
"J04"	2012	10	110.423777776734
"J04"	2012	11	32.3968967610188
"J04"	2012	12	81.7635219555176
"J04"	2013	1	57.1164019535207
"J04"	2013	2	45.3212110015478
"J04"	2013	3	62.7404274158486
"J04"	2013	4	61.3238248748165
"J04"	2013	5	95.7068826679027
"J04"	2013	6	91.6716944149796
"J04"	2013	7	56.3829392057914
"J04"	2013	8	75.7490532639888
"J04"	2013	9	102.421561114705
"J04"	2013	10	63.7777748329887
"J04"	2013	11	75.0788250894594
"J04"	2013	12	86.9801023318977
"J04"	2014	1	76.3344709469047
"J04"	2014	2	65.5274297428036
"J04"	2014	3	79.5135162316208
"J04"	2014	4	66.8632275217292
"J04"	2014	5	60.7995304356869
"J04"	2014	6	85.1048403048604
"J04"	2014	7	133.002728195695
"J04"	2014	8	96.4934878121735
"J04"	2014	9	112.848660681129
"J04"	2014	10	118.143519295638
"J04"	2014	11	70.9746636582916
"J04"	2014	12	68.6074612694079
"J04"	2015	1	78.5730042087357
"J04"	2015	2	34.8650829276601
"J04"	2015	3	33.8705585317892
"J04"	2015	4	47.5360650669067
"J04"	2015	5	61.1192291936253
"J04"	2015	6	92.4710459101925
"J04"	2015	7	151.837335176627
"J04"	2015	8	107.422429146284
"J04"	2015	9	83.3615382670662
"J04"	2015	10	58.6969252792502
"J04"	2015	11	102.966937650178
"J04"	2015	12	35.2698021954798
"J04"	2016	1	40.1547023587279
"J04"	2016	2	73.0952800203156
"J04"	2016	3	71.9446466335755
"J04"	2016	4	29.4184257561245
"J04"	2016	5	62.8262009558754
"J04"	2016	6	181.421631093694
"J04"	2016	7	138.073107088555
"J04"	2016	8	88.6036219905956
"J04"	2016	9	92.6265713535821
"J04"	2016	10	105.187365030761
"J04"	2016	11	58.4312577596806
"J04"	2016	12	42.0178368943307
