"J05"	1901	1	-27.0132715134211
"J05"	1901	2	-22.2873076556784
"J05"	1901	3	-19.8763185752269
"J05"	1901	4	-6.98330281085936
"J05"	1901	5	-0.485386393336445
"J05"	1901	6	4.87203963967545
"J05"	1901	7	7.35949893086896
"J05"	1901	8	6.74255077065173
"J05"	1901	9	1.95762956446307
"J05"	1901	10	-3.62014379236576
"J05"	1901	11	-11.6127353975754
"J05"	1901	12	-20.4682494072706
"J05"	1902	1	-26.6965798913423
"J05"	1902	2	-22.2122333086984
"J05"	1902	3	-13.6454159223818
"J05"	1902	4	-7.78206952328869
"J05"	1902	5	-2.62966526264075
"J05"	1902	6	3.03042726686309
"J05"	1902	7	7.23173146008215
"J05"	1902	8	6.7119234472505
"J05"	1902	9	4.16680009494537
"J05"	1902	10	-3.8873898624562
"J05"	1902	11	-11.0975467067466
"J05"	1902	12	-23.739830669803
"J05"	1903	1	-25.0799212987357
"J05"	1903	2	-24.6376632190017
"J05"	1903	3	-14.8144971857089
"J05"	1903	4	-9.38112010382447
"J05"	1903	5	-2.27403564386233
"J05"	1903	6	4.98877154771189
"J05"	1903	7	7.90408338485312
"J05"	1903	8	6.48132705256848
"J05"	1903	9	2.97601889126689
"J05"	1903	10	-2.35453631229431
"J05"	1903	11	-11.4823337778158
"J05"	1903	12	-24.7115875123057
"J05"	1904	1	-29.5634119636579
"J05"	1904	2	-29.5644196634922
"J05"	1904	3	-19.9840465871707
"J05"	1904	4	-9.0808405207182
"J05"	1904	5	-0.618477351794301
"J05"	1904	6	4.34711711510556
"J05"	1904	7	8.17675688237208
"J05"	1904	8	7.65082185996113
"J05"	1904	9	0.58520279694004
"J05"	1904	10	-3.72142013124024
"J05"	1904	11	-12.4670916014717
"J05"	1904	12	-25.1835204276423
"J05"	1905	1	-31.7473012201103
"J05"	1905	2	-27.0934230663743
"J05"	1905	3	-21.9549560610078
"J05"	1905	4	-8.38162349165748
"J05"	1905	5	-1.76289643305517
"J05"	1905	6	4.10547788338342
"J05"	1905	7	8.14999679392951
"J05"	1905	8	5.92049747916267
"J05"	1905	9	3.29424956189194
"J05"	1905	10	-3.18789159116178
"J05"	1905	11	-11.9517891987117
"J05"	1905	12	-20.9553363328102
"J05"	1906	1	-24.8316006882613
"J05"	1906	2	-25.1252979241458
"J05"	1906	3	-21.0280478653257
"J05"	1906	4	-9.7838745224228
"J05"	1906	5	-2.60724208591469
"J05"	1906	6	3.96385408315675
"J05"	1906	7	7.72405582450557
"J05"	1906	8	6.89041839823054
"J05"	1906	9	2.30319908853251
"J05"	1906	10	-2.55374607705471
"J05"	1906	11	-10.7362932866821
"J05"	1906	12	-25.5264760017337
"J05"	1907	1	-28.1159579363358
"J05"	1907	2	-26.3605116106244
"J05"	1907	3	-20.6038315348471
"J05"	1907	4	-9.8880458777345
"J05"	1907	5	-2.85143116898885
"J05"	1907	6	4.52226733328903
"J05"	1907	7	8.59919976012486
"J05"	1907	8	7.26071982689544
"J05"	1907	9	2.61208402466352
"J05"	1907	10	-3.51875217484645
"J05"	1907	11	-10.9204142162306
"J05"	1907	12	-19.396351969166
"J05"	1908	1	-28.0001013265266
"J05"	1908	2	-26.2995569344513
"J05"	1908	3	-21.0825471926662
"J05"	1908	4	-12.4945360863858
"J05"	1908	5	-0.995252676393819
"J05"	1908	6	4.68076564606247
"J05"	1908	7	9.5757246122551
"J05"	1908	8	7.13155719495237
"J05"	1908	9	4.4209487295905
"J05"	1908	10	-1.08269386404648
"J05"	1908	11	-10.8040100586159
"J05"	1908	12	-25.0641896646956
"J05"	1909	1	-26.6837176348854
"J05"	1909	2	-27.2428937783295
"J05"	1909	3	-17.4642085436861
"J05"	1909	4	-10.0036012423301
"J05"	1909	5	-1.53836844078506
"J05"	1909	6	3.93937831981126
"J05"	1909	7	8.95387542033578
"J05"	1909	8	7.60305961309084
"J05"	1909	9	3.72980811870905
"J05"	1909	10	-0.545354687357377
"J05"	1909	11	-9.98699853944926
"J05"	1909	12	-17.529313657505
"J05"	1910	1	-22.4664218956562
"J05"	1910	2	-27.4909103211558
"J05"	1910	3	-18.1486455199973
"J05"	1910	4	-6.61519387489177
"J05"	1910	5	-0.580446167077811
"J05"	1910	6	4.69810689913532
"J05"	1910	7	8.53376288496003
"J05"	1910	8	7.77532335584057
"J05"	1910	9	2.33851030462055
"J05"	1910	10	-2.6067044827952
"J05"	1910	11	-7.76937905609634
"J05"	1910	12	-23.1909671419072
"J05"	1911	1	-30.5479497879476
"J05"	1911	2	-28.7438436594617
"J05"	1911	3	-21.4357710575157
"J05"	1911	4	-9.3291783241695
"J05"	1911	5	0.0788277071958803
"J05"	1911	6	5.55696622946648
"J05"	1911	7	10.0154020706337
"J05"	1911	8	8.34837319636648
"J05"	1911	9	1.94678363800981
"J05"	1911	10	-3.06694997357793
"J05"	1911	11	-13.3513449600695
"J05"	1911	12	-18.1486889467999
"J05"	1912	1	-29.1283601511791
"J05"	1912	2	-22.1017159035254
"J05"	1912	3	-21.5255328617582
"J05"	1912	4	-12.5455979261085
"J05"	1912	5	-1.66033111489134
"J05"	1912	6	3.51592127372794
"J05"	1912	7	7.69872885428278
"J05"	1912	8	6.12212765974517
"J05"	1912	9	2.45436995481181
"J05"	1912	10	-2.22637105061916
"J05"	1912	11	-11.8333658441163
"J05"	1912	12	-23.902111713288
"J05"	1913	1	-26.1075000523997
"J05"	1913	2	-30.8643618843981
"J05"	1913	3	-18.417634354877
"J05"	1913	4	-8.56446087388164
"J05"	1913	5	-1.5978419866792
"J05"	1913	6	2.4748439572892
"J05"	1913	7	7.78353599261093
"J05"	1913	8	6.5963942483656
"J05"	1913	9	2.56107369399934
"J05"	1913	10	0.214740594243554
"J05"	1913	11	-8.31581489708969
"J05"	1913	12	-18.4511373520078
"J05"	1914	1	-27.3850171666765
"J05"	1914	2	-29.2317609246372
"J05"	1914	3	-14.411523887018
"J05"	1914	4	-11.7855077484107
"J05"	1914	5	-0.733634352253078
"J05"	1914	6	3.13368045498
"J05"	1914	7	7.46962745829135
"J05"	1914	8	6.37102693327616
"J05"	1914	9	3.46672691605334
"J05"	1914	10	-3.54402562524906
"J05"	1914	11	-13.3990492263784
"J05"	1914	12	-22.5956860957346
"J05"	1915	1	-23.8606048132877
"J05"	1915	2	-20.903500169318
"J05"	1915	3	-16.5067223984554
"J05"	1915	4	-7.3084016681306
"J05"	1915	5	-1.26763521966353
"J05"	1915	6	3.99256236005325
"J05"	1915	7	7.2568643656034
"J05"	1915	8	6.84593726897093
"J05"	1915	9	3.27115242271473
"J05"	1915	10	-2.70333640948632
"J05"	1915	11	-9.38362040879624
"J05"	1915	12	-16.2359351300879
"J05"	1916	1	-24.8340307215446
"J05"	1916	2	-25.0788967686538
"J05"	1916	3	-24.1031648953575
"J05"	1916	4	-7.63263957969991
"J05"	1916	5	-0.399828995729201
"J05"	1916	6	5.85175751564006
"J05"	1916	7	9.74519270175578
"J05"	1916	8	7.42109343718409
"J05"	1916	9	3.07409293012202
"J05"	1916	10	-3.66387900208778
"J05"	1916	11	-12.7700179407834
"J05"	1916	12	-20.9722230390441
"J05"	1917	1	-28.9053744745585
"J05"	1917	2	-27.3576146066642
"J05"	1917	3	-18.300960512274
"J05"	1917	4	-6.75784013868679
"J05"	1917	5	-1.53024938886507
"J05"	1917	6	5.61155068744522
"J05"	1917	7	9.63461680260736
"J05"	1917	8	8.6964751615166
"J05"	1917	9	1.27521254606678
"J05"	1917	10	-2.92633400050609
"J05"	1917	11	-13.5588214066822
"J05"	1917	12	-26.6053816806052
"J05"	1918	1	-23.9749385055064
"J05"	1918	2	-28.9394508020594
"J05"	1918	3	-22.4998577891464
"J05"	1918	4	-9.98382498308839
"J05"	1918	5	-1.75901562288305
"J05"	1918	6	3.27208210809165
"J05"	1918	7	8.82500633890348
"J05"	1918	8	6.77199251483323
"J05"	1918	9	2.2741525435608
"J05"	1918	10	-3.59132997991054
"J05"	1918	11	-10.0504936555246
"J05"	1918	12	-21.736371031859
"J05"	1919	1	-26.5430009999718
"J05"	1919	2	-18.3240376263673
"J05"	1919	3	-16.6994734318655
"J05"	1919	4	-8.11061771063597
"J05"	1919	5	-1.38625461713096
"J05"	1919	6	5.83337636113047
"J05"	1919	7	7.61607153480058
"J05"	1919	8	7.54741071383635
"J05"	1919	9	2.87065950870775
"J05"	1919	10	-5.45947004300115
"J05"	1919	11	-10.8453200048696
"J05"	1919	12	-26.6658302271099
"J05"	1920	1	-30.1100781054929
"J05"	1920	2	-23.810882777386
"J05"	1920	3	-19.4991882288637
"J05"	1920	4	-7.63824032323854
"J05"	1920	5	-1.81206746004642
"J05"	1920	6	4.09548341949793
"J05"	1920	7	7.70745452299813
"J05"	1920	8	6.82246330461597
"J05"	1920	9	3.16452935280174
"J05"	1920	10	-1.03125584536035
"J05"	1920	11	-14.4436577700056
"J05"	1920	12	-18.994256209825
"J05"	1921	1	-23.8767453704843
"J05"	1921	2	-27.000078761198
"J05"	1921	3	-16.9984718066638
"J05"	1921	4	-9.96680821529447
"J05"	1921	5	-0.536546174439969
"J05"	1921	6	4.05835502386924
"J05"	1921	7	9.39884066300127
"J05"	1921	8	4.99684309833964
"J05"	1921	9	2.35553357731159
"J05"	1921	10	-4.00701324903822
"J05"	1921	11	-13.7458707369976
"J05"	1921	12	-22.8218598788302
"J05"	1922	1	-27.8434252273362
"J05"	1922	2	-27.9920118442096
"J05"	1922	3	-18.2968245500504
"J05"	1922	4	-7.49655891836645
"J05"	1922	5	-0.659772615748791
"J05"	1922	6	4.92193342124151
"J05"	1922	7	6.78994154497526
"J05"	1922	8	6.17028134101196
"J05"	1922	9	1.24339997264206
"J05"	1922	10	-5.58715025535513
"J05"	1922	11	-11.5520387315114
"J05"	1922	12	-27.0490056163588
"J05"	1923	1	-29.9107357324144
"J05"	1923	2	-30.6869765144027
"J05"	1923	3	-24.6938959520549
"J05"	1923	4	-12.0277243941788
"J05"	1923	5	-2.18190972882351
"J05"	1923	6	2.18617186549788
"J05"	1923	7	6.48040984642884
"J05"	1923	8	5.24268508812957
"J05"	1923	9	1.32789387748279
"J05"	1923	10	-3.27197551631377
"J05"	1923	11	-10.0619854113126
"J05"	1923	12	-16.1759734578544
"J05"	1924	1	-28.6792560487588
"J05"	1924	2	-28.4849780196523
"J05"	1924	3	-13.9893024275987
"J05"	1924	4	-8.86059158986728
"J05"	1924	5	-1.90318672568261
"J05"	1924	6	4.05102095962019
"J05"	1924	7	6.97002079654217
"J05"	1924	8	6.11409831047003
"J05"	1924	9	1.90892186207554
"J05"	1924	10	-4.86155841166067
"J05"	1924	11	-10.0754980012648
"J05"	1924	12	-24.9027614045744
"J05"	1925	1	-31.9493058838336
"J05"	1925	2	-21.985540560173
"J05"	1925	3	-16.5823029764537
"J05"	1925	4	-9.49525215518638
"J05"	1925	5	-1.82378016923763
"J05"	1925	6	5.41659330145235
"J05"	1925	7	8.55873946890046
"J05"	1925	8	7.98473527641317
"J05"	1925	9	1.38653559912239
"J05"	1925	10	-5.85585113049809
"J05"	1925	11	-10.8924904541845
"J05"	1925	12	-22.1296975012263
"J05"	1926	1	-27.7209372429957
"J05"	1926	2	-25.8879600804367
"J05"	1926	3	-22.5724772045612
"J05"	1926	4	-11.6317528193756
"J05"	1926	5	-2.94380740241892
"J05"	1926	6	3.98304143760251
"J05"	1926	7	6.54665588959712
"J05"	1926	8	6.2548917875489
"J05"	1926	9	1.66089405825007
"J05"	1926	10	-2.35458770558436
"J05"	1926	11	-11.8130158576815
"J05"	1926	12	-23.6570137002134
"J05"	1927	1	-25.0937816946501
"J05"	1927	2	-25.0917912610071
"J05"	1927	3	-17.6596119289883
"J05"	1927	4	-9.07006516608325
"J05"	1927	5	-1.86331605208719
"J05"	1927	6	3.15043973817201
"J05"	1927	7	9.4338881813052
"J05"	1927	8	6.42481241135902
"J05"	1927	9	2.93228824227496
"J05"	1927	10	-1.05724261467055
"J05"	1927	11	-10.0371822132337
"J05"	1927	12	-20.1848626607212
"J05"	1928	1	-27.8673764818081
"J05"	1928	2	-26.8966808794369
"J05"	1928	3	-18.0432674303058
"J05"	1928	4	-9.70995296910983
"J05"	1928	5	0.0177825180208417
"J05"	1928	6	3.91888864524619
"J05"	1928	7	8.02065416462651
"J05"	1928	8	8.0947882674289
"J05"	1928	9	0.901104178934897
"J05"	1928	10	-3.56331755814935
"J05"	1928	11	-13.0650978538261
"J05"	1928	12	-18.6133204735685
"J05"	1929	1	-26.441404304667
"J05"	1929	2	-25.002317249068
"J05"	1929	3	-19.0230435764131
"J05"	1929	4	-11.2511219210224
"J05"	1929	5	-2.20038867211202
"J05"	1929	6	4.08859475497428
"J05"	1929	7	7.30710853638655
"J05"	1929	8	6.06514460448592
"J05"	1929	9	2.16775620266547
"J05"	1929	10	-2.97246541648901
"J05"	1929	11	-12.596934677543
"J05"	1929	12	-25.8426659171938
"J05"	1930	1	-28.915552192671
"J05"	1930	2	-26.2083394436746
"J05"	1930	3	-17.1986278950613
"J05"	1930	4	-9.6931887862958
"J05"	1930	5	-1.71780022782541
"J05"	1930	6	6.65982249585293
"J05"	1930	7	8.0934126042982
"J05"	1930	8	7.2361441894302
"J05"	1930	9	3.33279892873737
"J05"	1930	10	-2.48432717817145
"J05"	1930	11	-9.73273036975127
"J05"	1930	12	-21.2734311459375
"J05"	1931	1	-26.7895206470547
"J05"	1931	2	-23.7144288247677
"J05"	1931	3	-11.7697459003482
"J05"	1931	4	-7.03557624299596
"J05"	1931	5	0.0656140801872269
"J05"	1931	6	5.3328135858306
"J05"	1931	7	10.1798040589665
"J05"	1931	8	7.40809308635836
"J05"	1931	9	3.29684306321942
"J05"	1931	10	-1.49853886399158
"J05"	1931	11	-7.77242265544573
"J05"	1931	12	-20.3059451781075
"J05"	1932	1	-23.9628964761456
"J05"	1932	2	-27.720300306556
"J05"	1932	3	-18.3363965334294
"J05"	1932	4	-8.47766016241706
"J05"	1932	5	-1.55007266039899
"J05"	1932	6	3.40760408747925
"J05"	1932	7	7.86650641828218
"J05"	1932	8	7.58128400890601
"J05"	1932	9	3.7604373322151
"J05"	1932	10	-2.01480226274955
"J05"	1932	11	-13.5161276023494
"J05"	1932	12	-22.3405747144537
"J05"	1933	1	-23.5353303084203
"J05"	1933	2	-22.3257978358562
"J05"	1933	3	-20.7991923585617
"J05"	1933	4	-8.01898499736978
"J05"	1933	5	-2.26490077286021
"J05"	1933	6	4.08411784889994
"J05"	1933	7	7.25359236264491
"J05"	1933	8	6.75595559311069
"J05"	1933	9	2.42403872171609
"J05"	1933	10	-3.23296340023523
"J05"	1933	11	-18.1642390689691
"J05"	1933	12	-29.7778525046711
"J05"	1934	1	-30.0068143906462
"J05"	1934	2	-30.2307313406691
"J05"	1934	3	-21.2588925503992
"J05"	1934	4	-7.75921062713207
"J05"	1934	5	-1.67891587615431
"J05"	1934	6	3.56233388965572
"J05"	1934	7	7.44113966390621
"J05"	1934	8	5.9322916080343
"J05"	1934	9	4.88800281641382
"J05"	1934	10	-3.85296649186567
"J05"	1934	11	-10.3169143481317
"J05"	1934	12	-24.9181845527581
"J05"	1935	1	-30.9776438127514
"J05"	1935	2	-28.4350704901561
"J05"	1935	3	-20.8160646172481
"J05"	1935	4	-8.698125433337
"J05"	1935	5	-1.79209093733174
"J05"	1935	6	6.04228120839519
"J05"	1935	7	8.82932293041818
"J05"	1935	8	8.01050016150135
"J05"	1935	9	1.55263226444372
"J05"	1935	10	-3.17473350596406
"J05"	1935	11	-11.4737436811212
"J05"	1935	12	-20.0613104773017
"J05"	1936	1	-25.0478867868629
"J05"	1936	2	-26.4384550522775
"J05"	1936	3	-14.471007059691
"J05"	1936	4	-7.63565750117121
"J05"	1936	5	-2.20435665547856
"J05"	1936	6	4.72401735034576
"J05"	1936	7	7.21838303224077
"J05"	1936	8	5.79085462345128
"J05"	1936	9	2.21807287262414
"J05"	1936	10	-3.89810363503302
"J05"	1936	11	-14.4342630454666
"J05"	1936	12	-23.9066414020736
"J05"	1937	1	-27.2172959560478
"J05"	1937	2	-22.1402204351197
"J05"	1937	3	-18.8239028333551
"J05"	1937	4	-7.77182584635226
"J05"	1937	5	0.0844041299065184
"J05"	1937	6	5.30746646489823
"J05"	1937	7	9.50854433669037
"J05"	1937	8	9.17358800875227
"J05"	1937	9	2.88451828732482
"J05"	1937	10	-2.4228607458468
"J05"	1937	11	-9.99795935586539
"J05"	1937	12	-22.5536696720939
"J05"	1938	1	-27.8857208553931
"J05"	1938	2	-26.43967989977
"J05"	1938	3	-19.7752496757952
"J05"	1938	4	-8.70680404747781
"J05"	1938	5	-1.02565411419559
"J05"	1938	6	5.89246359384509
"J05"	1938	7	9.20007013560684
"J05"	1938	8	7.45896147703072
"J05"	1938	9	2.35221013802908
"J05"	1938	10	-2.44871854752387
"J05"	1938	11	-11.9640988437628
"J05"	1938	12	-19.7017850295208
"J05"	1939	1	-26.9530394389466
"J05"	1939	2	-29.3364230027692
"J05"	1939	3	-25.0256192320436
"J05"	1939	4	-9.94091188440569
"J05"	1939	5	-2.53449259706374
"J05"	1939	6	2.77872259193205
"J05"	1939	7	9.39311750921721
"J05"	1939	8	8.7470719865983
"J05"	1939	9	2.42138193864365
"J05"	1939	10	-3.67542384802472
"J05"	1939	11	-11.9319839799176
"J05"	1939	12	-18.9503631725429
"J05"	1940	1	-25.4190797029459
"J05"	1940	2	-25.7299989896341
"J05"	1940	3	-17.6753883047228
"J05"	1940	4	-9.47451291463641
"J05"	1940	5	-0.642114840558274
"J05"	1940	6	3.66583994111211
"J05"	1940	7	8.68771228615335
"J05"	1940	8	6.83789614180879
"J05"	1940	9	3.49228701975889
"J05"	1940	10	-4.30275946252201
"J05"	1940	11	-10.2008854055136
"J05"	1940	12	-24.6990365752983
"J05"	1941	1	-27.9837118087565
"J05"	1941	2	-21.6196706664205
"J05"	1941	3	-19.624446173966
"J05"	1941	4	-9.80790614058084
"J05"	1941	5	-1.54846139244984
"J05"	1941	6	3.35351488001282
"J05"	1941	7	8.08375388764797
"J05"	1941	8	5.53125955450337
"J05"	1941	9	1.86518218789302
"J05"	1941	10	-3.93043277391919
"J05"	1941	11	-11.2700397959462
"J05"	1941	12	-20.3476966705326
"J05"	1942	1	-30.0469383543925
"J05"	1942	2	-23.7047278581427
"J05"	1942	3	-15.9726395824404
"J05"	1942	4	-8.84133198428027
"J05"	1942	5	0.446486865324327
"J05"	1942	6	4.5415469506039
"J05"	1942	7	7.58108011723486
"J05"	1942	8	7.22699027792398
"J05"	1942	9	2.14027309448856
"J05"	1942	10	-2.15800831372345
"J05"	1942	11	-11.438767861188
"J05"	1942	12	-26.396135241261
"J05"	1943	1	-27.6086781545261
"J05"	1943	2	-23.4848474351211
"J05"	1943	3	-21.8198369893798
"J05"	1943	4	-11.6749742796872
"J05"	1943	5	-3.35729653340423
"J05"	1943	6	3.32981944568601
"J05"	1943	7	8.07953979489947
"J05"	1943	8	7.22502784056832
"J05"	1943	9	2.81781770646395
"J05"	1943	10	-1.58496056328821
"J05"	1943	11	-11.7064199440828
"J05"	1943	12	-24.4441568269839
"J05"	1944	1	-22.9685982944538
"J05"	1944	2	-28.1600129400726
"J05"	1944	3	-20.5660650830114
"J05"	1944	4	-10.5089742879691
"J05"	1944	5	-1.15994917295607
"J05"	1944	6	4.41823470850635
"J05"	1944	7	8.27903517199261
"J05"	1944	8	8.22531352420991
"J05"	1944	9	5.09812328365798
"J05"	1944	10	-3.41083500092332
"J05"	1944	11	-9.07233569942746
"J05"	1944	12	-21.7912201453315
"J05"	1945	1	-27.0263612584043
"J05"	1945	2	-24.6303967211059
"J05"	1945	3	-16.8111383211941
"J05"	1945	4	-7.84324626174284
"J05"	1945	5	-1.06149882484741
"J05"	1945	6	4.40676565259239
"J05"	1945	7	8.27948804529266
"J05"	1945	8	7.32773648492131
"J05"	1945	9	2.78144084080872
"J05"	1945	10	-3.53529297302512
"J05"	1945	11	-11.3358720489303
"J05"	1945	12	-21.8365265301177
"J05"	1946	1	-27.7819644746571
"J05"	1946	2	-28.7960602652224
"J05"	1946	3	-17.9547175134969
"J05"	1946	4	-9.47756756020754
"J05"	1946	5	-1.7619653476315
"J05"	1946	6	3.19539301779096
"J05"	1946	7	6.28081376333274
"J05"	1946	8	7.03207158757961
"J05"	1946	9	3.96781518398865
"J05"	1946	10	-1.95797430102229
"J05"	1946	11	-12.6965636285594
"J05"	1946	12	-24.579270838252
"J05"	1947	1	-28.4354928528955
"J05"	1947	2	-19.9570599780738
"J05"	1947	3	-16.9966130700744
"J05"	1947	4	-15.1117829795271
"J05"	1947	5	-3.66139858187938
"J05"	1947	6	3.38410875420343
"J05"	1947	7	10.1829572510707
"J05"	1947	8	6.93803724375466
"J05"	1947	9	0.957201161116645
"J05"	1947	10	-0.778482321513599
"J05"	1947	11	-9.95396683876415
"J05"	1947	12	-21.1186360174162
"J05"	1948	1	-28.4869637774219
"J05"	1948	2	-31.5133611184817
"J05"	1948	3	-25.136787781923
"J05"	1948	4	-11.5456142284446
"J05"	1948	5	-0.559786095188148
"J05"	1948	6	4.2730095878883
"J05"	1948	7	8.78597502794474
"J05"	1948	8	8.04533899066449
"J05"	1948	9	4.04947532296875
"J05"	1948	10	-1.89653148925056
"J05"	1948	11	-7.30756035682125
"J05"	1948	12	-19.0536416680483
"J05"	1949	1	-26.9362585362272
"J05"	1949	2	-29.265231323813
"J05"	1949	3	-19.8752475596447
"J05"	1949	4	-7.27824694158097
"J05"	1949	5	-1.55694902688699
"J05"	1949	6	6.26228835443699
"J05"	1949	7	8.98979042413064
"J05"	1949	8	7.35366076245088
"J05"	1949	9	3.64459153332483
"J05"	1949	10	-2.2120511446081
"J05"	1949	11	-13.6569907861274
"J05"	1949	12	-20.5834079054716
"J05"	1950	1	-29.9831361765931
"J05"	1950	2	-29.3125363368679
"J05"	1950	3	-20.9115134791843
"J05"	1950	4	-8.70858919082997
"J05"	1950	5	-1.05273269422175
"J05"	1950	6	4.3521190803608
"J05"	1950	7	7.9942232836959
"J05"	1950	8	5.76259186354982
"J05"	1950	9	1.04240151181262
"J05"	1950	10	-3.62511319387354
"J05"	1950	11	-9.70221253226927
"J05"	1950	12	-18.7073596152191
"J05"	1951	1	-26.7272957280929
"J05"	1951	2	-23.9546876718133
"J05"	1951	3	-16.7448596868644
"J05"	1951	4	-3.23565641747347
"J05"	1951	5	0.0530010805718903
"J05"	1951	6	4.04251796778165
"J05"	1951	7	7.0990215782092
"J05"	1951	8	6.17169211812675
"J05"	1951	9	2.94267747151658
"J05"	1951	10	-2.93585608226877
"J05"	1951	11	-13.3431110636659
"J05"	1951	12	-23.2251827988903
"J05"	1952	1	-29.1682282657689
"J05"	1952	2	-22.9907912684158
"J05"	1952	3	-14.0744192892697
"J05"	1952	4	-8.45865198369496
"J05"	1952	5	0.660331370109908
"J05"	1952	6	5.33346287086014
"J05"	1952	7	10.0039550808962
"J05"	1952	8	8.18062509309227
"J05"	1952	9	2.64529076978466
"J05"	1952	10	-4.34437899665661
"J05"	1952	11	-11.879619738002
"J05"	1952	12	-18.2368537688878
"J05"	1953	1	-26.7053679453402
"J05"	1953	2	-23.0200954131618
"J05"	1953	3	-16.9995511563301
"J05"	1953	4	-3.9772725959931
"J05"	1953	5	-1.13083278586513
"J05"	1953	6	4.42493052828625
"J05"	1953	7	8.00884886735329
"J05"	1953	8	5.78911692442668
"J05"	1953	9	3.15011767542877
"J05"	1953	10	-4.05074057163326
"J05"	1953	11	-8.81153650230877
"J05"	1953	12	-20.7424145279938
"J05"	1954	1	-32.0380109285997
"J05"	1954	2	-21.6421748169566
"J05"	1954	3	-18.2200788999248
"J05"	1954	4	-12.5914890812465
"J05"	1954	5	-0.0207873333209008
"J05"	1954	6	5.31681748061647
"J05"	1954	7	7.31340835148996
"J05"	1954	8	6.7968349902895
"J05"	1954	9	3.05701500531097
"J05"	1954	10	-2.35486566551379
"J05"	1954	11	-11.3386297431574
"J05"	1954	12	-20.9422319242524
"J05"	1955	1	-22.4653570301186
"J05"	1955	2	-25.1569752028342
"J05"	1955	3	-19.6360854206101
"J05"	1955	4	-8.50162832870083
"J05"	1955	5	-0.309924023978446
"J05"	1955	6	5.80896915865821
"J05"	1955	7	8.21733495242916
"J05"	1955	8	7.70351918040312
"J05"	1955	9	2.06578747790747
"J05"	1955	10	-1.95657466133646
"J05"	1955	11	-9.06086294347285
"J05"	1955	12	-22.7368927511888
"J05"	1956	1	-18.1863234162229
"J05"	1956	2	-25.1648527421586
"J05"	1956	3	-23.0477280458525
"J05"	1956	4	-8.10785446386597
"J05"	1956	5	-4.99877771445229
"J05"	1956	6	3.30111672456525
"J05"	1956	7	6.62040371995248
"J05"	1956	8	5.40893086555743
"J05"	1956	9	1.27620492648044
"J05"	1956	10	-1.95573329703286
"J05"	1956	11	-13.0782992271943
"J05"	1956	12	-26.3271015386093
"J05"	1957	1	-34.7002909470354
"J05"	1957	2	-24.3663197255726
"J05"	1957	3	-14.6550321631622
"J05"	1957	4	-9.31033197865976
"J05"	1957	5	-3.38793145543792
"J05"	1957	6	3.59287000384276
"J05"	1957	7	7.722436810878
"J05"	1957	8	5.51280599961971
"J05"	1957	9	2.88809945952556
"J05"	1957	10	-1.8523186045627
"J05"	1957	11	-9.79115280043974
"J05"	1957	12	-19.9134607073439
"J05"	1958	1	-21.6073081106073
"J05"	1958	2	-22.0619894892398
"J05"	1958	3	-11.2577575355358
"J05"	1958	4	-7.70931517295541
"J05"	1958	5	-1.77766706761876
"J05"	1958	6	1.98390283326573
"J05"	1958	7	8.02339131286626
"J05"	1958	8	6.21501882678769
"J05"	1958	9	2.20141632320509
"J05"	1958	10	-4.04642903306479
"J05"	1958	11	-12.7995784029551
"J05"	1958	12	-27.5962753130543
"J05"	1959	1	-24.4071152514905
"J05"	1959	2	-31.9526864627414
"J05"	1959	3	-22.556070873347
"J05"	1959	4	-9.00509173108871
"J05"	1959	5	-0.46803258233263
"J05"	1959	6	4.27401218390799
"J05"	1959	7	10.0232968674244
"J05"	1959	8	7.61560546971711
"J05"	1959	9	4.31611426123566
"J05"	1959	10	-3.03824878009309
"J05"	1959	11	-13.3037940259874
"J05"	1959	12	-21.4758412957189
"J05"	1960	1	-24.4998071560161
"J05"	1960	2	-18.4394486776008
"J05"	1960	3	-20.1507599635651
"J05"	1960	4	-10.2980610061471
"J05"	1960	5	1.34097012493365
"J05"	1960	6	5.76319540706057
"J05"	1960	7	7.32216936954132
"J05"	1960	8	6.9146774777035
"J05"	1960	9	3.03214587553662
"J05"	1960	10	-2.42789416494373
"J05"	1960	11	-10.5038954988889
"J05"	1960	12	-22.2520807531277
"J05"	1961	1	-30.1858691510225
"J05"	1961	2	-27.6230518413784
"J05"	1961	3	-19.7424441618327
"J05"	1961	4	-4.98863630907323
"J05"	1961	5	-1.2507881940107
"J05"	1961	6	3.65146903223827
"J05"	1961	7	7.9198987378183
"J05"	1961	8	7.71230951298865
"J05"	1961	9	4.14932758430897
"J05"	1961	10	-1.91546271331215
"J05"	1961	11	-8.09981188559082
"J05"	1961	12	-16.1248630838104
"J05"	1962	1	-30.5659995901122
"J05"	1962	2	-32.0047104154557
"J05"	1962	3	-13.1315489628065
"J05"	1962	4	-11.477221694259
"J05"	1962	5	-1.74368349393361
"J05"	1962	6	3.93874580093282
"J05"	1962	7	7.01641340502544
"J05"	1962	8	7.50855148667446
"J05"	1962	9	2.96737778382221
"J05"	1962	10	-2.6011125683408
"J05"	1962	11	-12.2915680373773
"J05"	1962	12	-21.1941882342269
"J05"	1963	1	-26.9406445134589
"J05"	1963	2	-29.6855243709064
"J05"	1963	3	-22.4185194476781
"J05"	1963	4	-7.36448166130499
"J05"	1963	5	-2.83815702829651
"J05"	1963	6	3.82496836248215
"J05"	1963	7	9.61170464422163
"J05"	1963	8	6.20338274354468
"J05"	1963	9	0.485876706081409
"J05"	1963	10	-1.98510206416967
"J05"	1963	11	-8.47944943623492
"J05"	1963	12	-25.7605607677753
"J05"	1964	1	-27.0099258691717
"J05"	1964	2	-23.7659903181777
"J05"	1964	3	-22.8041723383311
"J05"	1964	4	-9.4510098002781
"J05"	1964	5	-0.834601949597028
"J05"	1964	6	3.31013084831116
"J05"	1964	7	7.8058350052768
"J05"	1964	8	6.59673857033744
"J05"	1964	9	2.50438852327857
"J05"	1964	10	-4.56775737334663
"J05"	1964	11	-13.0637907245139
"J05"	1964	12	-22.7246147305097
"J05"	1965	1	-28.873923157975
"J05"	1965	2	-27.2462182647227
"J05"	1965	3	-17.4890762142715
"J05"	1965	4	-9.53748664745883
"J05"	1965	5	-1.73330584133499
"J05"	1965	6	4.59429255470992
"J05"	1965	7	5.89878454863481
"J05"	1965	8	5.78861103372306
"J05"	1965	9	1.92264352766167
"J05"	1965	10	-4.64945638696554
"J05"	1965	11	-15.3451054309055
"J05"	1965	12	-22.3867068005085
"J05"	1966	1	-20.2327031817069
"J05"	1966	2	-23.0263829255605
"J05"	1966	3	-14.2734409856792
"J05"	1966	4	-6.82459310251597
"J05"	1966	5	-3.03457139789219
"J05"	1966	6	4.07759576039224
"J05"	1966	7	7.39058183121156
"J05"	1966	8	7.47905980098852
"J05"	1966	9	2.34043769994859
"J05"	1966	10	-2.33043236703908
"J05"	1966	11	-9.22374911620751
"J05"	1966	12	-19.7470749347783
"J05"	1967	1	-27.1863424103164
"J05"	1967	2	-30.4066479297484
"J05"	1967	3	-24.7576007371002
"J05"	1967	4	-12.8130160497323
"J05"	1967	5	-2.33865844957664
"J05"	1967	6	4.3601834476455
"J05"	1967	7	9.68146309355116
"J05"	1967	8	8.06823516356531
"J05"	1967	9	3.35763051810386
"J05"	1967	10	-2.01076211255195
"J05"	1967	11	-10.1997672820054
"J05"	1967	12	-20.7059792157533
"J05"	1968	1	-29.9354430343642
"J05"	1968	2	-25.6872864562776
"J05"	1968	3	-20.7421679279615
"J05"	1968	4	-7.30354409698217
"J05"	1968	5	-2.14567557291605
"J05"	1968	6	3.14220932459768
"J05"	1968	7	7.3717449662097
"J05"	1968	8	4.45624689870171
"J05"	1968	9	5.97410273422255
"J05"	1968	10	0.509443349902318
"J05"	1968	11	-12.5733208457423
"J05"	1968	12	-18.263901029425
"J05"	1969	1	-19.0806935731791
"J05"	1969	2	-20.6682687113881
"J05"	1969	3	-16.3273377881358
"J05"	1969	4	-14.7967522724523
"J05"	1969	5	-2.65561367011362
"J05"	1969	6	3.62384993761832
"J05"	1969	7	7.46165719864735
"J05"	1969	8	7.34315554750327
"J05"	1969	9	0.689614008207885
"J05"	1969	10	-4.57008385527797
"J05"	1969	11	-7.24468300859762
"J05"	1969	12	-17.8215680408071
"J05"	1970	1	-28.0227266637776
"J05"	1970	2	-27.7495929630598
"J05"	1970	3	-17.6130885958422
"J05"	1970	4	-10.6931735178611
"J05"	1970	5	-2.86836516838384
"J05"	1970	6	3.90538700139207
"J05"	1970	7	8.75148011583989
"J05"	1970	8	8.92919232431805
"J05"	1970	9	2.10367866925193
"J05"	1970	10	-1.14987510090587
"J05"	1970	11	-10.714136202407
"J05"	1970	12	-25.8801396267698
"J05"	1971	1	-26.6627549830621
"J05"	1971	2	-26.1316405852282
"J05"	1971	3	-17.1995903348217
"J05"	1971	4	-7.09289061695162
"J05"	1971	5	0.116317259067275
"J05"	1971	6	3.68718755381623
"J05"	1971	7	8.14155785160763
"J05"	1971	8	6.71456827345649
"J05"	1971	9	3.81590860014845
"J05"	1971	10	-1.13043708459261
"J05"	1971	11	-12.782282186132
"J05"	1971	12	-25.341129767308
"J05"	1972	1	-30.3020991663416
"J05"	1972	2	-30.2147413582261
"J05"	1972	3	-22.7871983873035
"J05"	1972	4	-10.4957871619498
"J05"	1972	5	-3.90121185157694
"J05"	1972	6	4.16967610443284
"J05"	1972	7	8.13220536340323
"J05"	1972	8	5.79933363871401
"J05"	1972	9	2.22597146764335
"J05"	1972	10	-6.11242461452431
"J05"	1972	11	-14.4498292426896
"J05"	1972	12	-29.1057806421855
"J05"	1973	1	-26.7420446702968
"J05"	1973	2	-27.6990794145998
"J05"	1973	3	-16.5763489221546
"J05"	1973	4	-7.30185023951346
"J05"	1973	5	0.17935474466055
"J05"	1973	6	6.35333681455158
"J05"	1973	7	10.8237316665532
"J05"	1973	8	9.08354196948259
"J05"	1973	9	2.13345697441849
"J05"	1973	10	-2.59661086508567
"J05"	1973	11	-11.5173234103954
"J05"	1973	12	-17.8748688713975
"J05"	1974	1	-33.2836486113756
"J05"	1974	2	-27.384448738547
"J05"	1974	3	-23.6672436966613
"J05"	1974	4	-11.5110337901255
"J05"	1974	5	-2.34154251371623
"J05"	1974	6	5.6386354213616
"J05"	1974	7	8.51639886243612
"J05"	1974	8	6.76730205931479
"J05"	1974	9	1.13797186366744
"J05"	1974	10	-6.48355881768737
"J05"	1974	11	-10.7850321166321
"J05"	1974	12	-18.6486396000555
"J05"	1975	1	-29.8278211258173
"J05"	1975	2	-27.0703793202439
"J05"	1975	3	-19.360093877758
"J05"	1975	4	-10.2233621035839
"J05"	1975	5	-1.16352609237246
"J05"	1975	6	6.12584882356148
"J05"	1975	7	10.6102527865942
"J05"	1975	8	7.55057941262465
"J05"	1975	9	4.03919915584293
"J05"	1975	10	-2.27372537061329
"J05"	1975	11	-11.2531605375865
"J05"	1975	12	-25.6276159402491
"J05"	1976	1	-28.6749415351315
"J05"	1976	2	-27.0562190968002
"J05"	1976	3	-23.2547623627229
"J05"	1976	4	-8.8386821849788
"J05"	1976	5	-0.886184653452908
"J05"	1976	6	5.61506884807306
"J05"	1976	7	8.90521207892997
"J05"	1976	8	6.8333004177595
"J05"	1976	9	1.93692166368149
"J05"	1976	10	-4.26730455962371
"J05"	1976	11	-11.6219597011283
"J05"	1976	12	-26.6126221578632
"J05"	1977	1	-25.9250274006611
"J05"	1977	2	-23.4411657218197
"J05"	1977	3	-13.3508889084707
"J05"	1977	4	-11.6567103784261
"J05"	1977	5	-1.40912253197323
"J05"	1977	6	5.30618775147755
"J05"	1977	7	7.30098073516638
"J05"	1977	8	6.41535035090546
"J05"	1977	9	1.43085148329896
"J05"	1977	10	-2.06444720553033
"J05"	1977	11	-8.29169624146176
"J05"	1977	12	-21.6041889023423
"J05"	1978	1	-27.477951334135
"J05"	1978	2	-20.9243464521399
"J05"	1978	3	-23.5478627197036
"J05"	1978	4	-9.47711270676817
"J05"	1978	5	-0.131995100611509
"J05"	1978	6	4.0989355959897
"J05"	1978	7	7.89717498998863
"J05"	1978	8	6.49662355957306
"J05"	1978	9	0.320750531964898
"J05"	1978	10	-4.66522961449699
"J05"	1978	11	-14.762680197559
"J05"	1978	12	-23.1024347410617
"J05"	1979	1	-22.4336534459019
"J05"	1979	2	-25.9051587026436
"J05"	1979	3	-15.6453340239647
"J05"	1979	4	-6.29935038328361
"J05"	1979	5	1.04550199905832
"J05"	1979	6	5.99293944764857
"J05"	1979	7	8.6934741562355
"J05"	1979	8	7.0770697179989
"J05"	1979	9	1.90653550656415
"J05"	1979	10	-2.16973810081199
"J05"	1979	11	-9.53539491739531
"J05"	1979	12	-18.1074179239596
"J05"	1980	1	-24.2921730633352
"J05"	1980	2	-26.1834444509587
"J05"	1980	3	-18.142753453124
"J05"	1980	4	-8.02286176471938
"J05"	1980	5	-0.776482652736784
"J05"	1980	6	3.18778839358534
"J05"	1980	7	7.98958902016754
"J05"	1980	8	8.65668405439127
"J05"	1980	9	1.38834524195228
"J05"	1980	10	-4.07795464585616
"J05"	1980	11	-12.0101497848348
"J05"	1980	12	-27.3192167653998
"J05"	1981	1	-26.453984767047
"J05"	1981	2	-16.9591357823602
"J05"	1981	3	-12.8397511715542
"J05"	1981	4	-10.1473262604462
"J05"	1981	5	-1.79803973577436
"J05"	1981	6	3.78296211647439
"J05"	1981	7	7.88520015895852
"J05"	1981	8	7.23542752615418
"J05"	1981	9	4.36644621115157
"J05"	1981	10	-2.68986659288893
"J05"	1981	11	-8.78732000233609
"J05"	1981	12	-15.8381154434148
"J05"	1982	1	-29.3199071632352
"J05"	1982	2	-28.8323176315058
"J05"	1982	3	-21.2362013315399
"J05"	1982	4	-12.8725472662384
"J05"	1982	5	-0.819356243049721
"J05"	1982	6	4.57800589868776
"J05"	1982	7	7.78000050465786
"J05"	1982	8	5.21311703130212
"J05"	1982	9	2.2411825956864
"J05"	1982	10	-2.20539150002375
"J05"	1982	11	-11.0673175505331
"J05"	1982	12	-22.9641957018082
"J05"	1983	1	-25.5908348746635
"J05"	1983	2	-25.8037237623272
"J05"	1983	3	-16.3324288799497
"J05"	1983	4	-5.49819267551124
"J05"	1983	5	-1.54061667812019
"J05"	1983	6	4.9725231946003
"J05"	1983	7	7.47371992976468
"J05"	1983	8	7.08954822651702
"J05"	1983	9	4.31279050783769
"J05"	1983	10	-2.424459890054
"J05"	1983	11	-11.2507542696001
"J05"	1983	12	-24.1979298534756
"J05"	1984	1	-31.6675401863422
"J05"	1984	2	-20.8740304555336
"J05"	1984	3	-20.0287409719641
"J05"	1984	4	-9.02368161633884
"J05"	1984	5	-1.36204658686898
"J05"	1984	6	3.76609205388112
"J05"	1984	7	9.26614191235824
"J05"	1984	8	7.66464853690826
"J05"	1984	9	2.28146716602974
"J05"	1984	10	-2.94707752251187
"J05"	1984	11	-10.238319985725
"J05"	1984	12	-22.9398148559226
"J05"	1985	1	-26.5507927757412
"J05"	1985	2	-23.6439601487997
"J05"	1985	3	-19.8255777412337
"J05"	1985	4	-12.5486503856845
"J05"	1985	5	-3.98387792741346
"J05"	1985	6	3.9582417376671
"J05"	1985	7	8.05709427421801
"J05"	1985	8	7.03835572508643
"J05"	1985	9	3.74728812027258
"J05"	1985	10	-2.57330706600851
"J05"	1985	11	-12.6307423988111
"J05"	1985	12	-24.9901557884921
"J05"	1986	1	-26.8410498276344
"J05"	1986	2	-25.8146818449324
"J05"	1986	3	-22.2233183172687
"J05"	1986	4	-5.97274695694155
"J05"	1986	5	-1.00629638078684
"J05"	1986	6	1.84853768207657
"J05"	1986	7	6.94633585038171
"J05"	1986	8	6.61054672762846
"J05"	1986	9	0.810299206819541
"J05"	1986	10	-4.90322929958909
"J05"	1986	11	-16.0288166234429
"J05"	1986	12	-22.0491008952767
"J05"	1987	1	-26.2387386412212
"J05"	1987	2	-23.8876443389738
"J05"	1987	3	-15.7221749702416
"J05"	1987	4	-5.49540951537903
"J05"	1987	5	-1.82929441208032
"J05"	1987	6	3.83663255853234
"J05"	1987	7	8.93363975841078
"J05"	1987	8	5.9810849141111
"J05"	1987	9	3.37049861023481
"J05"	1987	10	-2.43691590517486
"J05"	1987	11	-11.5331655679817
"J05"	1987	12	-21.5165613690702
"J05"	1988	1	-25.7443479868189
"J05"	1988	2	-28.5643852928272
"J05"	1988	3	-18.3221352536897
"J05"	1988	4	-6.91633257825024
"J05"	1988	5	-0.252840944560729
"J05"	1988	6	3.02239171443544
"J05"	1988	7	8.51886685159575
"J05"	1988	8	6.74987955456167
"J05"	1988	9	2.32799163429309
"J05"	1988	10	-3.87429959671212
"J05"	1988	11	-9.44400965894718
"J05"	1988	12	-24.6924167205262
"J05"	1989	1	-28.3584804858552
"J05"	1989	2	-29.2465484860312
"J05"	1989	3	-23.023383045671
"J05"	1989	4	-8.03560858529926
"J05"	1989	5	0.523093345179238
"J05"	1989	6	5.20579238815233
"J05"	1989	7	6.70183696892659
"J05"	1989	8	7.51692945033774
"J05"	1989	9	2.9828652065871
"J05"	1989	10	-3.31529634145587
"J05"	1989	11	-14.0615010320282
"J05"	1989	12	-25.6765527668484
"J05"	1990	1	-26.8818519242209
"J05"	1990	2	-30.135533822759
"J05"	1990	3	-20.926126179887
"J05"	1990	4	-10.053601114019
"J05"	1990	5	-2.8015894170298
"J05"	1990	6	3.88690537902871
"J05"	1990	7	7.9823587754929
"J05"	1990	8	8.08225854058265
"J05"	1990	9	1.73520701870781
"J05"	1990	10	-2.95975075841306
"J05"	1990	11	-11.1858885820061
"J05"	1990	12	-23.7685979655099
"J05"	1991	1	-33.4151211770122
"J05"	1991	2	-26.7323310874179
"J05"	1991	3	-16.630209461184
"J05"	1991	4	-10.370786218716
"J05"	1991	5	-1.8271414714044
"J05"	1991	6	3.96576275394362
"J05"	1991	7	7.76035808532337
"J05"	1991	8	7.24582766637354
"J05"	1991	9	1.88509892549434
"J05"	1991	10	-2.70745925149279
"J05"	1991	11	-11.1172472778248
"J05"	1991	12	-26.3678191014661
"J05"	1992	1	-27.3588252513583
"J05"	1992	2	-28.8375032106953
"J05"	1992	3	-20.6352746829355
"J05"	1992	4	-11.3875618528375
"J05"	1992	5	-2.55373796042802
"J05"	1992	6	3.74241824273945
"J05"	1992	7	5.63581606762099
"J05"	1992	8	6.50749063771781
"J05"	1992	9	2.93270084245338
"J05"	1992	10	-3.45821477513127
"J05"	1992	11	-14.055617533726
"J05"	1992	12	-22.4732024305578
"J05"	1993	1	-29.4130064832032
"J05"	1993	2	-31.9513990994383
"J05"	1993	3	-21.1410668013721
"J05"	1993	4	-8.60416161366571
"J05"	1993	5	-0.081473852498628
"J05"	1993	6	4.01697182703866
"J05"	1993	7	8.50880396173339
"J05"	1993	8	7.96706475955576
"J05"	1993	9	1.27824273834515
"J05"	1993	10	-5.21181913982565
"J05"	1993	11	-14.7010094545091
"J05"	1993	12	-20.7833615956046
"J05"	1994	1	-32.2775259646962
"J05"	1994	2	-28.6739906592121
"J05"	1994	3	-18.0471888067216
"J05"	1994	4	-12.5206226557
"J05"	1994	5	-3.21037477169526
"J05"	1994	6	4.88958056281464
"J05"	1994	7	8.47960027231279
"J05"	1994	8	5.52437753610222
"J05"	1994	9	2.92197080281051
"J05"	1994	10	-0.967992731660815
"J05"	1994	11	-9.35315570045863
"J05"	1994	12	-21.1968316391896
"J05"	1995	1	-26.1519628290523
"J05"	1995	2	-29.2046466419518
"J05"	1995	3	-19.1530429098605
"J05"	1995	4	-8.93690996467909
"J05"	1995	5	-1.74051792851907
"J05"	1995	6	4.2604235556449
"J05"	1995	7	9.24850360347389
"J05"	1995	8	6.87921341108731
"J05"	1995	9	1.3642261453359
"J05"	1995	10	-0.726303933891271
"J05"	1995	11	-12.9115080382566
"J05"	1995	12	-22.5122742543999
"J05"	1996	1	-28.8354661988594
"J05"	1996	2	-24.1423223547832
"J05"	1996	3	-18.358046282685
"J05"	1996	4	-7.25272998292967
"J05"	1996	5	-3.17186028141203
"J05"	1996	6	4.62963910917864
"J05"	1996	7	8.41576200561742
"J05"	1996	8	7.03145319379262
"J05"	1996	9	1.90537739640116
"J05"	1996	10	-3.88647905996969
"J05"	1996	11	-10.9755818338035
"J05"	1996	12	-17.9284521401449
"J05"	1997	1	-26.0271350860736
"J05"	1997	2	-27.9856842696552
"J05"	1997	3	-23.3616203442797
"J05"	1997	4	-10.7677731814068
"J05"	1997	5	-2.20426497718946
"J05"	1997	6	3.29735027605316
"J05"	1997	7	7.78152860683862
"J05"	1997	8	5.78101134652636
"J05"	1997	9	3.34590180352715
"J05"	1997	10	-2.84844344988379
"J05"	1997	11	-12.2448167606602
"J05"	1997	12	-20.9442071258364
"J05"	1998	1	-24.2259823121942
"J05"	1998	2	-20.4334282118717
"J05"	1998	3	-17.5631320460613
"J05"	1998	4	-6.88185046024672
"J05"	1998	5	0.662564548749656
"J05"	1998	6	6.0636745704127
"J05"	1998	7	8.54592567635937
"J05"	1998	8	6.32782168687226
"J05"	1998	9	4.18634419550313
"J05"	1998	10	-2.512093761891
"J05"	1998	11	-11.3186352478492
"J05"	1998	12	-22.6587408556544
"J05"	1999	1	-27.8311419730346
"J05"	1999	2	-22.98422406406
"J05"	1999	3	-12.8616248781959
"J05"	1999	4	-6.69472298212658
"J05"	1999	5	0.728978226799218
"J05"	1999	6	5.82876793458655
"J05"	1999	7	8.40909684216843
"J05"	1999	8	6.7719236271355
"J05"	1999	9	5.62717380124333
"J05"	1999	10	-4.37732459600205
"J05"	1999	11	-10.6963980879341
"J05"	1999	12	-19.9714305184062
"J05"	2000	1	-26.541997870033
"J05"	2000	2	-25.8371930880036
"J05"	2000	3	-14.5562776921217
"J05"	2000	4	-10.706347013284
"J05"	2000	5	-2.00487121119651
"J05"	2000	6	2.49263436845122
"J05"	2000	7	7.77116126213539
"J05"	2000	8	7.81343449690799
"J05"	2000	9	1.86865911873945
"J05"	2000	10	-3.94403888034436
"J05"	2000	11	-9.27746572312652
"J05"	2000	12	-21.8816848067725
"J05"	2001	1	-26.957956415991
"J05"	2001	2	-27.0917976099397
"J05"	2001	3	-15.9468638834034
"J05"	2001	4	-10.7168864064823
"J05"	2001	5	0.960963778212126
"J05"	2001	6	5.055156183082
"J05"	2001	7	8.13222205919246
"J05"	2001	8	7.55248210373991
"J05"	2001	9	2.91081088773687
"J05"	2001	10	-1.8120137575476
"J05"	2001	11	-9.96129513449627
"J05"	2001	12	-17.4890867128639
"J05"	2002	1	-28.0784693930849
"J05"	2002	2	-26.0475360203905
"J05"	2002	3	-21.9336818887481
"J05"	2002	4	-10.3263945201339
"J05"	2002	5	-3.37361604694882
"J05"	2002	6	2.31631481307689
"J05"	2002	7	8.19241297167002
"J05"	2002	8	6.98911756217931
"J05"	2002	9	2.95363365122276
"J05"	2002	10	-4.38094066952298
"J05"	2002	11	-13.9475523662321
"J05"	2002	12	-21.8933822819081
"J05"	2003	1	-26.3030039844816
"J05"	2003	2	-28.8038059379535
"J05"	2003	3	-22.1172897399514
"J05"	2003	4	-12.3347407949137
"J05"	2003	5	-1.90885281856526
"J05"	2003	6	4.47610713469897
"J05"	2003	7	8.35188098604977
"J05"	2003	8	6.9233266313714
"J05"	2003	9	4.39711667763878
"J05"	2003	10	-2.5505534816495
"J05"	2003	11	-10.4360062446747
"J05"	2003	12	-20.2947062133206
"J05"	2004	1	-27.3309801891075
"J05"	2004	2	-24.9599075398878
"J05"	2004	3	-19.5979935366557
"J05"	2004	4	-10.1416015957398
"J05"	2004	5	-3.24487284872994
"J05"	2004	6	2.8346703950459
"J05"	2004	7	8.3107710783652
"J05"	2004	8	6.95508143008734
"J05"	2004	9	1.14118070806445
"J05"	2004	10	-2.52050194527248
"J05"	2004	11	-12.5262654677724
"J05"	2004	12	-25.5933488424022
"J05"	2005	1	-31.761870102189
"J05"	2005	2	-24.1149205597141
"J05"	2005	3	-18.3757632265203
"J05"	2005	4	-6.74635098224756
"J05"	2005	5	-0.681690406910711
"J05"	2005	6	4.59219685101117
"J05"	2005	7	7.96921304687845
"J05"	2005	8	6.58435636638435
"J05"	2005	9	3.48562662967402
"J05"	2005	10	-1.19044755691918
"J05"	2005	11	-11.1179383412927
"J05"	2005	12	-22.0896898333416
"J05"	2006	1	-24.2950622775387
"J05"	2006	2	-26.2679741526552
"J05"	2006	3	-13.3504553995628
"J05"	2006	4	-6.44826433506765
"J05"	2006	5	0.0808186593579123
"J05"	2006	6	5.74898685178162
"J05"	2006	7	8.42732845758093
"J05"	2006	8	5.01113434085607
"J05"	2006	9	1.93032058935519
"J05"	2006	10	-2.96012931238509
"J05"	2006	11	-9.01056380751234
"J05"	2006	12	-19.8838756422271
"J05"	2007	1	-25.429635547532
"J05"	2007	2	-25.8183485296334
"J05"	2007	3	-20.622062493549
"J05"	2007	4	-9.44684049181053
"J05"	2007	5	-2.9572770762964
"J05"	2007	6	4.60531764807353
"J05"	2007	7	7.88524966956085
"J05"	2007	8	5.43546736408887
"J05"	2007	9	1.67510246642526
"J05"	2007	10	-2.12943547251566
"J05"	2007	11	-14.003724696772
"J05"	2007	12	-25.7760384230491
"J05"	2008	1	-26.364846103919
"J05"	2008	2	-26.3653282904356
"J05"	2008	3	-22.6909944355866
"J05"	2008	4	-6.34183359584662
"J05"	2008	5	-0.796016232323644
"J05"	2008	6	5.16133834632154
"J05"	2008	7	9.14310081768895
"J05"	2008	8	7.75760161067552
"J05"	2008	9	2.51986869031474
"J05"	2008	10	-2.7983049920614
"J05"	2008	11	-10.3971448291788
"J05"	2008	12	-25.5664249995796
"J05"	2009	1	-29.4001674496588
"J05"	2009	2	-22.9081843543128
"J05"	2009	3	-20.357554916974
"J05"	2009	4	-7.73308090249488
"J05"	2009	5	-3.23535964998069
"J05"	2009	6	4.41712726911711
"J05"	2009	7	8.30100687905012
"J05"	2009	8	6.67792838909256
"J05"	2009	9	1.96460694329798
"J05"	2009	10	-4.56674524219858
"J05"	2009	11	-8.69040322742137
"J05"	2009	12	-20.1549728909015
"J05"	2010	1	-21.4351318438673
"J05"	2010	2	-15.2462084109348
"J05"	2010	3	-15.5216765468382
"J05"	2010	4	-4.92066372856065
"J05"	2010	5	-0.375253881684379
"J05"	2010	6	3.37268521669486
"J05"	2010	7	9.25902057140397
"J05"	2010	8	7.29681110636889
"J05"	2010	9	3.20934467829346
"J05"	2010	10	-2.33475959060026
"J05"	2010	11	-10.1831573940067
"J05"	2010	12	-14.7413174816585
"J05"	2011	1	-23.4692278527177
"J05"	2011	2	-26.3791326928095
"J05"	2011	3	-18.3831633867914
"J05"	2011	4	-11.404914516194
"J05"	2011	5	-1.91553626712976
"J05"	2011	6	4.22800492131991
"J05"	2011	7	7.41714545298362
"J05"	2011	8	7.51461288087114
"J05"	2011	9	2.75415175538334
"J05"	2011	10	-1.80223695147386
"J05"	2011	11	-10.1753225117303
"J05"	2011	12	-23.4253385767027
"J05"	2012	1	-27.7024373164655
"J05"	2012	2	-24.2075904060019
"J05"	2012	3	-17.2420680696854
"J05"	2012	4	-8.08648446145696
"J05"	2012	5	-0.856084470195215
"J05"	2012	6	5.88315255542511
"J05"	2012	7	8.07531291139136
"J05"	2012	8	8.1316641996964
"J05"	2012	9	3.39906090116523
"J05"	2012	10	-2.26910595696801
"J05"	2012	11	-10.5669861317629
"J05"	2012	12	-20.4075288329335
"J05"	2013	1	-28.3351470688087
"J05"	2013	2	-23.632420273857
"J05"	2013	3	-11.9985821848661
"J05"	2013	4	-9.36594653915416
"J05"	2013	5	-1.0967715510716
"J05"	2013	6	2.7381869184691
"J05"	2013	7	7.63349743740394
"J05"	2013	8	6.04822068520141
"J05"	2013	9	2.3440663282856
"J05"	2013	10	-2.63541302888648
"J05"	2013	11	-12.0583710323668
"J05"	2013	12	-27.8884665353027
"J05"	2014	1	-28.2677561008488
"J05"	2014	2	-26.6546290247856
"J05"	2014	3	-23.8531755046095
"J05"	2014	4	-9.64390594001785
"J05"	2014	5	-1.23751520870865
"J05"	2014	6	5.19307263172925
"J05"	2014	7	9.39170963037481
"J05"	2014	8	7.7644510178099
"J05"	2014	9	1.38910230045073
"J05"	2014	10	-2.30128828029171
"J05"	2014	11	-14.4497740835874
"J05"	2014	12	-22.1687335463074
"J05"	2015	1	-31.3005413398537
"J05"	2015	2	-33.6754204549247
"J05"	2015	3	-21.5068016344312
"J05"	2015	4	-10.6209584337868
"J05"	2015	5	-1.37827689811662
"J05"	2015	6	3.24784989925335
"J05"	2015	7	7.64998318795434
"J05"	2015	8	8.38055720399883
"J05"	2015	9	3.93413392797004
"J05"	2015	10	-4.96691348730994
"J05"	2015	11	-11.5413908987676
"J05"	2015	12	-18.7484906704091
"J05"	2016	1	-24.3335895845447
"J05"	2016	2	-27.7958239416681
"J05"	2016	3	-21.1600997294139
"J05"	2016	4	-12.0976228572583
"J05"	2016	5	-1.41904290126974
"J05"	2016	6	5.20253971731557
"J05"	2016	7	8.10827771133796
"J05"	2016	8	6.69666639241699
"J05"	2016	9	2.0792038643647
"J05"	2016	10	-3.03248810752883
"J05"	2016	11	-10.1331525117197
"J05"	2016	12	-26.0278548283272
