"J05"	1901	1	-14.8290829207715
"J05"	1901	2	-10.6163925084521
"J05"	1901	3	-5.45101759543686
"J05"	1901	4	4.9918835158147
"J05"	1901	5	11.4720024655922
"J05"	1901	6	18.2076730619168
"J05"	1901	7	19.856949165278
"J05"	1901	8	19.2492125109598
"J05"	1901	9	12.7315653339991
"J05"	1901	10	4.60745020054484
"J05"	1901	11	-3.31596655668138
"J05"	1901	12	-10.4446935598791
"J05"	1902	1	-13.6377190943952
"J05"	1902	2	-8.27589727833169
"J05"	1902	3	-1.74064633632276
"J05"	1902	4	3.28585078302659
"J05"	1902	5	8.23926757628774
"J05"	1902	6	14.1549190575395
"J05"	1902	7	18.8999033363197
"J05"	1902	8	18.0915602071065
"J05"	1902	9	13.5309996982795
"J05"	1902	10	3.29761111728314
"J05"	1902	11	-2.28417827463563
"J05"	1902	12	-12.9407238451974
"J05"	1903	1	-14.4463577704368
"J05"	1903	2	-11.1356493698675
"J05"	1903	3	-2.53030297791747
"J05"	1903	4	1.87944832398093
"J05"	1903	5	9.80630484126301
"J05"	1903	6	14.4019817785718
"J05"	1903	7	17.1428227387
"J05"	1903	8	15.533749187957
"J05"	1903	9	12.4303282206546
"J05"	1903	10	4.58779071062032
"J05"	1903	11	-2.75238436371463
"J05"	1903	12	-13.4368487766456
"J05"	1904	1	-17.0550893677454
"J05"	1904	2	-14.2962164903669
"J05"	1904	3	-6.22033823880455
"J05"	1904	4	1.47221705670517
"J05"	1904	5	10.672969947275
"J05"	1904	6	16.9488902142366
"J05"	1904	7	19.7857651951492
"J05"	1904	8	17.8756580771779
"J05"	1904	9	11.1293228483018
"J05"	1904	10	4.17810765190373
"J05"	1904	11	-4.12065441937981
"J05"	1904	12	-14.5330062552466
"J05"	1905	1	-16.8639959292979
"J05"	1905	2	-13.2582696539562
"J05"	1905	3	-5.51135611657558
"J05"	1905	4	2.36370595101021
"J05"	1905	5	9.33908209846567
"J05"	1905	6	16.595858205442
"J05"	1905	7	20.1289804908832
"J05"	1905	8	18.3173581780398
"J05"	1905	9	12.2277187823367
"J05"	1905	10	5.16871055290447
"J05"	1905	11	-3.38908522183087
"J05"	1905	12	-9.82888633099022
"J05"	1906	1	-10.5729295972954
"J05"	1906	2	-9.12229327786851
"J05"	1906	3	-6.80391643307452
"J05"	1906	4	1.65351499748986
"J05"	1906	5	7.80434986100157
"J05"	1906	6	17.2430823777842
"J05"	1906	7	20.3727268215447
"J05"	1906	8	19.7589681309665
"J05"	1906	9	11.9253188277264
"J05"	1906	10	5.15976509719151
"J05"	1906	11	-2.9576963175442
"J05"	1906	12	-12.3239276625362
"J05"	1907	1	-16.3816017386272
"J05"	1907	2	-14.0886879469453
"J05"	1907	3	-5.99849180870741
"J05"	1907	4	1.24124613151916
"J05"	1907	5	6.66849149371652
"J05"	1907	6	16.5907064247953
"J05"	1907	7	18.1171854189603
"J05"	1907	8	16.5005426683794
"J05"	1907	9	11.121937469689
"J05"	1907	10	2.95138301201814
"J05"	1907	11	-2.02646989276836
"J05"	1907	12	-8.71762267781585
"J05"	1908	1	-13.8899747194927
"J05"	1908	2	-12.2580232655004
"J05"	1908	3	-6.79539438847986
"J05"	1908	4	-1.17344943427759
"J05"	1908	5	8.93140749195603
"J05"	1908	6	17.2387893700475
"J05"	1908	7	22.0624793382796
"J05"	1908	8	17.642013493512
"J05"	1908	9	15.0174192047437
"J05"	1908	10	6.84364719346969
"J05"	1908	11	-2.89541868631406
"J05"	1908	12	-12.9094841073924
"J05"	1909	1	-15.6979722437792
"J05"	1909	2	-13.0307592806425
"J05"	1909	3	-4.99479853541736
"J05"	1909	4	1.40922447458624
"J05"	1909	5	8.89325705670144
"J05"	1909	6	16.8873319076236
"J05"	1909	7	18.5087703284014
"J05"	1909	8	19.3833987424131
"J05"	1909	9	11.5116309332554
"J05"	1909	10	5.8367109236113
"J05"	1909	11	-1.56465187789028
"J05"	1909	12	-8.4992000837029
"J05"	1910	1	-10.6055264509189
"J05"	1910	2	-10.8072782209584
"J05"	1910	3	-4.69672917374855
"J05"	1910	4	2.18935908415025
"J05"	1910	5	9.45430020257348
"J05"	1910	6	14.8362445638127
"J05"	1910	7	18.3560589644812
"J05"	1910	8	17.4247418759242
"J05"	1910	9	11.20423601934
"J05"	1910	10	3.83055026426901
"J05"	1910	11	-1.9343507598483
"J05"	1910	12	-10.8864587474664
"J05"	1911	1	-13.61258497269
"J05"	1911	2	-13.287903801983
"J05"	1911	3	-5.8011961482926
"J05"	1911	4	2.36716637521019
"J05"	1911	5	11.5148442157637
"J05"	1911	6	16.3854039946301
"J05"	1911	7	20.4043935413608
"J05"	1911	8	18.665988448082
"J05"	1911	9	11.0949034411014
"J05"	1911	10	4.12500698199319
"J05"	1911	11	-4.50485060128256
"J05"	1911	12	-9.57116996388684
"J05"	1912	1	-18.6194226969151
"J05"	1912	2	-9.2730142801066
"J05"	1912	3	-6.60823207382392
"J05"	1912	4	-0.257138790073464
"J05"	1912	5	9.47515813916593
"J05"	1912	6	14.434793420188
"J05"	1912	7	18.8539124890048
"J05"	1912	8	14.6070833547614
"J05"	1912	9	10.5834048930577
"J05"	1912	10	4.51996366636891
"J05"	1912	11	-3.87658616050966
"J05"	1912	12	-11.0533886889321
"J05"	1913	1	-12.6264024011757
"J05"	1913	2	-14.6629686114503
"J05"	1913	3	-5.01779358643296
"J05"	1913	4	3.31668403939112
"J05"	1913	5	7.53533721074973
"J05"	1913	6	15.5844586314737
"J05"	1913	7	18.6047142903802
"J05"	1913	8	17.0479919304705
"J05"	1913	9	12.1696399646589
"J05"	1913	10	6.81535241620168
"J05"	1913	11	-0.449890785189262
"J05"	1913	12	-9.3333428627585
"J05"	1914	1	-15.4336331919175
"J05"	1914	2	-16.0582705837152
"J05"	1914	3	-3.52970638211568
"J05"	1914	4	0.589036105629603
"J05"	1914	5	11.7954639697767
"J05"	1914	6	15.0346102822584
"J05"	1914	7	20.4569457266183
"J05"	1914	8	17.7889515576984
"J05"	1914	9	11.9536475466033
"J05"	1914	10	4.41107126669614
"J05"	1914	11	-4.82506394233354
"J05"	1914	12	-12.0113754144264
"J05"	1915	1	-11.6412943598134
"J05"	1915	2	-8.65918919678796
"J05"	1915	3	-4.04380637585593
"J05"	1915	4	3.6603001900994
"J05"	1915	5	8.65571927193933
"J05"	1915	6	17.0855818347944
"J05"	1915	7	19.5108158077639
"J05"	1915	8	18.3303424758484
"J05"	1915	9	12.1354932401907
"J05"	1915	10	5.70684043629973
"J05"	1915	11	-2.60257084423163
"J05"	1915	12	-8.68799877755078
"J05"	1916	1	-12.6496064463812
"J05"	1916	2	-12.465687067455
"J05"	1916	3	-8.46008057774228
"J05"	1916	4	3.63092610728585
"J05"	1916	5	9.61614255597891
"J05"	1916	6	17.2378094918757
"J05"	1916	7	21.8664712335162
"J05"	1916	8	19.472568602678
"J05"	1916	9	11.7152512362066
"J05"	1916	10	3.40232310527023
"J05"	1916	11	-5.38280490852068
"J05"	1916	12	-10.5637812722813
"J05"	1917	1	-17.4590588086682
"J05"	1917	2	-14.7779093693566
"J05"	1917	3	-4.87856718679406
"J05"	1917	4	1.90123973412462
"J05"	1917	5	6.47677892795626
"J05"	1917	6	16.8916757357052
"J05"	1917	7	19.4239879076727
"J05"	1917	8	19.2159763851356
"J05"	1917	9	10.9930024880337
"J05"	1917	10	2.49711590970862
"J05"	1917	11	-5.46612252410959
"J05"	1917	12	-15.4395222751096
"J05"	1918	1	-14.9703083947493
"J05"	1918	2	-15.2959806141587
"J05"	1918	3	-7.69906300930842
"J05"	1918	4	2.57141847571484
"J05"	1918	5	8.33772801441174
"J05"	1918	6	14.6474629533905
"J05"	1918	7	17.8832499983796
"J05"	1918	8	17.360757516492
"J05"	1918	9	10.8688792346356
"J05"	1918	10	4.79092587146094
"J05"	1918	11	-2.95266302957262
"J05"	1918	12	-12.0160707194195
"J05"	1919	1	-14.7838238323918
"J05"	1919	2	-8.21973259846322
"J05"	1919	3	-3.92126554950833
"J05"	1919	4	1.84161709420948
"J05"	1919	5	9.69933910284936
"J05"	1919	6	18.905423116905
"J05"	1919	7	19.0441294236881
"J05"	1919	8	18.6069837983995
"J05"	1919	9	12.4431338154637
"J05"	1919	10	2.28364318506815
"J05"	1919	11	-3.24233668643511
"J05"	1919	12	-14.5939652171606
"J05"	1920	1	-17.9999922991137
"J05"	1920	2	-11.5487583544198
"J05"	1920	3	-4.04469438734252
"J05"	1920	4	2.41196327475407
"J05"	1920	5	11.4620975771104
"J05"	1920	6	18.3658793014767
"J05"	1920	7	18.6066350629259
"J05"	1920	8	19.6547360423885
"J05"	1920	9	12.0161315449059
"J05"	1920	10	6.47522571485628
"J05"	1920	11	-4.83501871257276
"J05"	1920	12	-10.7735591307115
"J05"	1921	1	-13.6191198933845
"J05"	1921	2	-12.0829023597936
"J05"	1921	3	-3.36893504721858
"J05"	1921	4	4.18259127131479
"J05"	1921	5	13.4264431241418
"J05"	1921	6	16.9289401109622
"J05"	1921	7	22.8708593363293
"J05"	1921	8	16.7040203413864
"J05"	1921	9	12.7882355472462
"J05"	1921	10	3.16577002215132
"J05"	1921	11	-4.63054451363328
"J05"	1921	12	-12.3549590865009
"J05"	1922	1	-15.2412653313407
"J05"	1922	2	-12.7221247665708
"J05"	1922	3	-3.39371836518225
"J05"	1922	4	3.95357531953188
"J05"	1922	5	11.0925617477726
"J05"	1922	6	16.5944863924169
"J05"	1922	7	20.2369045444164
"J05"	1922	8	18.6547182323577
"J05"	1922	9	12.5597939622125
"J05"	1922	10	3.85529190239852
"J05"	1922	11	-3.22858028675457
"J05"	1922	12	-14.3382479000827
"J05"	1923	1	-16.0664941960104
"J05"	1923	2	-15.9663790418487
"J05"	1923	3	-10.1189716953288
"J05"	1923	4	0.724780840505397
"J05"	1923	5	9.36023973007728
"J05"	1923	6	16.4623039560457
"J05"	1923	7	18.504602557381
"J05"	1923	8	16.3067631633184
"J05"	1923	9	13.1310911808687
"J05"	1923	10	7.04389387903143
"J05"	1923	11	-0.728635591125384
"J05"	1923	12	-6.72339461339283
"J05"	1924	1	-16.0948201523748
"J05"	1924	2	-14.0154849895363
"J05"	1924	3	-2.84469567274718
"J05"	1924	4	1.79591202753923
"J05"	1924	5	8.42904609304286
"J05"	1924	6	16.0321418389877
"J05"	1924	7	19.3736752373541
"J05"	1924	8	18.1600903031945
"J05"	1924	9	13.0023392344343
"J05"	1924	10	6.63171234534329
"J05"	1924	11	-1.53022995109142
"J05"	1924	12	-14.1102164189861
"J05"	1925	1	-19.1261057066257
"J05"	1925	2	-9.56889494160855
"J05"	1925	3	-2.87057033770887
"J05"	1925	4	1.56675382677169
"J05"	1925	5	8.39853692438734
"J05"	1925	6	16.9037382278669
"J05"	1925	7	18.5439086942202
"J05"	1925	8	18.8147485381107
"J05"	1925	9	10.473639151436
"J05"	1925	10	0.0186563689029207
"J05"	1925	11	-3.63310531514116
"J05"	1925	12	-11.3988013533382
"J05"	1926	1	-15.159982639021
"J05"	1926	2	-12.9258742637752
"J05"	1926	3	-7.49640301650274
"J05"	1926	4	-0.762844629824585
"J05"	1926	5	7.46836536574818
"J05"	1926	6	15.1768401256949
"J05"	1926	7	18.6151349618444
"J05"	1926	8	16.7707858250842
"J05"	1926	9	11.545030512283
"J05"	1926	10	4.00450937340286
"J05"	1926	11	-2.43716974888875
"J05"	1926	12	-13.1891230495899
"J05"	1927	1	-12.3956879047666
"J05"	1927	2	-11.1858296656505
"J05"	1927	3	-3.62217932981066
"J05"	1927	4	2.40707357113058
"J05"	1927	5	7.03832136604463
"J05"	1927	6	15.0511767081772
"J05"	1927	7	20.1872796757499
"J05"	1927	8	17.5282005276258
"J05"	1927	9	12.3166752870665
"J05"	1927	10	5.78938769393187
"J05"	1927	11	-1.64233674697492
"J05"	1927	12	-8.48107417966069
"J05"	1928	1	-15.0323762550426
"J05"	1928	2	-12.3481640635843
"J05"	1928	3	-6.04776946262393
"J05"	1928	4	1.3767009514639
"J05"	1928	5	10.5084154861406
"J05"	1928	6	15.5265828219733
"J05"	1928	7	19.0603414832604
"J05"	1928	8	18.887076982273
"J05"	1928	9	11.5888071565819
"J05"	1928	10	3.6735177941159
"J05"	1928	11	-5.04859489658773
"J05"	1928	12	-7.87447162889865
"J05"	1929	1	-14.0693685021418
"J05"	1929	2	-10.8123255029599
"J05"	1929	3	-5.3730974370018
"J05"	1929	4	0.946278846485359
"J05"	1929	5	7.87886246864851
"J05"	1929	6	15.5030341430724
"J05"	1929	7	18.5342871610458
"J05"	1929	8	16.647538506276
"J05"	1929	9	12.1616627627215
"J05"	1929	10	4.15705568860646
"J05"	1929	11	-3.55602729933753
"J05"	1929	12	-14.8694102248356
"J05"	1930	1	-14.8060148370825
"J05"	1930	2	-10.8777796300203
"J05"	1930	3	-4.49803782107573
"J05"	1930	4	1.71612510432845
"J05"	1930	5	10.0498643568352
"J05"	1930	6	18.1806120531582
"J05"	1930	7	19.309120997289
"J05"	1930	8	17.0096681598848
"J05"	1930	9	11.7355131153268
"J05"	1930	10	6.34021111085672
"J05"	1930	11	-0.96458433087767
"J05"	1930	12	-10.7662655335986
"J05"	1931	1	-15.1417044241279
"J05"	1931	2	-9.84410821464756
"J05"	1931	3	-0.122438741594219
"J05"	1931	4	5.38667381551973
"J05"	1931	5	10.2217082467545
"J05"	1931	6	17.1594423322356
"J05"	1931	7	20.6849340237883
"J05"	1931	8	17.7736538006434
"J05"	1931	9	11.8106407951656
"J05"	1931	10	6.22320739827876
"J05"	1931	11	0.925813028206174
"J05"	1931	12	-10.3652274587035
"J05"	1932	1	-10.475818915669
"J05"	1932	2	-13.911055403508
"J05"	1932	3	-5.84629326195273
"J05"	1932	4	2.25834865088393
"J05"	1932	5	10.7946414934267
"J05"	1932	6	16.8395014309563
"J05"	1932	7	17.7618248641886
"J05"	1932	8	18.439788625237
"J05"	1932	9	13.587361131693
"J05"	1932	10	5.40609911768504
"J05"	1932	11	-4.18500237380414
"J05"	1932	12	-9.06649703701414
"J05"	1933	1	-10.6077842931105
"J05"	1933	2	-9.7785277658374
"J05"	1933	3	-6.46999299857346
"J05"	1933	4	2.33131585706519
"J05"	1933	5	8.96880293701094
"J05"	1933	6	16.1206510857537
"J05"	1933	7	19.5398324901162
"J05"	1933	8	18.108389309651
"J05"	1933	9	11.3659891103944
"J05"	1933	10	3.88875406600975
"J05"	1933	11	-7.99754492101297
"J05"	1933	12	-17.3704268606864
"J05"	1934	1	-15.6374355673896
"J05"	1934	2	-16.0463717840622
"J05"	1934	3	-7.09394442698616
"J05"	1934	4	2.80566002949351
"J05"	1934	5	9.14421012060412
"J05"	1934	6	14.9026988444247
"J05"	1934	7	18.9191073608257
"J05"	1934	8	16.9797339334216
"J05"	1934	9	15.3467399466416
"J05"	1934	10	2.87095153686166
"J05"	1934	11	-2.4122279596266
"J05"	1934	12	-14.6774668012714
"J05"	1935	1	-18.1649989080733
"J05"	1935	2	-12.9144980267058
"J05"	1935	3	-6.21839164932586
"J05"	1935	4	2.18143145624503
"J05"	1935	5	8.72089067250986
"J05"	1935	6	17.585486521879
"J05"	1935	7	20.1998399057733
"J05"	1935	8	20.0540978189161
"J05"	1935	9	10.6297917805965
"J05"	1935	10	4.55254074638305
"J05"	1935	11	-2.02906764893875
"J05"	1935	12	-11.7875782719366
"J05"	1936	1	-13.4906351007786
"J05"	1936	2	-13.0825242428483
"J05"	1936	3	-0.743371418745748
"J05"	1936	4	1.65861913782636
"J05"	1936	5	6.99891332339791
"J05"	1936	6	16.3689484826662
"J05"	1936	7	17.5822489830516
"J05"	1936	8	16.631789040687
"J05"	1936	9	12.0151055970314
"J05"	1936	10	2.73351914064458
"J05"	1936	11	-5.84806201262264
"J05"	1936	12	-10.2003416139343
"J05"	1937	1	-12.8142297861331
"J05"	1937	2	-8.8498974566805
"J05"	1937	3	-6.66888056436922
"J05"	1937	4	3.9372018043244
"J05"	1937	5	11.3784528426399
"J05"	1937	6	16.0529453508493
"J05"	1937	7	20.766544106032
"J05"	1937	8	19.6129931623948
"J05"	1937	9	12.502695840727
"J05"	1937	10	4.71395443766545
"J05"	1937	11	-2.96925705992739
"J05"	1937	12	-12.1152735730364
"J05"	1938	1	-13.7357311104389
"J05"	1938	2	-13.2160281033214
"J05"	1938	3	-5.69521371866475
"J05"	1938	4	2.21715667210495
"J05"	1938	5	9.5598487982157
"J05"	1938	6	18.9373141048785
"J05"	1938	7	19.4530458084316
"J05"	1938	8	17.9979262385459
"J05"	1938	9	11.0926041220881
"J05"	1938	10	5.99405706412693
"J05"	1938	11	-2.29250598859762
"J05"	1938	12	-9.43197409266888
"J05"	1939	1	-14.6552791731876
"J05"	1939	2	-14.4805384891082
"J05"	1939	3	-9.02261750822553
"J05"	1939	4	0.998321718741158
"J05"	1939	5	9.44332540387141
"J05"	1939	6	15.0218599838554
"J05"	1939	7	20.9420091436541
"J05"	1939	8	19.2866967693832
"J05"	1939	9	11.2848606226448
"J05"	1939	10	3.07403218132282
"J05"	1939	11	-4.21763700460489
"J05"	1939	12	-9.65005838427671
"J05"	1940	1	-13.5731272750694
"J05"	1940	2	-11.5429722398448
"J05"	1940	3	-4.95118315834932
"J05"	1940	4	1.98051234206188
"J05"	1940	5	10.3290518766694
"J05"	1940	6	15.7062100528763
"J05"	1940	7	19.7336353244675
"J05"	1940	8	19.079349600972
"J05"	1940	9	11.5795835188539
"J05"	1940	10	2.65399588888436
"J05"	1940	11	-4.14452669319277
"J05"	1940	12	-12.8693293009327
"J05"	1941	1	-16.1895714158174
"J05"	1941	2	-8.50266428963226
"J05"	1941	3	-5.88068084722411
"J05"	1941	4	2.96363386551484
"J05"	1941	5	9.51717047659432
"J05"	1941	6	15.1900555852249
"J05"	1941	7	20.9280028956515
"J05"	1941	8	15.3757991284699
"J05"	1941	9	11.0769859238548
"J05"	1941	10	2.93419209091645
"J05"	1941	11	-4.17296070660916
"J05"	1941	12	-9.98974911058048
"J05"	1942	1	-16.3049661806123
"J05"	1942	2	-11.4590119840047
"J05"	1942	3	-2.91080080012088
"J05"	1942	4	3.14760751831236
"J05"	1942	5	11.9077441040565
"J05"	1942	6	15.4731860194219
"J05"	1942	7	19.3251108297837
"J05"	1942	8	18.4758943190612
"J05"	1942	9	12.9773584790953
"J05"	1942	10	6.01507908131771
"J05"	1942	11	-3.20260047016993
"J05"	1942	12	-14.4112347448102
"J05"	1943	1	-16.8195343510515
"J05"	1943	2	-9.81171845129805
"J05"	1943	3	-8.14121989883412
"J05"	1943	4	0.13226824308251
"J05"	1943	5	8.10075572316438
"J05"	1943	6	14.9555109491711
"J05"	1943	7	19.7248391185665
"J05"	1943	8	16.6796576538896
"J05"	1943	9	12.881065652284
"J05"	1943	10	6.29725374838637
"J05"	1943	11	-2.73300181694554
"J05"	1943	12	-12.9337355169531
"J05"	1944	1	-11.4332948987703
"J05"	1944	2	-13.3606495398003
"J05"	1944	3	-6.97171631980433
"J05"	1944	4	1.6173906780992
"J05"	1944	5	11.396009280566
"J05"	1944	6	16.9370581452695
"J05"	1944	7	19.7270453295208
"J05"	1944	8	19.4871468193254
"J05"	1944	9	13.8884053841465
"J05"	1944	10	2.98119330209796
"J05"	1944	11	-1.56370162582904
"J05"	1944	12	-11.7569659714186
"J05"	1945	1	-14.3461273750846
"J05"	1945	2	-10.6058354992677
"J05"	1945	3	-2.60183316629687
"J05"	1945	4	3.00289744957213
"J05"	1945	5	9.39332095847346
"J05"	1945	6	15.3179696677154
"J05"	1945	7	19.4315646415157
"J05"	1945	8	18.2984803091631
"J05"	1945	9	11.8995585290867
"J05"	1945	10	2.66723736516212
"J05"	1945	11	-3.59429835549152
"J05"	1945	12	-12.3804593039696
"J05"	1946	1	-16.458135041543
"J05"	1946	2	-15.0472746872723
"J05"	1946	3	-2.73095498219543
"J05"	1946	4	2.38877277305982
"J05"	1946	5	8.39237143080102
"J05"	1946	6	15.3983858281459
"J05"	1946	7	17.9382075784557
"J05"	1946	8	18.8136721688538
"J05"	1946	9	15.2145498871632
"J05"	1946	10	6.55585446547174
"J05"	1946	11	-4.32451450249333
"J05"	1946	12	-13.1036788226392
"J05"	1947	1	-15.9694769675852
"J05"	1947	2	-7.48499427722143
"J05"	1947	3	-3.05867894700681
"J05"	1947	4	-1.82506608291236
"J05"	1947	5	6.4928204380691
"J05"	1947	6	16.8785336675525
"J05"	1947	7	20.9468135857467
"J05"	1947	8	19.5326606968086
"J05"	1947	9	11.3333210215078
"J05"	1947	10	7.24765573083873
"J05"	1947	11	-1.65404260469487
"J05"	1947	12	-11.1259770514862
"J05"	1948	1	-15.5801501187245
"J05"	1948	2	-15.3189009646735
"J05"	1948	3	-8.08488554097202
"J05"	1948	4	0.161337127114402
"J05"	1948	5	9.49446524826644
"J05"	1948	6	16.3587232939406
"J05"	1948	7	19.4573163766116
"J05"	1948	8	18.7552765541617
"J05"	1948	9	13.8555821426218
"J05"	1948	10	6.74307555731935
"J05"	1948	11	-0.582499523341124
"J05"	1948	12	-9.94656489101028
"J05"	1949	1	-13.9899940055555
"J05"	1949	2	-14.3491412160764
"J05"	1949	3	-6.00960894240727
"J05"	1949	4	2.64828795314414
"J05"	1949	5	8.59735284782584
"J05"	1949	6	18.6392380225879
"J05"	1949	7	20.0695625113008
"J05"	1949	8	18.2811903770911
"J05"	1949	9	12.0810062783946
"J05"	1949	10	6.24224831975116
"J05"	1949	11	-5.80964738156526
"J05"	1949	12	-9.46467931809016
"J05"	1950	1	-16.6987635626098
"J05"	1950	2	-15.5756442160363
"J05"	1950	3	-6.63266909250856
"J05"	1950	4	2.03631660770366
"J05"	1950	5	11.7015953471014
"J05"	1950	6	15.1203006752895
"J05"	1950	7	18.5833582403691
"J05"	1950	8	18.7099701927382
"J05"	1950	9	11.1091404185924
"J05"	1950	10	3.24504499729791
"J05"	1950	11	-1.43542822871801
"J05"	1950	12	-8.57972723946431
"J05"	1951	1	-14.4062101458408
"J05"	1951	2	-10.0980180170049
"J05"	1951	3	-2.65372484622542
"J05"	1951	4	5.42595103406228
"J05"	1951	5	10.5073195233153
"J05"	1951	6	16.3019716954523
"J05"	1951	7	19.1984800616731
"J05"	1951	8	18.141126414765
"J05"	1951	9	12.2395167116902
"J05"	1951	10	4.85118351212471
"J05"	1951	11	-4.55965411858064
"J05"	1951	12	-12.7913655015916
"J05"	1952	1	-14.6119421861618
"J05"	1952	2	-9.91558043306645
"J05"	1952	3	-2.57234536510044
"J05"	1952	4	3.01764818473352
"J05"	1952	5	10.8144598647213
"J05"	1952	6	16.584361875958
"J05"	1952	7	22.1147692722961
"J05"	1952	8	18.9740983706505
"J05"	1952	9	12.2717432930825
"J05"	1952	10	2.26044686764097
"J05"	1952	11	-3.38219041285708
"J05"	1952	12	-8.49949708359223
"J05"	1953	1	-12.7155505728056
"J05"	1953	2	-10.4277772663897
"J05"	1953	3	-4.08831826058132
"J05"	1953	4	4.51158280285424
"J05"	1953	5	10.2227859437663
"J05"	1953	6	16.9676024923197
"J05"	1953	7	20.1320539897336
"J05"	1953	8	17.7082746177636
"J05"	1953	9	11.8054324936745
"J05"	1953	10	5.67266638022785
"J05"	1953	11	-0.502816577980069
"J05"	1953	12	-9.90403720057109
"J05"	1954	1	-18.3166761184657
"J05"	1954	2	-7.83429645582523
"J05"	1954	3	-5.20170548376584
"J05"	1954	4	0.107742619358811
"J05"	1954	5	10.2319135888366
"J05"	1954	6	18.3517912973204
"J05"	1954	7	18.5499427576291
"J05"	1954	8	17.1429629345468
"J05"	1954	9	12.0401849463333
"J05"	1954	10	4.28782880093077
"J05"	1954	11	-3.42131567724865
"J05"	1954	12	-9.60514482645409
"J05"	1955	1	-12.1150452099932
"J05"	1955	2	-11.3350826508077
"J05"	1955	3	-6.81270110215334
"J05"	1955	4	3.60594511705202
"J05"	1955	5	9.24134598101993
"J05"	1955	6	19.5369283925407
"J05"	1955	7	20.6679567632236
"J05"	1955	8	19.2774864395176
"J05"	1955	9	10.8756216199269
"J05"	1955	10	5.30588243324226
"J05"	1955	11	-2.73767032060541
"J05"	1955	12	-13.1032021017966
"J05"	1956	1	-9.21018306334565
"J05"	1956	2	-11.8304647038045
"J05"	1956	3	-7.92147936318657
"J05"	1956	4	2.00609053812612
"J05"	1956	5	5.85050463522129
"J05"	1956	6	14.5227738200414
"J05"	1956	7	17.5856539667054
"J05"	1956	8	16.2112115021142
"J05"	1956	9	10.711397686375
"J05"	1956	10	5.92675936235732
"J05"	1956	11	-3.25190009616228
"J05"	1956	12	-13.6987400337512
"J05"	1957	1	-20.8018568799643
"J05"	1957	2	-12.0209170572461
"J05"	1957	3	-2.62802099847942
"J05"	1957	4	1.20800175816854
"J05"	1957	5	9.15887659577987
"J05"	1957	6	15.3088253029344
"J05"	1957	7	18.5025527845676
"J05"	1957	8	16.2434494014722
"J05"	1957	9	12.0472944725055
"J05"	1957	10	5.95030914777649
"J05"	1957	11	-2.56404757721763
"J05"	1957	12	-7.69215210387407
"J05"	1958	1	-9.89020070287345
"J05"	1958	2	-9.50694604415158
"J05"	1958	3	-0.0320981384321168
"J05"	1958	4	4.21149843139612
"J05"	1958	5	8.666239831468
"J05"	1958	6	13.1946807320031
"J05"	1958	7	18.8183183754111
"J05"	1958	8	16.6736587276169
"J05"	1958	9	11.783229192189
"J05"	1958	10	3.27622816943463
"J05"	1958	11	-4.2741645843452
"J05"	1958	12	-16.6836968011407
"J05"	1959	1	-11.8750630128492
"J05"	1959	2	-16.6891150777855
"J05"	1959	3	-7.63372850665629
"J05"	1959	4	2.0164328418651
"J05"	1959	5	10.6724758330639
"J05"	1959	6	16.1801180189597
"J05"	1959	7	21.6327445800206
"J05"	1959	8	18.3014956315985
"J05"	1959	9	13.5191564289268
"J05"	1959	10	3.3040988920745
"J05"	1959	11	-4.782322749334
"J05"	1959	12	-11.0737870284973
"J05"	1960	1	-13.3566094237914
"J05"	1960	2	-5.96809843234353
"J05"	1960	3	-6.83333727776832
"J05"	1960	4	0.922509098753036
"J05"	1960	5	12.8775025882737
"J05"	1960	6	16.8651889997864
"J05"	1960	7	18.1456538187605
"J05"	1960	8	18.7267460618045
"J05"	1960	9	12.355027737884
"J05"	1960	10	3.83360322125321
"J05"	1960	11	-2.48848001317177
"J05"	1960	12	-11.5625020617284
"J05"	1961	1	-18.9353525600616
"J05"	1961	2	-12.8443707026528
"J05"	1961	3	-5.63121571127636
"J05"	1961	4	4.52942084572092
"J05"	1961	5	8.98107941615639
"J05"	1961	6	15.6500087289738
"J05"	1961	7	19.35673501611
"J05"	1961	8	18.5491781108962
"J05"	1961	9	14.6906810983154
"J05"	1961	10	6.06456325267997
"J05"	1961	11	-0.692451585575076
"J05"	1961	12	-7.64984729455006
"J05"	1962	1	-17.511881680337
"J05"	1962	2	-16.6187845567409
"J05"	1962	3	-0.927457055128634
"J05"	1962	4	0.93691066539277
"J05"	1962	5	8.58266807060524
"J05"	1962	6	17.0346650746613
"J05"	1962	7	18.5657424846526
"J05"	1962	8	19.0684788548292
"J05"	1962	9	11.6258526374128
"J05"	1962	10	5.19685354696497
"J05"	1962	11	-3.39411965993675
"J05"	1962	12	-10.8359059182565
"J05"	1963	1	-13.5864142541721
"J05"	1963	2	-15.4921586816943
"J05"	1963	3	-6.92216324208092
"J05"	1963	4	2.6445748360323
"J05"	1963	5	9.38170891466217
"J05"	1963	6	17.1192746585788
"J05"	1963	7	19.5724845758863
"J05"	1963	8	16.3842496571871
"J05"	1963	9	10.3600741371916
"J05"	1963	10	7.43022904757472
"J05"	1963	11	-0.993569230605808
"J05"	1963	12	-15.0210789538232
"J05"	1964	1	-13.5588769479797
"J05"	1964	2	-10.9648599407824
"J05"	1964	3	-6.4157259419352
"J05"	1964	4	3.45204483040045
"J05"	1964	5	9.47771494287771
"J05"	1964	6	15.0038945053212
"J05"	1964	7	19.5768426438634
"J05"	1964	8	16.3960218948182
"J05"	1964	9	11.2928973046352
"J05"	1964	10	2.86430516815817
"J05"	1964	11	-3.79095560665588
"J05"	1964	12	-11.7058243568779
"J05"	1965	1	-16.1292494204967
"J05"	1965	2	-11.7369087874807
"J05"	1965	3	-5.50845038154699
"J05"	1965	4	1.75890622938516
"J05"	1965	5	8.27021378166165
"J05"	1965	6	16.0885299049333
"J05"	1965	7	16.5787060991145
"J05"	1965	8	16.2034615137616
"J05"	1965	9	11.1240379836108
"J05"	1965	10	1.69848764461583
"J05"	1965	11	-6.2865866513457
"J05"	1965	12	-12.0903240731586
"J05"	1966	1	-9.99759369070162
"J05"	1966	2	-8.9083493352135
"J05"	1966	3	-1.20049397948487
"J05"	1966	4	2.96463369431771
"J05"	1966	5	8.35874817905844
"J05"	1966	6	16.6732805721324
"J05"	1966	7	17.8780119728117
"J05"	1966	8	17.1064257449921
"J05"	1966	9	11.8533301229715
"J05"	1966	10	4.0323171976196
"J05"	1966	11	-0.680696604137955
"J05"	1966	12	-9.77465823932372
"J05"	1967	1	-14.3639715145388
"J05"	1967	2	-14.8793348942021
"J05"	1967	3	-8.79203557918426
"J05"	1967	4	0.268686358856712
"J05"	1967	5	6.54296911387721
"J05"	1967	6	18.3582843672715
"J05"	1967	7	20.474959154243
"J05"	1967	8	19.2049602083053
"J05"	1967	9	13.4807060005496
"J05"	1967	10	4.56560773653628
"J05"	1967	11	-2.57330229166639
"J05"	1967	12	-8.95888721745913
"J05"	1968	1	-17.1287969390779
"J05"	1968	2	-12.0502195921839
"J05"	1968	3	-6.08348685388937
"J05"	1968	4	3.8704991338468
"J05"	1968	5	10.5226892933694
"J05"	1968	6	16.3436149037302
"J05"	1968	7	18.9699122638069
"J05"	1968	8	14.3991883183231
"J05"	1968	9	16.5061085212147
"J05"	1968	10	6.59827192921335
"J05"	1968	11	-5.06456461007542
"J05"	1968	12	-9.74324589079864
"J05"	1969	1	-8.99255372237586
"J05"	1969	2	-8.6211930649783
"J05"	1969	3	-3.77502430893733
"J05"	1969	4	-0.730397510604192
"J05"	1969	5	6.89794718790388
"J05"	1969	6	14.6291751175502
"J05"	1969	7	18.5631975740317
"J05"	1969	8	18.389221264675
"J05"	1969	9	9.82928549134936
"J05"	1969	10	2.93019092924912
"J05"	1969	11	-0.554699217433579
"J05"	1969	12	-8.4282397578015
"J05"	1970	1	-16.5556492311635
"J05"	1970	2	-13.0924563240043
"J05"	1970	3	-3.96670054288125
"J05"	1970	4	1.56547994084636
"J05"	1970	5	7.36879701300247
"J05"	1970	6	15.4148593776577
"J05"	1970	7	21.4551797734399
"J05"	1970	8	19.3754212674418
"J05"	1970	9	11.3496482722104
"J05"	1970	10	7.56111424374685
"J05"	1970	11	-2.24382926184402
"J05"	1970	12	-14.9146247556956
"J05"	1971	1	-14.71885973765
"J05"	1971	2	-12.2644637548595
"J05"	1971	3	-4.35867976745374
"J05"	1971	4	2.95781870470011
"J05"	1971	5	11.035510129585
"J05"	1971	6	15.3007155686391
"J05"	1971	7	18.5462667753382
"J05"	1971	8	16.8581582436763
"J05"	1971	9	13.1667159638425
"J05"	1971	10	6.0908202525764
"J05"	1971	11	-3.93226315903885
"J05"	1971	12	-14.6033669595947
"J05"	1972	1	-15.1829239601292
"J05"	1972	2	-15.63764997037
"J05"	1972	3	-8.7512608525975
"J05"	1972	4	1.44638994253991
"J05"	1972	5	8.29853645373486
"J05"	1972	6	15.2869187511371
"J05"	1972	7	19.9367443167857
"J05"	1972	8	17.1377012229443
"J05"	1972	9	11.2800909186063
"J05"	1972	10	1.91884792617932
"J05"	1972	11	-4.82041572131982
"J05"	1972	12	-16.5951551507743
"J05"	1973	1	-14.8485294336913
"J05"	1973	2	-13.4123389660218
"J05"	1973	3	-2.54475401831754
"J05"	1973	4	1.33092141161736
"J05"	1973	5	9.35825590865343
"J05"	1973	6	18.2737648420423
"J05"	1973	7	20.9269233387694
"J05"	1973	8	19.7143947922202
"J05"	1973	9	11.7893204040867
"J05"	1973	10	5.4446055033297
"J05"	1973	11	-3.60862113577889
"J05"	1973	12	-8.39025584266514
"J05"	1974	1	-19.7163188223132
"J05"	1974	2	-13.3885348820351
"J05"	1974	3	-8.13924521301822
"J05"	1974	4	0.0111930469026928
"J05"	1974	5	6.51510312154708
"J05"	1974	6	18.1616141429848
"J05"	1974	7	19.7170669659531
"J05"	1974	8	17.588635493178
"J05"	1974	9	10.8940012317241
"J05"	1974	10	1.36766376912814
"J05"	1974	11	-3.29705220597076
"J05"	1974	12	-8.78852428455848
"J05"	1975	1	-16.4868098615171
"J05"	1975	2	-13.6660332794407
"J05"	1975	3	-6.03489353096868
"J05"	1975	4	0.587102963374016
"J05"	1975	5	11.6695943062997
"J05"	1975	6	18.0506544030451
"J05"	1975	7	21.5073075017736
"J05"	1975	8	18.2607022470634
"J05"	1975	9	13.0937946893903
"J05"	1975	10	5.48763872083563
"J05"	1975	11	-2.28580594752575
"J05"	1975	12	-12.390014361481
"J05"	1976	1	-15.9600765289666
"J05"	1976	2	-11.9444620885487
"J05"	1976	3	-7.33164926501779
"J05"	1976	4	1.25876403274711
"J05"	1976	5	9.22243065339481
"J05"	1976	6	18.8408521686628
"J05"	1976	7	20.4976876971374
"J05"	1976	8	18.2308616662674
"J05"	1976	9	11.1884440239871
"J05"	1976	10	2.80436518119796
"J05"	1976	11	-4.47497312372941
"J05"	1976	12	-13.3950389304071
"J05"	1977	1	-13.3359209530405
"J05"	1977	2	-10.4232943439163
"J05"	1977	3	-1.22928449544484
"J05"	1977	4	0.626470700806223
"J05"	1977	5	9.87419111756168
"J05"	1977	6	16.0319480893983
"J05"	1977	7	17.8880617081204
"J05"	1977	8	16.9993573780686
"J05"	1977	9	10.9776542133143
"J05"	1977	10	4.91770198661934
"J05"	1977	11	-0.36468168649811
"J05"	1977	12	-10.703852955087
"J05"	1978	1	-15.5140329672502
"J05"	1978	2	-9.80201113317596
"J05"	1978	3	-8.82745361373545
"J05"	1978	4	1.39064626903417
"J05"	1978	5	11.7254122371558
"J05"	1978	6	14.5234520890239
"J05"	1978	7	19.0781924622449
"J05"	1978	8	17.6664236298322
"J05"	1978	9	9.4612048563528
"J05"	1978	10	2.72762217638861
"J05"	1978	11	-4.75502391737736
"J05"	1978	12	-12.416554685895
"J05"	1979	1	-11.7941673956307
"J05"	1979	2	-14.5802705100914
"J05"	1979	3	-2.02600428069347
"J05"	1979	4	3.15186480838108
"J05"	1979	5	11.576547825656
"J05"	1979	6	17.7148829580662
"J05"	1979	7	20.1679572596328
"J05"	1979	8	17.2323712493406
"J05"	1979	9	11.7390356559259
"J05"	1979	10	5.33414123879244
"J05"	1979	11	-1.94625408491208
"J05"	1979	12	-9.633246946361
"J05"	1980	1	-12.0760965823134
"J05"	1980	2	-11.7578920221721
"J05"	1980	3	-4.52462689683168
"J05"	1980	4	3.51076726665111
"J05"	1980	5	9.72781047586467
"J05"	1980	6	14.8058816260726
"J05"	1980	7	18.3572828203578
"J05"	1980	8	20.5975675474916
"J05"	1980	9	9.81132656585304
"J05"	1980	10	2.5373980942013
"J05"	1980	11	-3.43857514066687
"J05"	1980	12	-15.8540095476974
"J05"	1981	1	-13.6598593142251
"J05"	1981	2	-4.43454264906902
"J05"	1981	3	-1.62319751850434
"J05"	1981	4	0.967897758077768
"J05"	1981	5	8.77918344489528
"J05"	1981	6	15.6960438379525
"J05"	1981	7	20.6460703533064
"J05"	1981	8	19.4623902984617
"J05"	1981	9	14.378384203856
"J05"	1981	10	5.13754607600984
"J05"	1981	11	-1.93224599780511
"J05"	1981	12	-6.77896342178415
"J05"	1982	1	-15.9457810321906
"J05"	1982	2	-15.5100140898107
"J05"	1982	3	-6.42177201312718
"J05"	1982	4	-0.976309543986497
"J05"	1982	5	10.2305908683294
"J05"	1982	6	15.985071567209
"J05"	1982	7	19.4342730053196
"J05"	1982	8	15.6269893970272
"J05"	1982	9	13.04065920777
"J05"	1982	10	6.73487279401715
"J05"	1982	11	-2.32754837622175
"J05"	1982	12	-10.4080095669222
"J05"	1983	1	-12.6342953898968
"J05"	1983	2	-11.1846444740374
"J05"	1983	3	-4.72067241493586
"J05"	1983	4	3.37870523435819
"J05"	1983	5	7.38198177730848
"J05"	1983	6	17.6727541619668
"J05"	1983	7	18.7217729438016
"J05"	1983	8	18.0913872924025
"J05"	1983	9	13.4984455342017
"J05"	1983	10	5.5296157150869
"J05"	1983	11	-2.92486973440758
"J05"	1983	12	-13.0413591932303
"J05"	1984	1	-17.4257956155833
"J05"	1984	2	-7.65866389394341
"J05"	1984	3	-6.6201944618754
"J05"	1984	4	5.03374721783548
"J05"	1984	5	7.83328984426233
"J05"	1984	6	14.7588935052245
"J05"	1984	7	19.5084469154707
"J05"	1984	8	19.8557598387051
"J05"	1984	9	10.6518869936766
"J05"	1984	10	5.82180614431963
"J05"	1984	11	-2.42468979649676
"J05"	1984	12	-11.679371885523
"J05"	1985	1	-16.3207581478213
"J05"	1985	2	-9.93238986355386
"J05"	1985	3	-6.32060972621021
"J05"	1985	4	0.189523427154677
"J05"	1985	5	6.78462362565563
"J05"	1985	6	16.6432213194119
"J05"	1985	7	19.1942318897259
"J05"	1985	8	18.5202802287171
"J05"	1985	9	13.6010244146342
"J05"	1985	10	5.01132798138824
"J05"	1985	11	-4.22753476583542
"J05"	1985	12	-13.8222990434945
"J05"	1986	1	-13.5194470114425
"J05"	1986	2	-11.6065511250489
"J05"	1986	3	-6.42205342564973
"J05"	1986	4	4.54651989608145
"J05"	1986	5	12.2363084928474
"J05"	1986	6	12.7255611827793
"J05"	1986	7	18.4790825678303
"J05"	1986	8	17.3849549135404
"J05"	1986	9	10.145955572902
"J05"	1986	10	2.89793469644484
"J05"	1986	11	-5.83396931886605
"J05"	1986	12	-10.3702973440628
"J05"	1987	1	-13.5219625212908
"J05"	1987	2	-10.5821424754786
"J05"	1987	3	-2.62450833628356
"J05"	1987	4	6.30526954352151
"J05"	1987	5	9.58885239203829
"J05"	1987	6	15.8058143832258
"J05"	1987	7	19.7629951406128
"J05"	1987	8	16.9497180627666
"J05"	1987	9	12.9867250568613
"J05"	1987	10	4.78135081024352
"J05"	1987	11	-3.24442989461737
"J05"	1987	12	-11.2233534253222
"J05"	1988	1	-12.9284879670257
"J05"	1988	2	-13.660265505684
"J05"	1988	3	-4.62787877848235
"J05"	1988	4	3.36606470627835
"J05"	1988	5	12.0425828528183
"J05"	1988	6	14.3841745000586
"J05"	1988	7	20.9460451878084
"J05"	1988	8	18.2145580763709
"J05"	1988	9	10.7234852202783
"J05"	1988	10	3.46141982435534
"J05"	1988	11	-2.25911167124026
"J05"	1988	12	-13.7815005921418
"J05"	1989	1	-14.639357453205
"J05"	1989	2	-13.442115479141
"J05"	1989	3	-7.63225288714781
"J05"	1989	4	1.62878771961401
"J05"	1989	5	12.1977007918299
"J05"	1989	6	17.7609874693881
"J05"	1989	7	19.0282753659761
"J05"	1989	8	17.5795498826896
"J05"	1989	9	13.4563830440838
"J05"	1989	10	4.93802203797011
"J05"	1989	11	-5.17816372571785
"J05"	1989	12	-15.9447683404306
"J05"	1990	1	-13.9550691379636
"J05"	1990	2	-15.1287594570684
"J05"	1990	3	-5.43775789488296
"J05"	1990	4	1.59314612903164
"J05"	1990	5	8.15413374608095
"J05"	1990	6	16.7367361408484
"J05"	1990	7	20.0096132653314
"J05"	1990	8	19.2447749845095
"J05"	1990	9	10.7856298718919
"J05"	1990	10	3.91111302459338
"J05"	1990	11	-3.80176142444661
"J05"	1990	12	-11.4129168089268
"J05"	1991	1	-19.3761736792784
"J05"	1991	2	-11.5210582876507
"J05"	1991	3	-3.34432309578984
"J05"	1991	4	1.95887159628632
"J05"	1991	5	9.01155530194245
"J05"	1991	6	16.4118185745293
"J05"	1991	7	19.589981780468
"J05"	1991	8	19.1103136416429
"J05"	1991	9	11.1113812000201
"J05"	1991	10	4.98065228753865
"J05"	1991	11	-2.02991973277821
"J05"	1991	12	-13.6853029045214
"J05"	1992	1	-15.5031861494892
"J05"	1992	2	-16.1196080658959
"J05"	1992	3	-6.85183752471884
"J05"	1992	4	0.625750246879312
"J05"	1992	5	9.36968898197248
"J05"	1992	6	14.0865689881355
"J05"	1992	7	16.4692672830394
"J05"	1992	8	17.1761267888632
"J05"	1992	9	12.8338894927565
"J05"	1992	10	3.04663455699342
"J05"	1992	11	-4.76258057049231
"J05"	1992	12	-11.4611547263168
"J05"	1993	1	-15.7362427556521
"J05"	1993	2	-17.1249033962738
"J05"	1993	3	-5.66029147541246
"J05"	1993	4	3.19362078322966
"J05"	1993	5	9.02831337086096
"J05"	1993	6	17.0613509404143
"J05"	1993	7	20.2473961440537
"J05"	1993	8	18.1420722067562
"J05"	1993	9	10.8534970718895
"J05"	1993	10	1.50906338874663
"J05"	1993	11	-4.69972768051064
"J05"	1993	12	-10.9395247943449
"J05"	1994	1	-19.1752980185354
"J05"	1994	2	-15.2370208774958
"J05"	1994	3	-4.96956113672021
"J05"	1994	4	-0.2375774343389
"J05"	1994	5	7.78722305998951
"J05"	1994	6	16.8366906399638
"J05"	1994	7	19.6245176136116
"J05"	1994	8	16.0080429240475
"J05"	1994	9	12.2705311836422
"J05"	1994	10	7.36811559918145
"J05"	1994	11	-1.84120431861845
"J05"	1994	12	-10.1194332737086
"J05"	1995	1	-13.9201147852999
"J05"	1995	2	-15.2554841759425
"J05"	1995	3	-5.87944766446299
"J05"	1995	4	1.63208523223512
"J05"	1995	5	9.44627371334044
"J05"	1995	6	17.8130895586757
"J05"	1995	7	20.5007759533721
"J05"	1995	8	19.3739713150865
"J05"	1995	9	10.5853998449387
"J05"	1995	10	6.12418586600821
"J05"	1995	11	-3.98672081517633
"J05"	1995	12	-11.7999708104929
"J05"	1996	1	-14.3700891718741
"J05"	1996	2	-11.1793948619139
"J05"	1996	3	-6.28973820402686
"J05"	1996	4	3.00271484347754
"J05"	1996	5	7.00545515809941
"J05"	1996	6	17.790963249623
"J05"	1996	7	18.376267086046
"J05"	1996	8	18.6399133655773
"J05"	1996	9	12.9985517049986
"J05"	1996	10	4.17747274555069
"J05"	1996	11	-3.03604200601088
"J05"	1996	12	-8.28034105219867
"J05"	1997	1	-13.8245939340173
"J05"	1997	2	-13.4075504653923
"J05"	1997	3	-8.50013856372984
"J05"	1997	4	1.67448528765411
"J05"	1997	5	5.86483217168827
"J05"	1997	6	15.9705680134788
"J05"	1997	7	18.4510234098827
"J05"	1997	8	16.7058363042337
"J05"	1997	9	11.8105343773262
"J05"	1997	10	4.32799998608906
"J05"	1997	11	-4.18889156981204
"J05"	1997	12	-10.6598128966741
"J05"	1998	1	-13.3830586550495
"J05"	1998	2	-6.93872623556589
"J05"	1998	3	-4.81017778100585
"J05"	1998	4	4.24751754259211
"J05"	1998	5	11.9247297764047
"J05"	1998	6	17.0520195886633
"J05"	1998	7	19.3251650637553
"J05"	1998	8	18.1716487551058
"J05"	1998	9	11.621858558886
"J05"	1998	10	4.47579451498329
"J05"	1998	11	-3.74496213681366
"J05"	1998	12	-10.3379212932993
"J05"	1999	1	-13.7450133101929
"J05"	1999	2	-7.97170785687186
"J05"	1999	3	-1.61909664450933
"J05"	1999	4	2.62190711971228
"J05"	1999	5	13.9857521482652
"J05"	1999	6	18.6354178641352
"J05"	1999	7	19.7989189949253
"J05"	1999	8	18.0373411299878
"J05"	1999	9	15.133048690704
"J05"	1999	10	2.62091042635195
"J05"	1999	11	-2.60385081460846
"J05"	1999	12	-10.4143534714713
"J05"	2000	1	-14.51012734408
"J05"	2000	2	-11.1057447050398
"J05"	2000	3	-2.32616318174277
"J05"	2000	4	0.897576982558368
"J05"	2000	5	7.44827833483939
"J05"	2000	6	14.6207649273066
"J05"	2000	7	19.9725378834883
"J05"	2000	8	18.8029095678621
"J05"	2000	9	10.9446115210024
"J05"	2000	10	3.96345129253525
"J05"	2000	11	-1.66509454362336
"J05"	2000	12	-12.1889255235905
"J05"	2001	1	-14.0781741666021
"J05"	2001	2	-12.5405338700174
"J05"	2001	3	-2.53098828086978
"J05"	2001	4	1.87439086480977
"J05"	2001	5	13.6123065908725
"J05"	2001	6	16.8078969099252
"J05"	2001	7	19.0462411602513
"J05"	2001	8	18.9683219790102
"J05"	2001	9	12.7568423363514
"J05"	2001	10	5.30368900318538
"J05"	2001	11	-1.82828929558194
"J05"	2001	12	-8.16154716123224
"J05"	2002	1	-14.9489712151084
"J05"	2002	2	-13.0759194321453
"J05"	2002	3	-6.93352885730957
"J05"	2002	4	1.35230451725335
"J05"	2002	5	7.37781364629604
"J05"	2002	6	15.2967302783309
"J05"	2002	7	19.3202101576702
"J05"	2002	8	18.3334560443665
"J05"	2002	9	13.1700540599505
"J05"	2002	10	2.74196644604292
"J05"	2002	11	-5.09318493594617
"J05"	2002	12	-11.1321586329083
"J05"	2003	1	-15.4223817963923
"J05"	2003	2	-15.1117038858242
"J05"	2003	3	-7.6339690205282
"J05"	2003	4	-0.568667580445907
"J05"	2003	5	10.5445165120522
"J05"	2003	6	17.2871972406495
"J05"	2003	7	18.8946534019701
"J05"	2003	8	18.1980833343883
"J05"	2003	9	15.184507628236
"J05"	2003	10	4.77861449337713
"J05"	2003	11	-3.0596255173973
"J05"	2003	12	-10.4009584995537
"J05"	2004	1	-16.0982444421513
"J05"	2004	2	-11.3475356557666
"J05"	2004	3	-4.13234896896279
"J05"	2004	4	1.011608560784
"J05"	2004	5	6.71218529632269
"J05"	2004	6	14.2792831684643
"J05"	2004	7	20.1698117437066
"J05"	2004	8	16.9619196054914
"J05"	2004	9	12.1003021645284
"J05"	2004	10	6.31408969761921
"J05"	2004	11	-3.92732501412368
"J05"	2004	12	-13.0682608507139
"J05"	2005	1	-17.4763039549462
"J05"	2005	2	-9.78281059848117
"J05"	2005	3	-4.32849077711073
"J05"	2005	4	2.59351923842818
"J05"	2005	5	9.7805910929326
"J05"	2005	6	16.8729575929666
"J05"	2005	7	21.3459614263466
"J05"	2005	8	17.924673154245
"J05"	2005	9	12.6172670108837
"J05"	2005	10	5.74883157815218
"J05"	2005	11	-2.69594752681991
"J05"	2005	12	-12.7344409255616
"J05"	2006	1	-11.7561201138374
"J05"	2006	2	-12.6169643420085
"J05"	2006	3	-2.32226115747537
"J05"	2006	4	4.67758316017758
"J05"	2006	5	11.7496882569028
"J05"	2006	6	18.368323475642
"J05"	2006	7	19.9232968100249
"J05"	2006	8	16.0861273399763
"J05"	2006	9	12.0351582579852
"J05"	2006	10	4.38311002797604
"J05"	2006	11	-0.86510315660935
"J05"	2006	12	-9.89974261594315
"J05"	2007	1	-13.737058295918
"J05"	2007	2	-12.6496163734792
"J05"	2007	3	-6.51366612940806
"J05"	2007	4	2.8642511744234
"J05"	2007	5	8.6194057488179
"J05"	2007	6	17.2654395840344
"J05"	2007	7	19.5018390336516
"J05"	2007	8	16.5461250252816
"J05"	2007	9	10.4536907830057
"J05"	2007	10	6.61706722924993
"J05"	2007	11	-5.03446603146739
"J05"	2007	12	-14.2643085845355
"J05"	2008	1	-13.4186807508828
"J05"	2008	2	-12.4803735264884
"J05"	2008	3	-7.40292392301998
"J05"	2008	4	4.15374382490378
"J05"	2008	5	9.68949050841053
"J05"	2008	6	15.9641707252133
"J05"	2008	7	19.9815349465861
"J05"	2008	8	18.6046874598336
"J05"	2008	9	12.1726062543218
"J05"	2008	10	4.85079370025858
"J05"	2008	11	-2.6038622027207
"J05"	2008	12	-13.3283267401792
"J05"	2009	1	-17.600708816101
"J05"	2009	2	-9.60877395045343
"J05"	2009	3	-5.59015133302403
"J05"	2009	4	2.34612911303692
"J05"	2009	5	7.85969750143265
"J05"	2009	6	16.5642722759759
"J05"	2009	7	18.9623097977228
"J05"	2009	8	17.0619729916139
"J05"	2009	9	12.1917771360091
"J05"	2009	10	2.08421196905977
"J05"	2009	11	-0.673020790851103
"J05"	2009	12	-10.6917558973704
"J05"	2010	1	-10.7829249171535
"J05"	2010	2	-5.53435758024575
"J05"	2010	3	-1.87524475011445
"J05"	2010	4	5.14129169132104
"J05"	2010	5	9.62980334362664
"J05"	2010	6	15.7655045855519
"J05"	2010	7	19.9440576529089
"J05"	2010	8	18.7181337285985
"J05"	2010	9	11.0111001919576
"J05"	2010	10	3.8172288547073
"J05"	2010	11	-2.64172398532585
"J05"	2010	12	-6.95436618163095
"J05"	2011	1	-13.0649803161751
"J05"	2011	2	-12.9569814140401
"J05"	2011	3	-5.25808212924608
"J05"	2011	4	1.33899591473769
"J05"	2011	5	7.79969607303747
"J05"	2011	6	15.5676269552888
"J05"	2011	7	19.4266938165966
"J05"	2011	8	17.1733647671134
"J05"	2011	9	12.7304841609773
"J05"	2011	10	5.54995793642068
"J05"	2011	11	-1.50997110204932
"J05"	2011	12	-11.0160440773483
"J05"	2012	1	-14.6468121480065
"J05"	2012	2	-10.9770549514738
"J05"	2012	3	-2.63878935257531
"J05"	2012	4	2.43877418630469
"J05"	2012	5	10.1693065924017
"J05"	2012	6	17.7704536157356
"J05"	2012	7	19.5101069209606
"J05"	2012	8	18.9278332964777
"J05"	2012	9	12.8499095682333
"J05"	2012	10	5.28260133554914
"J05"	2012	11	-3.17788213197411
"J05"	2012	12	-10.877063498627
"J05"	2013	1	-15.1285654073597
"J05"	2013	2	-10.1950664537812
"J05"	2013	3	-1.41759597683922
"J05"	2013	4	2.04015372865441
"J05"	2013	5	9.43867242023445
"J05"	2013	6	14.3738414493221
"J05"	2013	7	20.0941790549899
"J05"	2013	8	16.9817340870322
"J05"	2013	9	10.6693121493457
"J05"	2013	10	5.11528142282295
"J05"	2013	11	-4.44571558735165
"J05"	2013	12	-16.9378378502971
"J05"	2014	1	-15.710410735003
"J05"	2014	2	-13.011608580229
"J05"	2014	3	-9.69500190162736
"J05"	2014	4	1.44265261157026
"J05"	2014	5	8.10779903922089
"J05"	2014	6	17.7775854295974
"J05"	2014	7	20.2787777400501
"J05"	2014	8	18.6352187982904
"J05"	2014	9	10.888582519916
"J05"	2014	10	5.34803087736118
"J05"	2014	11	-5.6137320543736
"J05"	2014	12	-11.7987282857682
"J05"	2015	1	-16.5924624279767
"J05"	2015	2	-17.5274243134553
"J05"	2015	3	-6.67176186932024
"J05"	2015	4	0.745801643066321
"J05"	2015	5	9.5766976532472
"J05"	2015	6	15.0815785620806
"J05"	2015	7	17.4637037318417
"J05"	2015	8	18.6884836960827
"J05"	2015	9	13.6077342100683
"J05"	2015	10	2.68080679468843
"J05"	2015	11	-3.082035707779
"J05"	2015	12	-8.35966359101932
"J05"	2016	1	-12.7747044570757
"J05"	2016	2	-12.243106314262
"J05"	2016	3	-6.64830691951761
"J05"	2016	4	0.149214228848663
"J05"	2016	5	10.3454770892366
"J05"	2016	6	15.785661113515
"J05"	2016	7	19.0487209367532
"J05"	2016	8	18.4416750273668
"J05"	2016	9	11.9268752908333
"J05"	2016	10	5.31352883954807
"J05"	2016	11	-1.75050600017576
"J05"	2016	12	-12.8204996507137
