"J05"	1901	1	48.2008499296898
"J05"	1901	2	60.8611565639237
"J05"	1901	3	50.7684986713654
"J05"	1901	4	38.9555907485043
"J05"	1901	5	41.9743232802828
"J05"	1901	6	90.7918690073698
"J05"	1901	7	51.5935145008519
"J05"	1901	8	69.4004510214933
"J05"	1901	9	62.3298777107258
"J05"	1901	10	111.697380494283
"J05"	1901	11	89.8855097953536
"J05"	1901	12	93.5667036194647
"J05"	1902	1	91.8642560476753
"J05"	1902	2	51.5927055927816
"J05"	1902	3	65.1788359843085
"J05"	1902	4	54.8842918405208
"J05"	1902	5	88.1100199461096
"J05"	1902	6	213.94599512254
"J05"	1902	7	97.8869742245244
"J05"	1902	8	172.770759786859
"J05"	1902	9	128.314470089816
"J05"	1902	10	84.4465940356345
"J05"	1902	11	64.3168035029599
"J05"	1902	12	61.611437988646
"J05"	1903	1	76.4777711101263
"J05"	1903	2	77.8911163686813
"J05"	1903	3	56.6504122058173
"J05"	1903	4	78.1482931174195
"J05"	1903	5	24.7067283406084
"J05"	1903	6	49.7165529357917
"J05"	1903	7	148.258399155989
"J05"	1903	8	103.112031658517
"J05"	1903	9	40.0617956733283
"J05"	1903	10	53.8395808299598
"J05"	1903	11	58.2720751163692
"J05"	1903	12	67.1663443813669
"J05"	1904	1	65.0809791025699
"J05"	1904	2	57.9746128985154
"J05"	1904	3	79.5487659069995
"J05"	1904	4	45.8049515318569
"J05"	1904	5	112.423915297393
"J05"	1904	6	45.8118910855807
"J05"	1904	7	137.546995821345
"J05"	1904	8	113.03846455013
"J05"	1904	9	104.438836043442
"J05"	1904	10	74.5047258075068
"J05"	1904	11	69.2734653768387
"J05"	1904	12	50.6830508303474
"J05"	1905	1	42.6486385695614
"J05"	1905	2	52.1209897891398
"J05"	1905	3	21.4156925781234
"J05"	1905	4	42.7162201946303
"J05"	1905	5	56.4928069797405
"J05"	1905	6	73.1436133735179
"J05"	1905	7	57.5030243558793
"J05"	1905	8	64.3805063813342
"J05"	1905	9	151.934677059775
"J05"	1905	10	52.8310144106459
"J05"	1905	11	67.6910846962538
"J05"	1905	12	43.945804249434
"J05"	1906	1	47.0828392573849
"J05"	1906	2	25.5291460337452
"J05"	1906	3	88.0470201936608
"J05"	1906	4	64.4342285025321
"J05"	1906	5	58.2902381257143
"J05"	1906	6	65.3061859732382
"J05"	1906	7	25.2556891792228
"J05"	1906	8	74.8127958620319
"J05"	1906	9	187.034439411029
"J05"	1906	10	106.528458156047
"J05"	1906	11	82.15934679164
"J05"	1906	12	55.9858228405335
"J05"	1907	1	41.3675596556399
"J05"	1907	2	37.795573138897
"J05"	1907	3	52.9261064814213
"J05"	1907	4	66.5989806824229
"J05"	1907	5	65.0245791660935
"J05"	1907	6	130.22972232644
"J05"	1907	7	236.203533313092
"J05"	1907	8	158.526534214629
"J05"	1907	9	127.634845587224
"J05"	1907	10	115.939527927707
"J05"	1907	11	42.1206966324376
"J05"	1907	12	73.0420461206592
"J05"	1908	1	45.0805040759107
"J05"	1908	2	68.7578118715568
"J05"	1908	3	53.6381768022479
"J05"	1908	4	73.3064760160208
"J05"	1908	5	85.5796786303928
"J05"	1908	6	146.692125604088
"J05"	1908	7	55.074242280216
"J05"	1908	8	107.226925715501
"J05"	1908	9	46.9730584388407
"J05"	1908	10	70.221559161352
"J05"	1908	11	69.6022234853772
"J05"	1908	12	69.7679444079718
"J05"	1909	1	35.4472553175351
"J05"	1909	2	61.2049766320643
"J05"	1909	3	76.3506977678847
"J05"	1909	4	29.4021026006525
"J05"	1909	5	75.7378512173325
"J05"	1909	6	146.087076666026
"J05"	1909	7	202.149625901956
"J05"	1909	8	109.087776963676
"J05"	1909	9	154.347869654377
"J05"	1909	10	85.8878062022926
"J05"	1909	11	107.542545838702
"J05"	1909	12	55.2657403288614
"J05"	1910	1	50.0424311202789
"J05"	1910	2	59.937807564363
"J05"	1910	3	46.3704100074008
"J05"	1910	4	61.0734812843914
"J05"	1910	5	55.4010777425688
"J05"	1910	6	135.626849242228
"J05"	1910	7	177.788390051455
"J05"	1910	8	80.2830217519003
"J05"	1910	9	86.4093133718362
"J05"	1910	10	114.572963354425
"J05"	1910	11	133.431129925424
"J05"	1910	12	59.4106041157256
"J05"	1911	1	73.0648811109899
"J05"	1911	2	30.2418660287424
"J05"	1911	3	28.9455101595581
"J05"	1911	4	27.7441033153836
"J05"	1911	5	49.8899201983863
"J05"	1911	6	140.691888303141
"J05"	1911	7	158.17419466591
"J05"	1911	8	49.2274542595503
"J05"	1911	9	62.5791139730564
"J05"	1911	10	40.5158040335526
"J05"	1911	11	67.1033466284248
"J05"	1911	12	69.2648932685002
"J05"	1912	1	64.2525358463804
"J05"	1912	2	42.3616664894415
"J05"	1912	3	51.4274627830624
"J05"	1912	4	63.0410890548096
"J05"	1912	5	108.383523423343
"J05"	1912	6	90.9208704879545
"J05"	1912	7	138.847556913948
"J05"	1912	8	106.335188874666
"J05"	1912	9	52.6628064375151
"J05"	1912	10	109.114865083805
"J05"	1912	11	82.2019350277103
"J05"	1912	12	53.1396840900753
"J05"	1913	1	73.5479795277637
"J05"	1913	2	33.5297247240996
"J05"	1913	3	66.1196920303171
"J05"	1913	4	50.2986479989951
"J05"	1913	5	53.5030533451901
"J05"	1913	6	81.5099864780945
"J05"	1913	7	149.980103671702
"J05"	1913	8	78.9537362531261
"J05"	1913	9	47.5411535273081
"J05"	1913	10	101.053459704858
"J05"	1913	11	54.2046198224756
"J05"	1913	12	52.2362569860939
"J05"	1914	1	28.7093159067035
"J05"	1914	2	52.7733963639664
"J05"	1914	3	30.1734620314259
"J05"	1914	4	47.9536202524475
"J05"	1914	5	74.0081208987093
"J05"	1914	6	76.4149506610601
"J05"	1914	7	87.8119346390756
"J05"	1914	8	64.8820391844267
"J05"	1914	9	53.4805608812631
"J05"	1914	10	78.4070911153944
"J05"	1914	11	95.1948947049455
"J05"	1914	12	36.635385790492
"J05"	1915	1	43.4970755931476
"J05"	1915	2	54.498788653888
"J05"	1915	3	67.9439170537138
"J05"	1915	4	41.7777831358442
"J05"	1915	5	89.952076515258
"J05"	1915	6	64.9414155347943
"J05"	1915	7	84.0189358453809
"J05"	1915	8	99.0028566460936
"J05"	1915	9	168.289466030148
"J05"	1915	10	70.8815343702645
"J05"	1915	11	90.2707081120462
"J05"	1915	12	85.6163152253263
"J05"	1916	1	49.0046724730859
"J05"	1916	2	48.5889519419969
"J05"	1916	3	23.6057795261112
"J05"	1916	4	11.9230982817715
"J05"	1916	5	68.267249531526
"J05"	1916	6	90.0256074138367
"J05"	1916	7	46.5827170108146
"J05"	1916	8	82.8170901263429
"J05"	1916	9	116.907662944722
"J05"	1916	10	79.6947331349407
"J05"	1916	11	88.0584323206782
"J05"	1916	12	113.962208634457
"J05"	1917	1	43.8705297317335
"J05"	1917	2	54.2380696682856
"J05"	1917	3	32.957370468376
"J05"	1917	4	73.5622963830957
"J05"	1917	5	77.2439521929098
"J05"	1917	6	122.316432395673
"J05"	1917	7	63.3503802402808
"J05"	1917	8	124.386296213464
"J05"	1917	9	55.9557449380117
"J05"	1917	10	115.672138972038
"J05"	1917	11	55.7030656987067
"J05"	1917	12	31.3685915980432
"J05"	1918	1	59.3559885188942
"J05"	1918	2	46.6519051588515
"J05"	1918	3	21.9164498089076
"J05"	1918	4	27.2442168601556
"J05"	1918	5	102.050466381349
"J05"	1918	6	137.400261956018
"J05"	1918	7	155.341975757952
"J05"	1918	8	76.6405855894663
"J05"	1918	9	174.256404461442
"J05"	1918	10	42.8057414479918
"J05"	1918	11	40.918522578818
"J05"	1918	12	49.6112316016773
"J05"	1919	1	68.3597038646993
"J05"	1919	2	44.3021475451658
"J05"	1919	3	63.988204054945
"J05"	1919	4	80.5841091303323
"J05"	1919	5	39.2711764415702
"J05"	1919	6	42.8023140177938
"J05"	1919	7	91.0494875853162
"J05"	1919	8	94.5235119160089
"J05"	1919	9	89.5194688133763
"J05"	1919	10	58.4071116563774
"J05"	1919	11	48.3807485573622
"J05"	1919	12	33.3132686349254
"J05"	1920	1	40.6326792713011
"J05"	1920	2	82.0528415136935
"J05"	1920	3	61.2707590493978
"J05"	1920	4	71.9799081519838
"J05"	1920	5	13.8832494051481
"J05"	1920	6	37.5526352653325
"J05"	1920	7	123.517071891174
"J05"	1920	8	115.967653734725
"J05"	1920	9	60.0158236769858
"J05"	1920	10	55.9270161287416
"J05"	1920	11	27.7663991066519
"J05"	1920	12	86.3662502730883
"J05"	1921	1	71.6090259862
"J05"	1921	2	12.9103669118591
"J05"	1921	3	63.0002512374221
"J05"	1921	4	31.9635631438257
"J05"	1921	5	29.3663620954325
"J05"	1921	6	54.2255299447505
"J05"	1921	7	70.8001713094071
"J05"	1921	8	107.065788973649
"J05"	1921	9	91.9406568717533
"J05"	1921	10	129.072804609015
"J05"	1921	11	47.6815266132793
"J05"	1921	12	39.4319776179556
"J05"	1922	1	54.759457019639
"J05"	1922	2	40.7673154404172
"J05"	1922	3	33.5689026526002
"J05"	1922	4	31.1186187654211
"J05"	1922	5	42.1606263044313
"J05"	1922	6	206.480419054114
"J05"	1922	7	102.665428507689
"J05"	1922	8	75.9406065277394
"J05"	1922	9	39.4372594283201
"J05"	1922	10	93.7030280697066
"J05"	1922	11	40.2231424078559
"J05"	1922	12	55.1898735025418
"J05"	1923	1	81.5382814715978
"J05"	1923	2	17.9261824412232
"J05"	1923	3	74.2658150652437
"J05"	1923	4	57.0118771143166
"J05"	1923	5	110.511464786893
"J05"	1923	6	80.8477971411084
"J05"	1923	7	78.6493306905329
"J05"	1923	8	118.362539563046
"J05"	1923	9	65.7540460706104
"J05"	1923	10	123.689719043333
"J05"	1923	11	105.884812632745
"J05"	1923	12	54.9571260093924
"J05"	1924	1	65.4670038348582
"J05"	1924	2	38.193795779744
"J05"	1924	3	40.2536444744833
"J05"	1924	4	66.479734018551
"J05"	1924	5	107.110686565368
"J05"	1924	6	81.9770972901525
"J05"	1924	7	133.42205627481
"J05"	1924	8	95.3678821692643
"J05"	1924	9	163.803551549968
"J05"	1924	10	34.2717833825603
"J05"	1924	11	63.3540564278574
"J05"	1924	12	43.9620679001757
"J05"	1925	1	49.2829379223595
"J05"	1925	2	70.0690221254069
"J05"	1925	3	86.7449147905374
"J05"	1925	4	75.6601142901607
"J05"	1925	5	55.1211713486087
"J05"	1925	6	70.1406483786959
"J05"	1925	7	203.279218088784
"J05"	1925	8	52.0710437070014
"J05"	1925	9	111.578014594619
"J05"	1925	10	102.421646469908
"J05"	1925	11	115.263660004713
"J05"	1925	12	55.0866195164254
"J05"	1926	1	28.1814139614983
"J05"	1926	2	37.346713763173
"J05"	1926	3	46.0404373178367
"J05"	1926	4	36.2451110856587
"J05"	1926	5	62.6866361374643
"J05"	1926	6	85.6855696415959
"J05"	1926	7	72.936516471602
"J05"	1926	8	152.666945956141
"J05"	1926	9	94.4224473398255
"J05"	1926	10	117.302148900615
"J05"	1926	11	95.763397433025
"J05"	1926	12	44.5321189014556
"J05"	1927	1	57.7887605687307
"J05"	1927	2	37.1557986880706
"J05"	1927	3	28.5031439116816
"J05"	1927	4	64.8905603193523
"J05"	1927	5	117.645793434194
"J05"	1927	6	61.0007773478143
"J05"	1927	7	114.957235988848
"J05"	1927	8	111.356030649042
"J05"	1927	9	99.290826924513
"J05"	1927	10	105.951344360398
"J05"	1927	11	160.622143274152
"J05"	1927	12	86.2732654610136
"J05"	1928	1	66.5877004234003
"J05"	1928	2	36.0890008591483
"J05"	1928	3	43.7155120993326
"J05"	1928	4	59.1197238514106
"J05"	1928	5	68.2894989349453
"J05"	1928	6	86.8020257457988
"J05"	1928	7	104.257474369364
"J05"	1928	8	83.314035326858
"J05"	1928	9	77.2639225421397
"J05"	1928	10	96.2501127896408
"J05"	1928	11	47.7509155969802
"J05"	1928	12	86.2257327755554
"J05"	1929	1	61.9426034537596
"J05"	1929	2	23.881783486305
"J05"	1929	3	66.497441723129
"J05"	1929	4	72.3412652471125
"J05"	1929	5	57.8782373725432
"J05"	1929	6	131.913834933786
"J05"	1929	7	147.219407799009
"J05"	1929	8	132.117546845929
"J05"	1929	9	73.1424684379343
"J05"	1929	10	100.914785372766
"J05"	1929	11	56.3261947021538
"J05"	1929	12	73.1621382474725
"J05"	1930	1	60.362034916856
"J05"	1930	2	41.1689736017948
"J05"	1930	3	78.2864237906917
"J05"	1930	4	43.2021160748115
"J05"	1930	5	63.6528982853609
"J05"	1930	6	146.83610124683
"J05"	1930	7	129.151479589393
"J05"	1930	8	120.905613438813
"J05"	1930	9	123.022806777285
"J05"	1930	10	21.0024466182723
"J05"	1930	11	56.7848368094586
"J05"	1930	12	38.8771931953956
"J05"	1931	1	70.1785058407469
"J05"	1931	2	34.6190755832354
"J05"	1931	3	30.221181184538
"J05"	1931	4	34.6772600209889
"J05"	1931	5	58.0263063373293
"J05"	1931	6	93.1490257430295
"J05"	1931	7	142.230150377956
"J05"	1931	8	67.7935902736427
"J05"	1931	9	158.125380957354
"J05"	1931	10	94.0416684480799
"J05"	1931	11	44.671166691992
"J05"	1931	12	67.7444511835189
"J05"	1932	1	53.2270389846614
"J05"	1932	2	35.4910636553444
"J05"	1932	3	110.747992704248
"J05"	1932	4	57.4742459212462
"J05"	1932	5	26.7553828147416
"J05"	1932	6	107.974397133587
"J05"	1932	7	163.843243834735
"J05"	1932	8	175.425486576201
"J05"	1932	9	124.669065124896
"J05"	1932	10	89.9231733252389
"J05"	1932	11	66.8980653074341
"J05"	1932	12	55.0789165579228
"J05"	1933	1	68.4788612780915
"J05"	1933	2	83.8350702564466
"J05"	1933	3	69.8534117867424
"J05"	1933	4	81.4474873080009
"J05"	1933	5	87.6362772235007
"J05"	1933	6	123.258831294308
"J05"	1933	7	70.5729358469527
"J05"	1933	8	84.7803736419258
"J05"	1933	9	138.665267364047
"J05"	1933	10	66.6417424365951
"J05"	1933	11	124.2240496816
"J05"	1933	12	86.1104464498969
"J05"	1934	1	45.7711858017009
"J05"	1934	2	70.0160604745113
"J05"	1934	3	60.0979540094764
"J05"	1934	4	74.7289938932378
"J05"	1934	5	47.667045686091
"J05"	1934	6	139.223785370379
"J05"	1934	7	96.1550038752692
"J05"	1934	8	87.3979986556986
"J05"	1934	9	54.5131927875098
"J05"	1934	10	64.6449780036658
"J05"	1934	11	71.4123298681417
"J05"	1934	12	53.8704301574084
"J05"	1935	1	65.9025995907804
"J05"	1935	2	29.9603394681889
"J05"	1935	3	51.4507853421235
"J05"	1935	4	46.409059083532
"J05"	1935	5	28.1059673839838
"J05"	1935	6	118.991853986698
"J05"	1935	7	116.930305849445
"J05"	1935	8	64.9697877544962
"J05"	1935	9	76.9625067372388
"J05"	1935	10	79.2783412962787
"J05"	1935	11	63.4479069081736
"J05"	1935	12	51.9075766904585
"J05"	1936	1	82.4105707517344
"J05"	1936	2	53.6518522365946
"J05"	1936	3	46.8626888716991
"J05"	1936	4	75.5622902034724
"J05"	1936	5	118.23780795912
"J05"	1936	6	141.038753035004
"J05"	1936	7	115.079540005767
"J05"	1936	8	75.322931532358
"J05"	1936	9	63.7555200313979
"J05"	1936	10	98.6952173716456
"J05"	1936	11	66.2207090874099
"J05"	1936	12	65.0968500617127
"J05"	1937	1	59.9015235058687
"J05"	1937	2	55.4804904486927
"J05"	1937	3	43.1656677036019
"J05"	1937	4	19.0720458599956
"J05"	1937	5	65.7338313398066
"J05"	1937	6	116.656559651708
"J05"	1937	7	93.2370710894928
"J05"	1937	8	135.987346198741
"J05"	1937	9	127.167104433821
"J05"	1937	10	117.425715572052
"J05"	1937	11	104.369291141015
"J05"	1937	12	51.7899367530503
"J05"	1938	1	53.0326039014222
"J05"	1938	2	30.69469220504
"J05"	1938	3	28.992312905697
"J05"	1938	4	63.4685581183554
"J05"	1938	5	44.5932235741403
"J05"	1938	6	79.4316386698268
"J05"	1938	7	133.242137388285
"J05"	1938	8	152.164114093279
"J05"	1938	9	100.515424525279
"J05"	1938	10	38.1371212792662
"J05"	1938	11	50.152513552821
"J05"	1938	12	68.6362960030052
"J05"	1939	1	42.1035939131913
"J05"	1939	2	77.8672464225609
"J05"	1939	3	42.4360524544957
"J05"	1939	4	32.5907669580928
"J05"	1939	5	51.3082289167886
"J05"	1939	6	76.4501994149425
"J05"	1939	7	169.362574697689
"J05"	1939	8	119.607097031374
"J05"	1939	9	112.656924952308
"J05"	1939	10	104.278316007025
"J05"	1939	11	27.077375279232
"J05"	1939	12	52.7371175484802
"J05"	1940	1	51.9362407519847
"J05"	1940	2	29.1343489391183
"J05"	1940	3	67.6078387712238
"J05"	1940	4	45.0368093545658
"J05"	1940	5	65.7927756838587
"J05"	1940	6	150.078923632253
"J05"	1940	7	69.3913380765443
"J05"	1940	8	58.9145272644175
"J05"	1940	9	104.546591128094
"J05"	1940	10	69.7023117677396
"J05"	1940	11	118.644252785587
"J05"	1940	12	60.9817145696005
"J05"	1941	1	42.7995761991689
"J05"	1941	2	48.4207651278481
"J05"	1941	3	63.8665847835603
"J05"	1941	4	59.3697024968384
"J05"	1941	5	52.460617752613
"J05"	1941	6	94.5367952729215
"J05"	1941	7	88.6015811081749
"J05"	1941	8	120.284795480175
"J05"	1941	9	154.605760607369
"J05"	1941	10	131.108459025882
"J05"	1941	11	105.227626208216
"J05"	1941	12	68.8603183549815
"J05"	1942	1	41.8328653260855
"J05"	1942	2	100.596725464447
"J05"	1942	3	65.2360725133701
"J05"	1942	4	46.2523281025862
"J05"	1942	5	43.1869453947147
"J05"	1942	6	145.082448144626
"J05"	1942	7	118.247034442883
"J05"	1942	8	61.1447715221037
"J05"	1942	9	94.3547074533507
"J05"	1942	10	79.9398760503789
"J05"	1942	11	55.3726240442142
"J05"	1942	12	69.7456732754376
"J05"	1943	1	39.0305486816625
"J05"	1943	2	44.7574796602913
"J05"	1943	3	53.3883618068041
"J05"	1943	4	57.5658833552076
"J05"	1943	5	54.3869586397694
"J05"	1943	6	95.8416485025421
"J05"	1943	7	111.190003168083
"J05"	1943	8	133.548880332632
"J05"	1943	9	43.5568389247713
"J05"	1943	10	119.075765144198
"J05"	1943	11	54.9521149494953
"J05"	1943	12	41.4403247777739
"J05"	1944	1	31.9011295345079
"J05"	1944	2	65.8697621217044
"J05"	1944	3	58.1488154643362
"J05"	1944	4	34.4533146803673
"J05"	1944	5	70.010055693121
"J05"	1944	6	83.2785552376645
"J05"	1944	7	109.680015731758
"J05"	1944	8	97.4295256573553
"J05"	1944	9	108.103136285671
"J05"	1944	10	87.0199772607098
"J05"	1944	11	50.7997249641353
"J05"	1944	12	74.8006912026662
"J05"	1945	1	107.39323749818
"J05"	1945	2	40.1173507172824
"J05"	1945	3	47.3097482707229
"J05"	1945	4	66.5827366952008
"J05"	1945	5	88.831166390879
"J05"	1945	6	112.034696088115
"J05"	1945	7	136.062850387816
"J05"	1945	8	66.8124033611604
"J05"	1945	9	125.674631285744
"J05"	1945	10	91.3958379886161
"J05"	1945	11	62.3376487517042
"J05"	1945	12	63.9314104426947
"J05"	1946	1	64.0725631647937
"J05"	1946	2	66.3076235836029
"J05"	1946	3	58.0618362395994
"J05"	1946	4	55.4778479508603
"J05"	1946	5	71.4621486563882
"J05"	1946	6	76.0956977934938
"J05"	1946	7	117.222121904427
"J05"	1946	8	61.1628921550606
"J05"	1946	9	59.4792363339901
"J05"	1946	10	66.2349815432714
"J05"	1946	11	52.5358438398965
"J05"	1946	12	80.7075636640685
"J05"	1947	1	40.8627758334861
"J05"	1947	2	63.016603583302
"J05"	1947	3	51.6364443028532
"J05"	1947	4	55.2098812536523
"J05"	1947	5	116.263706278066
"J05"	1947	6	76.7560531034567
"J05"	1947	7	130.873381395648
"J05"	1947	8	65.6466386401486
"J05"	1947	9	96.4702162003801
"J05"	1947	10	40.0080001923056
"J05"	1947	11	89.2240235871088
"J05"	1947	12	48.01101136101
"J05"	1948	1	32.0828040789918
"J05"	1948	2	24.0030111484823
"J05"	1948	3	32.9732560788682
"J05"	1948	4	54.0571676575281
"J05"	1948	5	101.642219646929
"J05"	1948	6	67.6283978011687
"J05"	1948	7	98.2343770803142
"J05"	1948	8	115.187850174625
"J05"	1948	9	90.3564529538378
"J05"	1948	10	69.3460147194136
"J05"	1948	11	85.3128293532244
"J05"	1948	12	48.7524840662935
"J05"	1949	1	51.0702542697395
"J05"	1949	2	34.4164251798432
"J05"	1949	3	56.0937069924122
"J05"	1949	4	39.6993200518018
"J05"	1949	5	105.911703222447
"J05"	1949	6	104.762288535897
"J05"	1949	7	83.1264892573017
"J05"	1949	8	148.546669868121
"J05"	1949	9	97.6266090909032
"J05"	1949	10	69.9149783587259
"J05"	1949	11	67.2807810561793
"J05"	1949	12	42.8072510757255
"J05"	1950	1	56.578848907134
"J05"	1950	2	61.1018514043054
"J05"	1950	3	39.8304451396434
"J05"	1950	4	67.6825444360129
"J05"	1950	5	40.2906936645458
"J05"	1950	6	158.063915067496
"J05"	1950	7	117.463107583577
"J05"	1950	8	65.6367741385009
"J05"	1950	9	51.8949661651737
"J05"	1950	10	115.230457756282
"J05"	1950	11	156.427755444014
"J05"	1950	12	82.2815806014269
"J05"	1951	1	74.9886126018061
"J05"	1951	2	68.1073268496964
"J05"	1951	3	60.2082113776747
"J05"	1951	4	71.2467860841048
"J05"	1951	5	62.0145250701755
"J05"	1951	6	69.103946352815
"J05"	1951	7	134.690386468968
"J05"	1951	8	82.6400015725311
"J05"	1951	9	77.0955377118972
"J05"	1951	10	91.3007826222289
"J05"	1951	11	80.4844547741473
"J05"	1951	12	63.1379484382354
"J05"	1952	1	66.7268074862164
"J05"	1952	2	74.2118886511778
"J05"	1952	3	56.7785662813269
"J05"	1952	4	44.1757241737659
"J05"	1952	5	60.8357342757153
"J05"	1952	6	125.020970572252
"J05"	1952	7	107.847455268097
"J05"	1952	8	124.938612733012
"J05"	1952	9	81.311440554356
"J05"	1952	10	135.821955403692
"J05"	1952	11	27.7159908203883
"J05"	1952	12	25.3576295598296
"J05"	1953	1	74.1302459745217
"J05"	1953	2	66.721962273427
"J05"	1953	3	86.6867701579706
"J05"	1953	4	82.7462741573135
"J05"	1953	5	38.3694385624806
"J05"	1953	6	79.8825633794481
"J05"	1953	7	132.680358502344
"J05"	1953	8	52.5372231438052
"J05"	1953	9	122.778552274526
"J05"	1953	10	48.5986554321479
"J05"	1953	11	59.4994647615421
"J05"	1953	12	84.6559306809499
"J05"	1954	1	45.4081490577148
"J05"	1954	2	52.3092421127152
"J05"	1954	3	46.7061772912772
"J05"	1954	4	72.1572171738176
"J05"	1954	5	83.0160801675421
"J05"	1954	6	88.8791575290485
"J05"	1954	7	175.246746279152
"J05"	1954	8	138.743962504471
"J05"	1954	9	118.487428305837
"J05"	1954	10	83.1124688248016
"J05"	1954	11	83.828124770146
"J05"	1954	12	109.935488272773
"J05"	1955	1	72.8099674135108
"J05"	1955	2	44.117700360599
"J05"	1955	3	110.280126663156
"J05"	1955	4	32.5888852589236
"J05"	1955	5	75.5467538402058
"J05"	1955	6	57.8967053405451
"J05"	1955	7	66.8512978011452
"J05"	1955	8	98.8172976570523
"J05"	1955	9	128.437095550387
"J05"	1955	10	46.706756856814
"J05"	1955	11	56.6029263041777
"J05"	1955	12	43.1829925340402
"J05"	1956	1	68.925733359333
"J05"	1956	2	34.6591172169611
"J05"	1956	3	34.7313135641817
"J05"	1956	4	41.6773744781295
"J05"	1956	5	60.7270500017105
"J05"	1956	6	81.7454820477675
"J05"	1956	7	116.894487345538
"J05"	1956	8	97.2028379473942
"J05"	1956	9	105.507454874728
"J05"	1956	10	65.310169291557
"J05"	1956	11	60.1114627929803
"J05"	1956	12	60.1594113324728
"J05"	1957	1	30.4506892162335
"J05"	1957	2	46.1552863789981
"J05"	1957	3	39.7506570802695
"J05"	1957	4	50.0496132902424
"J05"	1957	5	41.0735972481227
"J05"	1957	6	130.271917070043
"J05"	1957	7	91.1491967899602
"J05"	1957	8	54.4233058753266
"J05"	1957	9	142.788621234976
"J05"	1957	10	72.8462740076574
"J05"	1957	11	84.6426959083898
"J05"	1957	12	82.3867435748967
"J05"	1958	1	69.8232431310991
"J05"	1958	2	69.5564962658729
"J05"	1958	3	19.501036128717
"J05"	1958	4	56.7010696831517
"J05"	1958	5	65.6450421050396
"J05"	1958	6	164.972836880914
"J05"	1958	7	111.551851858447
"J05"	1958	8	148.234275443214
"J05"	1958	9	87.1285060018552
"J05"	1958	10	73.2477839408099
"J05"	1958	11	71.6857434982695
"J05"	1958	12	41.232712834978
"J05"	1959	1	64.2871815419832
"J05"	1959	2	33.4750558102006
"J05"	1959	3	70.5895408731765
"J05"	1959	4	56.606860590905
"J05"	1959	5	44.0566920562827
"J05"	1959	6	131.892488678415
"J05"	1959	7	75.4570769197615
"J05"	1959	8	78.0143016462383
"J05"	1959	9	70.8170909353816
"J05"	1959	10	97.1516193964181
"J05"	1959	11	115.853572882857
"J05"	1959	12	34.7717244451936
"J05"	1960	1	54.4916767473996
"J05"	1960	2	90.8652565171823
"J05"	1960	3	36.2626662936272
"J05"	1960	4	41.6917718550531
"J05"	1960	5	50.6080653264828
"J05"	1960	6	86.7955260547935
"J05"	1960	7	99.9616179832829
"J05"	1960	8	72.7336350293097
"J05"	1960	9	109.012043833882
"J05"	1960	10	69.5559434465093
"J05"	1960	11	94.1725393050781
"J05"	1960	12	50.6743049728393
"J05"	1961	1	44.7806573535647
"J05"	1961	2	37.4198185500876
"J05"	1961	3	56.8637350773555
"J05"	1961	4	23.7519710369174
"J05"	1961	5	75.3106578173634
"J05"	1961	6	110.645141189664
"J05"	1961	7	89.8178080457899
"J05"	1961	8	102.866707461178
"J05"	1961	9	96.4079618404364
"J05"	1961	10	59.7671244363875
"J05"	1961	11	50.1508092580538
"J05"	1961	12	56.8189020119153
"J05"	1962	1	64.6909624434795
"J05"	1962	2	28.0959257928792
"J05"	1962	3	21.5483191821124
"J05"	1962	4	58.8741314645029
"J05"	1962	5	66.7182072175351
"J05"	1962	6	84.685475994633
"J05"	1962	7	103.179459417964
"J05"	1962	8	80.8350381777665
"J05"	1962	9	105.997331437401
"J05"	1962	10	73.7921760193246
"J05"	1962	11	52.8990365246097
"J05"	1962	12	73.4740316510028
"J05"	1963	1	57.8361950946966
"J05"	1963	2	46.0621664919793
"J05"	1963	3	41.8953821912847
"J05"	1963	4	55.9666559515337
"J05"	1963	5	65.0399206367212
"J05"	1963	6	93.3664946949841
"J05"	1963	7	142.529401882639
"J05"	1963	8	75.4468925535898
"J05"	1963	9	89.6847009641958
"J05"	1963	10	74.0186930769714
"J05"	1963	11	100.740603112688
"J05"	1963	12	28.0730172743865
"J05"	1964	1	63.0654595770798
"J05"	1964	2	31.045586924624
"J05"	1964	3	79.4890343118228
"J05"	1964	4	15.3959018288205
"J05"	1964	5	110.325416852721
"J05"	1964	6	144.580138972117
"J05"	1964	7	125.338792301772
"J05"	1964	8	116.301205104245
"J05"	1964	9	66.1167122846085
"J05"	1964	10	81.1643253825589
"J05"	1964	11	57.0246326509577
"J05"	1964	12	60.9970270808071
"J05"	1965	1	52.9523004584922
"J05"	1965	2	53.6145996122497
"J05"	1965	3	17.1429972232622
"J05"	1965	4	22.7583366502571
"J05"	1965	5	69.096608519805
"J05"	1965	6	76.7043568813506
"J05"	1965	7	114.855239673311
"J05"	1965	8	116.416971898418
"J05"	1965	9	91.7862075524696
"J05"	1965	10	114.737684828891
"J05"	1965	11	57.0770408289438
"J05"	1965	12	36.3421800167955
"J05"	1966	1	53.0326274840237
"J05"	1966	2	28.7166368436895
"J05"	1966	3	63.2806282464278
"J05"	1966	4	34.7940327528715
"J05"	1966	5	57.1913250924154
"J05"	1966	6	69.9557175253036
"J05"	1966	7	188.887103753201
"J05"	1966	8	107.336265796568
"J05"	1966	9	97.4154017451272
"J05"	1966	10	128.332254281964
"J05"	1966	11	129.82624719675
"J05"	1966	12	63.201539895611
"J05"	1967	1	49.3786260007339
"J05"	1967	2	43.5254671395064
"J05"	1967	3	14.6698746310028
"J05"	1967	4	30.5042546556338
"J05"	1967	5	72.0175684379629
"J05"	1967	6	80.5109400873835
"J05"	1967	7	162.208405829914
"J05"	1967	8	83.1906083272383
"J05"	1967	9	136.883527209483
"J05"	1967	10	99.1178782621497
"J05"	1967	11	81.1345585894124
"J05"	1967	12	58.8075077509544
"J05"	1968	1	40.4395371368164
"J05"	1968	2	56.5307086061614
"J05"	1968	3	58.4907821734134
"J05"	1968	4	68.7059438552396
"J05"	1968	5	13.2330649905219
"J05"	1968	6	77.9271937163237
"J05"	1968	7	98.9373226439687
"J05"	1968	8	121.346569184658
"J05"	1968	9	67.0910947394078
"J05"	1968	10	102.895843106059
"J05"	1968	11	43.7191267656991
"J05"	1968	12	90.0724654072365
"J05"	1969	1	81.8472819237541
"J05"	1969	2	61.5580907928252
"J05"	1969	3	58.6992028680038
"J05"	1969	4	44.2477675266608
"J05"	1969	5	70.6140550878318
"J05"	1969	6	107.810800053812
"J05"	1969	7	98.953057318477
"J05"	1969	8	118.232603277465
"J05"	1969	9	120.693622105058
"J05"	1969	10	85.3736882405069
"J05"	1969	11	100.149510910447
"J05"	1969	12	91.6617716231684
"J05"	1970	1	42.1732631550511
"J05"	1970	2	57.1650110116865
"J05"	1970	3	58.2154003230292
"J05"	1970	4	43.2690129102095
"J05"	1970	5	73.9083209854124
"J05"	1970	6	112.257861806216
"J05"	1970	7	116.381419829141
"J05"	1970	8	124.454734748325
"J05"	1970	9	74.0891436427208
"J05"	1970	10	71.5510540396926
"J05"	1970	11	70.9497239014676
"J05"	1970	12	33.504759551199
"J05"	1971	1	45.295484373138
"J05"	1971	2	56.7152417996842
"J05"	1971	3	53.7403050590124
"J05"	1971	4	72.9941039459379
"J05"	1971	5	64.7510652334666
"J05"	1971	6	66.7209383719729
"J05"	1971	7	104.355462965704
"J05"	1971	8	136.544491767303
"J05"	1971	9	104.161797572085
"J05"	1971	10	104.921241399314
"J05"	1971	11	74.9874271550671
"J05"	1971	12	60.3301392327805
"J05"	1972	1	59.0057291835369
"J05"	1972	2	54.6093401252857
"J05"	1972	3	79.6293237400835
"J05"	1972	4	21.9724525301846
"J05"	1972	5	47.6019003649321
"J05"	1972	6	114.947111813807
"J05"	1972	7	88.3344235426355
"J05"	1972	8	105.797138031674
"J05"	1972	9	148.535099649101
"J05"	1972	10	80.4090085570681
"J05"	1972	11	63.1493971997522
"J05"	1972	12	62.0452204789207
"J05"	1973	1	62.9054480587549
"J05"	1973	2	63.5313705434646
"J05"	1973	3	62.2136918357622
"J05"	1973	4	86.8510844960879
"J05"	1973	5	94.4932781005845
"J05"	1973	6	79.3416809602777
"J05"	1973	7	116.419640639016
"J05"	1973	8	100.672344324278
"J05"	1973	9	81.8996700254712
"J05"	1973	10	120.786325029929
"J05"	1973	11	61.0389009974237
"J05"	1973	12	134.497551327481
"J05"	1974	1	29.3044922618445
"J05"	1974	2	33.7593012487148
"J05"	1974	3	67.8245106873386
"J05"	1974	4	56.9028671013611
"J05"	1974	5	71.8238875623728
"J05"	1974	6	76.1200498005246
"J05"	1974	7	95.9224085777946
"J05"	1974	8	106.583167646572
"J05"	1974	9	93.4994083354481
"J05"	1974	10	89.5161366196338
"J05"	1974	11	56.1276785028508
"J05"	1974	12	65.8945521820505
"J05"	1975	1	46.005640464467
"J05"	1975	2	26.2081784984669
"J05"	1975	3	63.5448329957463
"J05"	1975	4	50.2499389599252
"J05"	1975	5	43.5658196849015
"J05"	1975	6	125.049706632906
"J05"	1975	7	113.656349489933
"J05"	1975	8	77.0382165854283
"J05"	1975	9	98.2157856331088
"J05"	1975	10	46.6935217972139
"J05"	1975	11	78.9486547885592
"J05"	1975	12	51.5299113357248
"J05"	1976	1	58.4741291433628
"J05"	1976	2	63.4970892159138
"J05"	1976	3	46.6654394406445
"J05"	1976	4	77.6362581835462
"J05"	1976	5	97.77463577864
"J05"	1976	6	60.4122514221402
"J05"	1976	7	118.789545368932
"J05"	1976	8	109.452133647644
"J05"	1976	9	111.928155496483
"J05"	1976	10	107.158726757328
"J05"	1976	11	54.2121544500036
"J05"	1976	12	81.5519700617493
"J05"	1977	1	57.4385022596835
"J05"	1977	2	51.2242586641919
"J05"	1977	3	34.6090731141894
"J05"	1977	4	49.1868369415919
"J05"	1977	5	45.3124533662342
"J05"	1977	6	115.098888718494
"J05"	1977	7	113.163244319925
"J05"	1977	8	106.058783624661
"J05"	1977	9	74.0845804870343
"J05"	1977	10	75.154054679833
"J05"	1977	11	97.5192672054006
"J05"	1977	12	46.6661070514334
"J05"	1978	1	61.8141935889673
"J05"	1978	2	51.6061118758935
"J05"	1978	3	70.9163729061675
"J05"	1978	4	47.3902061644775
"J05"	1978	5	75.1166482907149
"J05"	1978	6	164.533695690144
"J05"	1978	7	107.82953300144
"J05"	1978	8	97.3644472002976
"J05"	1978	9	85.5702147594231
"J05"	1978	10	95.0397827509058
"J05"	1978	11	58.4903976130284
"J05"	1978	12	85.1605841657464
"J05"	1979	1	70.938558336621
"J05"	1979	2	47.4831479804569
"J05"	1979	3	85.906253617536
"J05"	1979	4	69.5632306963863
"J05"	1979	5	101.690783464788
"J05"	1979	6	149.894658574789
"J05"	1979	7	148.631429173927
"J05"	1979	8	111.838817043396
"J05"	1979	9	113.169208796635
"J05"	1979	10	79.7100454762492
"J05"	1979	11	66.8627771727501
"J05"	1979	12	62.9198874190616
"J05"	1980	1	80.6695622544421
"J05"	1980	2	27.3780149301434
"J05"	1980	3	87.6443659748221
"J05"	1980	4	55.5254803121047
"J05"	1980	5	65.1334522497573
"J05"	1980	6	105.718219869673
"J05"	1980	7	131.892863883519
"J05"	1980	8	70.3586660922468
"J05"	1980	9	113.057428721412
"J05"	1980	10	95.1545000451075
"J05"	1980	11	55.7876688636125
"J05"	1980	12	77.4597494622007
"J05"	1981	1	68.455707207137
"J05"	1981	2	72.3228501577388
"J05"	1981	3	46.1475614606611
"J05"	1981	4	72.4679339365341
"J05"	1981	5	94.6379082268886
"J05"	1981	6	104.53922108803
"J05"	1981	7	102.586399100887
"J05"	1981	8	82.4179296617835
"J05"	1981	9	77.5093929494828
"J05"	1981	10	84.9848462782573
"J05"	1981	11	68.6468063475551
"J05"	1981	12	48.5009563309157
"J05"	1982	1	47.0174284054069
"J05"	1982	2	23.5034231188002
"J05"	1982	3	51.3893877153246
"J05"	1982	4	105.541658712017
"J05"	1982	5	37.3012485552881
"J05"	1982	6	112.013273975251
"J05"	1982	7	91.3134167486767
"J05"	1982	8	103.906920879692
"J05"	1982	9	82.0820647516309
"J05"	1982	10	43.3913853540274
"J05"	1982	11	78.885617510142
"J05"	1982	12	70.6883315225164
"J05"	1983	1	61.5453070693205
"J05"	1983	2	83.1375171065557
"J05"	1983	3	93.1823422375852
"J05"	1983	4	87.9889127503332
"J05"	1983	5	83.7416977398067
"J05"	1983	6	78.5658649061831
"J05"	1983	7	91.8733294068639
"J05"	1983	8	82.0456941523102
"J05"	1983	9	130.953706415927
"J05"	1983	10	76.973301784175
"J05"	1983	11	122.128882678864
"J05"	1983	12	81.1750319214994
"J05"	1984	1	47.247268822759
"J05"	1984	2	64.2828390603204
"J05"	1984	3	46.3207531213217
"J05"	1984	4	28.4649399822875
"J05"	1984	5	90.2437296926901
"J05"	1984	6	89.140120261274
"J05"	1984	7	138.591347989094
"J05"	1984	8	84.9006718311243
"J05"	1984	9	89.9843309854241
"J05"	1984	10	41.1984893768
"J05"	1984	11	75.6911227836563
"J05"	1984	12	52.9540217123671
"J05"	1985	1	40.3093665875761
"J05"	1985	2	51.7276344768164
"J05"	1985	3	51.4288495192405
"J05"	1985	4	35.5459804803239
"J05"	1985	5	68.5711646580493
"J05"	1985	6	83.8187024583021
"J05"	1985	7	135.02645250618
"J05"	1985	8	78.7869493075191
"J05"	1985	9	86.6855090651871
"J05"	1985	10	83.147284686404
"J05"	1985	11	43.2248797720233
"J05"	1985	12	42.4291480670123
"J05"	1986	1	74.8952139225508
"J05"	1986	2	33.7071464909993
"J05"	1986	3	37.0219998897429
"J05"	1986	4	67.9759666574657
"J05"	1986	5	58.8925401220415
"J05"	1986	6	143.823695430964
"J05"	1986	7	114.324720325249
"J05"	1986	8	113.950080659353
"J05"	1986	9	111.626224925218
"J05"	1986	10	68.6284614449716
"J05"	1986	11	61.4644473179492
"J05"	1986	12	40.3740439654824
"J05"	1987	1	36.7273889069304
"J05"	1987	2	17.2397292816385
"J05"	1987	3	31.6041880385525
"J05"	1987	4	36.3166347991572
"J05"	1987	5	65.9497428234267
"J05"	1987	6	125.597076375522
"J05"	1987	7	109.563512176038
"J05"	1987	8	92.9733901460473
"J05"	1987	9	103.050888021781
"J05"	1987	10	86.0594698578024
"J05"	1987	11	87.3050467414538
"J05"	1987	12	50.4446290641527
"J05"	1988	1	67.5114019698102
"J05"	1988	2	75.1828813439589
"J05"	1988	3	53.3834091944265
"J05"	1988	4	55.6921409514424
"J05"	1988	5	56.2927849418666
"J05"	1988	6	146.674411693266
"J05"	1988	7	73.5335372217977
"J05"	1988	8	103.325877726911
"J05"	1988	9	126.552601563341
"J05"	1988	10	92.6830275345782
"J05"	1988	11	68.0924662106455
"J05"	1988	12	52.2915488698846
"J05"	1989	1	47.8290881588049
"J05"	1989	2	23.6214547168817
"J05"	1989	3	37.7035658814622
"J05"	1989	4	47.8765925893973
"J05"	1989	5	69.9459636124541
"J05"	1989	6	96.8391171074497
"J05"	1989	7	62.1703074630469
"J05"	1989	8	113.988097241698
"J05"	1989	9	77.1536998318426
"J05"	1989	10	89.6070854350471
"J05"	1989	11	67.5234088962646
"J05"	1989	12	48.8253710142598
"J05"	1990	1	56.4549901830003
"J05"	1990	2	40.8299050171121
"J05"	1990	3	23.9577501743293
"J05"	1990	4	37.5853742443191
"J05"	1990	5	70.1994639419973
"J05"	1990	6	84.3543492014018
"J05"	1990	7	90.7225138469944
"J05"	1990	8	80.8840085074771
"J05"	1990	9	138.190194736641
"J05"	1990	10	118.700525130201
"J05"	1990	11	94.667482340326
"J05"	1990	12	79.5230079753324
"J05"	1991	1	36.7865861355164
"J05"	1991	2	33.885854906079
"J05"	1991	3	78.561031840258
"J05"	1991	4	32.790293487168
"J05"	1991	5	58.6351810103582
"J05"	1991	6	64.7556568375616
"J05"	1991	7	96.8464215310378
"J05"	1991	8	115.846783213594
"J05"	1991	9	73.5337058478432
"J05"	1991	10	152.02075957374
"J05"	1991	11	54.0194653933335
"J05"	1991	12	49.4761106184221
"J05"	1992	1	72.3312821563102
"J05"	1992	2	35.5311922876691
"J05"	1992	3	43.1567570647925
"J05"	1992	4	56.7651457339028
"J05"	1992	5	39.7006189564023
"J05"	1992	6	149.499159477356
"J05"	1992	7	134.704004427446
"J05"	1992	8	142.722615005736
"J05"	1992	9	98.1627144329391
"J05"	1992	10	78.4387498378533
"J05"	1992	11	45.3959602915044
"J05"	1992	12	36.0311860604229
"J05"	1993	1	36.1384646789507
"J05"	1993	2	54.7866666490863
"J05"	1993	3	32.8008692717876
"J05"	1993	4	63.5867188506448
"J05"	1993	5	94.760168164533
"J05"	1993	6	91.1630787291874
"J05"	1993	7	113.383162569815
"J05"	1993	8	130.73029206485
"J05"	1993	9	111.953596970753
"J05"	1993	10	104.01585634507
"J05"	1993	11	62.7842177425108
"J05"	1993	12	58.9694310029115
"J05"	1994	1	71.5394698809309
"J05"	1994	2	47.4189438438891
"J05"	1994	3	54.6734638745246
"J05"	1994	4	57.6121103540767
"J05"	1994	5	64.1554213557094
"J05"	1994	6	134.7501271191
"J05"	1994	7	146.089921983556
"J05"	1994	8	114.311913233685
"J05"	1994	9	111.065569821197
"J05"	1994	10	42.5516146114435
"J05"	1994	11	122.663178790571
"J05"	1994	12	51.3528488355179
"J05"	1995	1	86.6802052459234
"J05"	1995	2	75.80869112698
"J05"	1995	3	65.6609024634402
"J05"	1995	4	64.8858287538506
"J05"	1995	5	61.6263416273831
"J05"	1995	6	55.6720403485684
"J05"	1995	7	114.655357491442
"J05"	1995	8	65.5610224202439
"J05"	1995	9	100.015617554182
"J05"	1995	10	109.116605719144
"J05"	1995	11	87.7123102021287
"J05"	1995	12	49.33380118425
"J05"	1996	1	71.3884054080914
"J05"	1996	2	77.6950762358798
"J05"	1996	3	58.2024497069795
"J05"	1996	4	95.8576753985995
"J05"	1996	5	49.8937210981782
"J05"	1996	6	69.0009342918649
"J05"	1996	7	195.173422925888
"J05"	1996	8	56.0354178246131
"J05"	1996	9	48.9063054199451
"J05"	1996	10	81.5209688307452
"J05"	1996	11	69.486638290336
"J05"	1996	12	85.5256676848986
"J05"	1997	1	80.5547618113261
"J05"	1997	2	38.882375383664
"J05"	1997	3	49.1394956569273
"J05"	1997	4	21.5477155563292
"J05"	1997	5	114.991398064943
"J05"	1997	6	82.241625711749
"J05"	1997	7	101.072238919073
"J05"	1997	8	93.0225627168309
"J05"	1997	9	110.117133118159
"J05"	1997	10	32.7833399140366
"J05"	1997	11	44.7840071050084
"J05"	1997	12	49.375771795986
"J05"	1998	1	53.7887111190738
"J05"	1998	2	68.413088986809
"J05"	1998	3	79.6751427763027
"J05"	1998	4	31.7359956035812
"J05"	1998	5	56.3740565240786
"J05"	1998	6	112.174481315556
"J05"	1998	7	158.460331558389
"J05"	1998	8	78.9768852507816
"J05"	1998	9	136.033135585776
"J05"	1998	10	82.4819492825612
"J05"	1998	11	87.4557661259584
"J05"	1998	12	54.8476484050724
"J05"	1999	1	74.6964410556895
"J05"	1999	2	39.4082255982591
"J05"	1999	3	77.9112682586457
"J05"	1999	4	32.4341905420823
"J05"	1999	5	47.3762755726246
"J05"	1999	6	95.1232197718414
"J05"	1999	7	119.116865043203
"J05"	1999	8	82.6830233955873
"J05"	1999	9	107.705540977957
"J05"	1999	10	87.2130190511509
"J05"	1999	11	90.1847972545238
"J05"	1999	12	44.7283505703545
"J05"	2000	1	64.1435284272485
"J05"	2000	2	45.4697163785382
"J05"	2000	3	45.1878714493764
"J05"	2000	4	64.7754783643502
"J05"	2000	5	84.3989117964604
"J05"	2000	6	87.0531657161523
"J05"	2000	7	124.784445305106
"J05"	2000	8	106.962634524379
"J05"	2000	9	74.1403169230826
"J05"	2000	10	58.7535304300551
"J05"	2000	11	60.92205087356
"J05"	2000	12	72.9329025638256
"J05"	2001	1	20.1576469351991
"J05"	2001	2	57.4688021371415
"J05"	2001	3	32.2564207212262
"J05"	2001	4	30.6048988112139
"J05"	2001	5	44.7778119971194
"J05"	2001	6	135.185666167373
"J05"	2001	7	115.681855413827
"J05"	2001	8	94.2558782046417
"J05"	2001	9	76.0840777032286
"J05"	2001	10	103.476777156381
"J05"	2001	11	56.6061896292529
"J05"	2001	12	34.8280065506473
"J05"	2002	1	31.1071501648152
"J05"	2002	2	68.8314449630253
"J05"	2002	3	56.675113579049
"J05"	2002	4	40.5698207730596
"J05"	2002	5	68.9956627800025
"J05"	2002	6	90.2263972691396
"J05"	2002	7	101.187649539065
"J05"	2002	8	87.0114388186413
"J05"	2002	9	84.0117731013322
"J05"	2002	10	73.6476741194002
"J05"	2002	11	71.2202305661962
"J05"	2002	12	45.1683099433332
"J05"	2003	1	17.9044973597339
"J05"	2003	2	63.9654128084496
"J05"	2003	3	40.1807979260982
"J05"	2003	4	47.8311064915214
"J05"	2003	5	38.5814194522716
"J05"	2003	6	83.9439703570499
"J05"	2003	7	153.132003235668
"J05"	2003	8	96.9848827301465
"J05"	2003	9	78.5855844692575
"J05"	2003	10	131.231394340306
"J05"	2003	11	87.2187994709333
"J05"	2003	12	86.7398583477257
"J05"	2004	1	38.883390179016
"J05"	2004	2	23.280980953165
"J05"	2004	3	45.9850858297104
"J05"	2004	4	33.3252632464352
"J05"	2004	5	79.4499022694691
"J05"	2004	6	105.908948740679
"J05"	2004	7	146.7871408331
"J05"	2004	8	138.701535306782
"J05"	2004	9	86.5170374373159
"J05"	2004	10	60.2190278088667
"J05"	2004	11	74.086352084182
"J05"	2004	12	82.4376350105219
"J05"	2005	1	31.6090870213365
"J05"	2005	2	52.0991647140487
"J05"	2005	3	64.8524721239061
"J05"	2005	4	76.9847466351623
"J05"	2005	5	42.7595061865417
"J05"	2005	6	108.146159304729
"J05"	2005	7	64.5624518535334
"J05"	2005	8	151.387913755115
"J05"	2005	9	99.3886174069176
"J05"	2005	10	81.5228759976848
"J05"	2005	11	106.096486813378
"J05"	2005	12	88.5180280772751
"J05"	2006	1	95.4442861677347
"J05"	2006	2	70.1246042287473
"J05"	2006	3	43.1005554569364
"J05"	2006	4	36.7019775279528
"J05"	2006	5	76.9626046052902
"J05"	2006	6	109.520229251499
"J05"	2006	7	105.918478550751
"J05"	2006	8	77.9382488743603
"J05"	2006	9	131.183506943075
"J05"	2006	10	118.616634645017
"J05"	2006	11	75.4030972822336
"J05"	2006	12	43.1278333167425
"J05"	2007	1	59.1588716751036
"J05"	2007	2	53.6366502183591
"J05"	2007	3	66.3954418648634
"J05"	2007	4	41.2313307604667
"J05"	2007	5	41.8123123289054
"J05"	2007	6	97.5685883960873
"J05"	2007	7	105.424835754361
"J05"	2007	8	112.969934388757
"J05"	2007	9	135.849287907442
"J05"	2007	10	84.6854932402928
"J05"	2007	11	123.846300222785
"J05"	2007	12	55.8033745615632
"J05"	2008	1	57.0057193219922
"J05"	2008	2	59.0087315157264
"J05"	2008	3	81.1700417813188
"J05"	2008	4	61.666075368786
"J05"	2008	5	60.0914127418082
"J05"	2008	6	119.3594276591
"J05"	2008	7	113.015515201242
"J05"	2008	8	84.4396026215009
"J05"	2008	9	98.5400760576855
"J05"	2008	10	73.3249153406991
"J05"	2008	11	79.2878961895377
"J05"	2008	12	72.3349188401044
"J05"	2009	1	63.0401260197448
"J05"	2009	2	47.7728065219887
"J05"	2009	3	35.1006728974925
"J05"	2009	4	74.3646548975713
"J05"	2009	5	66.3517077656055
"J05"	2009	6	80.4062526773676
"J05"	2009	7	117.07484171718
"J05"	2009	8	98.2813566672557
"J05"	2009	9	74.3079314566075
"J05"	2009	10	81.0825246504221
"J05"	2009	11	56.0007158196684
"J05"	2009	12	69.0003621430975
"J05"	2010	1	44.4872898503776
"J05"	2010	2	31.2649216057134
"J05"	2010	3	32.2808779269675
"J05"	2010	4	44.8667081926258
"J05"	2010	5	73.512274146092
"J05"	2010	6	105.556599612453
"J05"	2010	7	107.399218081371
"J05"	2010	8	68.1425687163778
"J05"	2010	9	158.829772374041
"J05"	2010	10	94.6250471690489
"J05"	2010	11	79.4850623104078
"J05"	2010	12	82.5479584328788
"J05"	2011	1	59.801415812901
"J05"	2011	2	38.2351762144804
"J05"	2011	3	70.5255179180907
"J05"	2011	4	79.2383010929431
"J05"	2011	5	100.929098722054
"J05"	2011	6	90.152178900796
"J05"	2011	7	121.666474317648
"J05"	2011	8	156.979760618136
"J05"	2011	9	76.5473957631534
"J05"	2011	10	48.6492656404297
"J05"	2011	11	70.3240401582018
"J05"	2011	12	60.7073929619326
"J05"	2012	1	69.8356843524326
"J05"	2012	2	36.2646983669749
"J05"	2012	3	40.5001889438407
"J05"	2012	4	70.4880757897384
"J05"	2012	5	74.1245503262719
"J05"	2012	6	96.3701019523903
"J05"	2012	7	77.5497370702378
"J05"	2012	8	109.799829919077
"J05"	2012	9	83.3318730956054
"J05"	2012	10	107.469429285087
"J05"	2012	11	29.02729888941
"J05"	2012	12	76.0038187363257
"J05"	2013	1	53.132346742451
"J05"	2013	2	42.6742393672635
"J05"	2013	3	58.9643082703506
"J05"	2013	4	57.6447748044825
"J05"	2013	5	92.8928750946246
"J05"	2013	6	85.8082156367674
"J05"	2013	7	52.7523585084774
"J05"	2013	8	70.6626828425534
"J05"	2013	9	97.0268015568703
"J05"	2013	10	59.9670934237983
"J05"	2013	11	69.9270660109121
"J05"	2013	12	81.2338891781847
"J05"	2014	1	72.2191518950994
"J05"	2014	2	61.4336436133978
"J05"	2014	3	74.103743115169
"J05"	2014	4	64.06561768635
"J05"	2014	5	57.9739081990261
"J05"	2014	6	79.744275074921
"J05"	2014	7	124.897772714907
"J05"	2014	8	90.5029227831556
"J05"	2014	9	109.654503032515
"J05"	2014	10	112.874400474765
"J05"	2014	11	65.1396631382553
"J05"	2014	12	65.0439920629184
"J05"	2015	1	73.7631709641817
"J05"	2015	2	31.2047976234443
"J05"	2015	3	30.3546219295389
"J05"	2015	4	43.5343599576845
"J05"	2015	5	59.1244142604125
"J05"	2015	6	88.9979385280373
"J05"	2015	7	145.403344869288
"J05"	2015	8	101.783590351563
"J05"	2015	9	78.3961434307645
"J05"	2015	10	55.0806118049185
"J05"	2015	11	97.6998676562685
"J05"	2015	12	31.6358257388762
"J05"	2016	1	37.3015893607335
"J05"	2016	2	69.8209793929814
"J05"	2016	3	66.9343211650788
"J05"	2016	4	27.5913324426342
"J05"	2016	5	59.8989570899567
"J05"	2016	6	177.213847894912
"J05"	2016	7	131.538710917637
"J05"	2016	8	82.1148322211826
"J05"	2016	9	89.5079338523231
"J05"	2016	10	103.785040995636
"J05"	2016	11	56.1232561954943
"J05"	2016	12	39.0467892059151
