"ME"	1901	1	-16.2395137669256
"ME"	1901	2	-12.6113245140329
"ME"	1901	3	-7.04388029659498
"ME"	1901	4	-3.28687557456729
"ME"	1901	5	10.1744073358926
"ME"	1901	6	17.0540601955848
"ME"	1901	7	18.4274058354181
"ME"	1901	8	17.8343283809937
"ME"	1901	9	11.030433715009
"ME"	1901	10	2.85762090736738
"ME"	1901	11	-5.18357915344605
"ME"	1901	12	-11.8796117034459
"ME"	1902	1	-15.3697613585968
"ME"	1902	2	-10.1420760567323
"ME"	1902	3	-3.69713966116046
"ME"	1902	4	-1.10610256990692
"ME"	1902	5	6.37333305590346
"ME"	1902	6	12.4413034624864
"ME"	1902	7	17.5189600434427
"ME"	1902	8	16.3584085878206
"ME"	1902	9	11.8712469873912
"ME"	1902	10	1.31575909460866
"ME"	1902	11	-3.9164480656878
"ME"	1902	12	-14.4234948395856
"ME"	1903	1	-15.8617259096112
"ME"	1903	2	-12.3689141870165
"ME"	1903	3	-3.96025528496545
"ME"	1903	4	0.957971738511282
"ME"	1903	5	8.83053766433896
"ME"	1903	6	13.2843724019218
"ME"	1903	7	15.8702172662481
"ME"	1903	8	13.913645989116
"ME"	1903	9	10.9416406642052
"ME"	1903	10	3.06285002312553
"ME"	1903	11	-4.37265858321482
"ME"	1903	12	-14.9234631382803
"ME"	1904	1	-18.2035902748447
"ME"	1904	2	-15.4282900906233
"ME"	1904	3	-7.3909712745281
"ME"	1904	4	1.7778887409093
"ME"	1904	5	9.74861316949869
"ME"	1904	6	15.9971631494551
"ME"	1904	7	18.585416364024
"ME"	1904	8	16.3601506803126
"ME"	1904	9	9.90620708951555
"ME"	1904	10	2.61929937751628
"ME"	1904	11	-5.67580717313529
"ME"	1904	12	-16.0100011880858
"ME"	1905	1	-17.8204487537276
"ME"	1905	2	-14.557073123826
"ME"	1905	3	-6.77448241942298
"ME"	1905	4	0
"ME"	1905	5	8.20123653510572
"ME"	1905	6	15.7230840115079
"ME"	1905	7	18.9555809280319
"ME"	1905	8	17.0627201149327
"ME"	1905	9	10.7470930067274
"ME"	1905	10	3.70272631488669
"ME"	1905	11	-4.98947884609279
"ME"	1905	12	-10.9426543257046
"ME"	1906	1	-11.6894497605479
"ME"	1906	2	-10.4312139358827
"ME"	1906	3	-8.09506795936
"ME"	1906	4	1.50522487841483
"ME"	1906	5	6.54406240639682
"ME"	1906	6	16.328018917673
"ME"	1906	7	19.3243003849229
"ME"	1906	8	18.7295492251404
"ME"	1906	9	10.6486698589938
"ME"	1906	10	3.80427604158708
"ME"	1906	11	-4.59082214731834
"ME"	1906	12	-13.6885239534643
"ME"	1907	1	-17.4419440787277
"ME"	1907	2	-15.0612465620333
"ME"	1907	3	-7.21781529675211
"ME"	1907	4	1.71330858302254
"ME"	1907	5	4.8947639337418
"ME"	1907	6	15.8374230860975
"ME"	1907	7	16.9539306015073
"ME"	1907	8	15.1283815375148
"ME"	1907	9	9.5047656229932
"ME"	1907	10	1.193629364687
"ME"	1907	11	-3.63647455300717
"ME"	1907	12	-9.97931434220501
"ME"	1908	1	-15.1072117752093
"ME"	1908	2	-13.7377066157365
"ME"	1908	3	-8.01535385062889
"ME"	1908	4	6.71158825088815
"ME"	1908	5	7.66986767635206
"ME"	1908	6	16.5483580940647
"ME"	1908	7	20.6884656127764
"ME"	1908	8	16.3631355063116
"ME"	1908	9	13.6877495879263
"ME"	1908	10	5.309687593022
"ME"	1908	11	-4.4543266193978
"ME"	1908	12	-14.2907615140311
"ME"	1909	1	-16.962573827508
"ME"	1909	2	-14.1821265036501
"ME"	1909	3	-6.61260451803333
"ME"	1909	4	1.83426334052737
"ME"	1909	5	7.53124004915691
"ME"	1909	6	15.8446795583198
"ME"	1909	7	17.1771955149767
"ME"	1909	8	17.8032663569552
"ME"	1909	9	10.1377720832479
"ME"	1909	10	4.22162461422412
"ME"	1909	11	-3.04781379639795
"ME"	1909	12	-9.98671902349635
"ME"	1910	1	-11.8951280095351
"ME"	1910	2	-12.2214539202785
"ME"	1910	3	-5.82676143767565
"ME"	1910	4	-0.192018557364761
"ME"	1910	5	8.54784710418302
"ME"	1910	6	13.7395766610453
"ME"	1910	7	17.4461469543923
"ME"	1910	8	16.3651022283831
"ME"	1910	9	9.61617450183519
"ME"	1910	10	2.37969874266448
"ME"	1910	11	-3.67696280858395
"ME"	1910	12	-12.2393668827183
"ME"	1911	1	-14.5290560716217
"ME"	1911	2	-14.4305743685217
"ME"	1911	3	-7.07436224896604
"ME"	1911	4	-0.202717709960301
"ME"	1911	5	11.0547249027712
"ME"	1911	6	15.6383315222871
"ME"	1911	7	19.4862475011733
"ME"	1911	8	17.5843070787865
"ME"	1911	9	9.61532163394502
"ME"	1911	10	2.81109082988839
"ME"	1911	11	-5.94764551547689
"ME"	1911	12	-10.670946752358
"ME"	1912	1	-19.8932321135225
"ME"	1912	2	-10.9087149281092
"ME"	1912	3	-8.06301687664358
"ME"	1912	4	5.83193247246926
"ME"	1912	5	8.37998656201396
"ME"	1912	6	13.1173364665769
"ME"	1912	7	17.5674091753822
"ME"	1912	8	12.8824178433046
"ME"	1912	9	8.98549708820402
"ME"	1912	10	3.02662660298755
"ME"	1912	11	-5.28377620262002
"ME"	1912	12	-12.2325024835661
"ME"	1913	1	-13.4576975387149
"ME"	1913	2	-15.7111091269161
"ME"	1913	3	-6.39427424535644
"ME"	1913	4	-2.55783414673531
"ME"	1913	5	6.17943309627452
"ME"	1913	6	14.3635796300436
"ME"	1913	7	17.1108023106922
"ME"	1913	8	15.5782065217456
"ME"	1913	9	10.6515162402738
"ME"	1913	10	5.29633380379216
"ME"	1913	11	-2.44947409457219
"ME"	1913	12	-10.7580837568366
"ME"	1914	1	-16.8713710355895
"ME"	1914	2	-17.4676945162544
"ME"	1914	3	-5.25348043868706
"ME"	1914	4	5.31613149516575
"ME"	1914	5	10.7226958766254
"ME"	1914	6	13.678914869625
"ME"	1914	7	19.1406149023686
"ME"	1914	8	16.1583363909091
"ME"	1914	9	10.3303201774157
"ME"	1914	10	2.9186040917918
"ME"	1914	11	-6.4163961972576
"ME"	1914	12	-13.3881034730054
"ME"	1915	1	-13.0684514121221
"ME"	1915	2	-10.4478409602834
"ME"	1915	3	-5.80455401733874
"ME"	1915	4	-3.62799340215471
"ME"	1915	5	6.93609932269202
"ME"	1915	6	15.7690666051905
"ME"	1915	7	18.1689612964305
"ME"	1915	8	16.944208203138
"ME"	1915	9	10.8412679863563
"ME"	1915	10	3.9998656997289
"ME"	1915	11	-4.23273195375469
"ME"	1915	12	-10.4465928569127
"ME"	1916	1	-14.0445078145312
"ME"	1916	2	-14.2495341013435
"ME"	1916	3	-9.6752422811689
"ME"	1916	4	-4.05591866566147
"ME"	1916	5	7.93366899237323
"ME"	1916	6	16.0418076533745
"ME"	1916	7	20.8084436653229
"ME"	1916	8	18.0385627161233
"ME"	1916	9	10.0992506129858
"ME"	1916	10	1.62145100289856
"ME"	1916	11	-6.5543506417526
"ME"	1916	12	-12.0937042872819
"ME"	1917	1	-18.4354661448934
"ME"	1917	2	-15.9331445616631
"ME"	1917	3	-6.1129562129833
"ME"	1917	4	2.12764599825494
"ME"	1917	5	4.40562919259043
"ME"	1917	6	15.4668018814616
"ME"	1917	7	18.0929579011155
"ME"	1917	8	17.6718072144622
"ME"	1917	9	9.66885460627983
"ME"	1917	10	0.648331724375581
"ME"	1917	11	-6.71692013951686
"ME"	1917	12	-16.756832709752
"ME"	1918	1	-16.6831686096346
"ME"	1918	2	-16.1427962674907
"ME"	1918	3	-8.57187761407621
"ME"	1918	4	-1.64638751986765
"ME"	1918	5	6.98040153238366
"ME"	1918	6	13.4174271435105
"ME"	1918	7	16.5182795479347
"ME"	1918	8	15.7536723799402
"ME"	1918	9	8.82253274913059
"ME"	1918	10	3.23901287214652
"ME"	1918	11	-4.2902102081465
"ME"	1918	12	-12.8459955458725
"ME"	1919	1	-15.4200158376117
"ME"	1919	2	-9.85254977766086
"ME"	1919	3	-5.34440080531195
"ME"	1919	4	1.96509422201184
"ME"	1919	5	8.52794095210062
"ME"	1919	6	17.9137341164093
"ME"	1919	7	17.8179968429286
"ME"	1919	8	17.1546907102098
"ME"	1919	9	10.6711177443833
"ME"	1919	10	0.431307080595698
"ME"	1919	11	-4.81922092927692
"ME"	1919	12	-15.7492125951146
"ME"	1920	1	-19.2355716610841
"ME"	1920	2	-12.6688982829726
"ME"	1920	3	-5.36596732169828
"ME"	1920	4	-0.610073926475155
"ME"	1920	5	10.6247540771952
"ME"	1920	6	17.3442807865471
"ME"	1920	7	17.1718495035757
"ME"	1920	8	18.3426839702634
"ME"	1920	9	10.8565350432538
"ME"	1920	10	5.16632418427944
"ME"	1920	11	-6.15156889427841
"ME"	1920	12	-12.0432989592314
"ME"	1921	1	-14.7537475270579
"ME"	1921	2	-13.2612521383462
"ME"	1921	3	-4.74872436811413
"ME"	1921	4	-16.9118561069945
"ME"	1921	5	12.4859993294385
"ME"	1921	6	16.1508344777265
"ME"	1921	7	21.7327099461297
"ME"	1921	8	15.1063295791895
"ME"	1921	9	11.3493361873282
"ME"	1921	10	1.503392251745
"ME"	1921	11	-5.88072392984252
"ME"	1921	12	-13.5851530540879
"ME"	1922	1	-16.5263632941718
"ME"	1922	2	-13.9546008480647
"ME"	1922	3	-4.76833907034458
"ME"	1922	4	-20.1472442270675
"ME"	1922	5	10.3359327703346
"ME"	1922	6	15.5928514254903
"ME"	1922	7	18.7416683458579
"ME"	1922	8	17.1152497565729
"ME"	1922	9	11.1182867736402
"ME"	1922	10	2.03464537987884
"ME"	1922	11	-4.72155224146586
"ME"	1922	12	-15.6102637934937
"ME"	1923	1	-17.5223040017055
"ME"	1923	2	-16.9113252747279
"ME"	1923	3	-10.9574767970771
"ME"	1923	4	31.6249310730052
"ME"	1923	5	7.97800250316312
"ME"	1923	6	15.4568882798414
"ME"	1923	7	17.287014331238
"ME"	1923	8	14.8212147986351
"ME"	1923	9	11.8118901427328
"ME"	1923	10	5.65716952115416
"ME"	1923	11	-2.67293821259829
"ME"	1923	12	-8.04163546247471
"ME"	1924	1	-17.2497605081947
"ME"	1924	2	-15.367478833395
"ME"	1924	3	-4.43830497925828
"ME"	1924	4	89.4921655326438
"ME"	1924	5	6.62841064334522
"ME"	1924	6	15.0103727784037
"ME"	1924	7	17.9697529957749
"ME"	1924	8	16.5158748350856
"ME"	1924	9	11.4769160952
"ME"	1924	10	5.42370901853365
"ME"	1924	11	-3.29785170286787
"ME"	1924	12	-15.2979558441835
"ME"	1925	1	-19.7279082716115
"ME"	1925	2	-10.7882708252014
"ME"	1925	3	-4.36397873304665
"ME"	1925	4	-7.74291099913029
"ME"	1925	5	6.71821702558211
"ME"	1925	6	15.8153833660995
"ME"	1925	7	17.2316531879809
"ME"	1925	8	17.5924487572207
"ME"	1925	9	8.79166688142832
"ME"	1925	10	-1.90632520686477
"ME"	1925	11	-5.08338559118309
"ME"	1925	12	-12.5794377498307
"ME"	1926	1	-16.1219530529414
"ME"	1926	2	-14.3469110483652
"ME"	1926	3	-8.57768025400358
"ME"	1926	4	-37.6611015330774
"ME"	1926	5	5.92829425898566
"ME"	1926	6	13.8141606044617
"ME"	1926	7	17.4069525419628
"ME"	1926	8	15.5199212519489
"ME"	1926	9	9.79013825546603
"ME"	1926	10	2.2135835917992
"ME"	1926	11	-4.19478375143176
"ME"	1926	12	-14.5071571073612
"ME"	1927	1	-13.8847690272819
"ME"	1927	2	-12.5944012061404
"ME"	1927	3	-5.05550741138111
"ME"	1927	4	3.13719399820048
"ME"	1927	5	5.36137087613358
"ME"	1927	6	13.6868590671112
"ME"	1927	7	18.89545404882
"ME"	1927	8	15.785723630408
"ME"	1927	9	10.7833209920955
"ME"	1927	10	3.98453458012886
"ME"	1927	11	-3.39478365773537
"ME"	1927	12	-9.9570561636905
"ME"	1928	1	-16.4747887355795
"ME"	1928	2	-13.7035859767122
"ME"	1928	3	-7.52036188092539
"ME"	1928	4	-4.59517648009999
"ME"	1928	5	9.04968873976751
"ME"	1928	6	14.1815024269307
"ME"	1928	7	17.6555027312601
"ME"	1928	8	17.464385053632
"ME"	1928	9	9.9447739317218
"ME"	1928	10	1.98089425090909
"ME"	1928	11	-6.35025390693502
"ME"	1928	12	-9.27667910013601
"ME"	1929	1	-15.813587312066
"ME"	1929	2	-12.225169832947
"ME"	1929	3	-6.70153662677205
"ME"	1929	4	-4.95959833262559
"ME"	1929	5	6.30092440057721
"ME"	1929	6	14.1582094065883
"ME"	1929	7	17.2253643674539
"ME"	1929	8	14.9061258917886
"ME"	1929	9	10.7299870854585
"ME"	1929	10	2.27962703927579
"ME"	1929	11	-5.28431128692351
"ME"	1929	12	-16.1322388418103
"ME"	1930	1	-16.0413395595709
"ME"	1930	2	-12.2815319694007
"ME"	1930	3	-6.25480589764855
"ME"	1930	4	-0.740309845805743
"ME"	1930	5	8.76678628928722
"ME"	1930	6	17.2308987690629
"ME"	1930	7	17.7018827446111
"ME"	1930	8	15.4757082913726
"ME"	1930	9	9.89594179264548
"ME"	1930	10	4.73571286598242
"ME"	1930	11	-2.78100948816117
"ME"	1930	12	-11.87908955313
"ME"	1931	1	-16.6664453555467
"ME"	1931	2	-11.4647033546425
"ME"	1931	3	-1.71268602810735
"ME"	1931	4	10.3587456817353
"ME"	1931	5	9.05714517552489
"ME"	1931	6	16.2770253656829
"ME"	1931	7	19.4827322644906
"ME"	1931	8	16.5453923406924
"ME"	1931	9	10.2752770836273
"ME"	1931	10	4.80620828148095
"ME"	1931	11	-0.808883871450725
"ME"	1931	12	-11.5880371772641
"ME"	1932	1	-11.4292176782984
"ME"	1932	2	-15.228821630817
"ME"	1932	3	-7.54660473027035
"ME"	1932	4	0
"ME"	1932	5	9.34506245351982
"ME"	1932	6	15.9440825347454
"ME"	1932	7	16.1445389712825
"ME"	1932	8	17.0118122491401
"ME"	1932	9	11.8597595743278
"ME"	1932	10	3.55429204343854
"ME"	1932	11	-5.94438971756955
"ME"	1932	12	-10.5260463763115
"ME"	1933	1	-11.8471014977753
"ME"	1933	2	-11.2805026141937
"ME"	1933	3	-7.7685504687156
"ME"	1933	4	0.96748032866905
"ME"	1933	5	7.38358827888243
"ME"	1933	6	14.9965237325183
"ME"	1933	7	18.423907629762
"ME"	1933	8	16.6794102978603
"ME"	1933	9	10.0287440119452
"ME"	1933	10	2.11724494287092
"ME"	1933	11	-9.48064551953336
"ME"	1933	12	-18.7380589193891
"ME"	1934	1	-16.8521796603547
"ME"	1934	2	-17.6440231217077
"ME"	1934	3	-8.47434710899601
"ME"	1934	4	1.74129334773357
"ME"	1934	5	7.78225704716264
"ME"	1934	6	13.8470095734801
"ME"	1934	7	17.4978248374282
"ME"	1934	8	15.3535613901347
"ME"	1934	9	13.8114985731469
"ME"	1934	10	1.20077016499153
"ME"	1934	11	-4.2563378595922
"ME"	1934	12	-16.0400767022076
"ME"	1935	1	-19.5746735147356
"ME"	1935	2	-14.2641129746014
"ME"	1935	3	-7.63965928990332
"ME"	1935	4	0.991691892191736
"ME"	1935	5	7.11601790407454
"ME"	1935	6	16.0811241766222
"ME"	1935	7	18.9716869157003
"ME"	1935	8	18.613300740852
"ME"	1935	9	8.99063279890515
"ME"	1935	10	2.87906253230907
"ME"	1935	11	-3.72579246005721
"ME"	1935	12	-13.4394285706226
"ME"	1936	1	-15.2027213106107
"ME"	1936	2	-14.733088481103
"ME"	1936	3	-2.23385942096762
"ME"	1936	4	-0.365227117982713
"ME"	1936	5	5.18516118925672
"ME"	1936	6	15.0361603410085
"ME"	1936	7	16.4540957291617
"ME"	1936	8	15.0082512282707
"ME"	1936	9	10.3714015359142
"ME"	1936	10	0.886193646816978
"ME"	1936	11	-7.29839796490626
"ME"	1936	12	-11.4181415645571
"ME"	1937	1	-13.9219258312342
"ME"	1937	2	-10.0040605246091
"ME"	1937	3	-8.39006776736891
"ME"	1937	4	4.07076796449188
"ME"	1937	5	10.5441417343215
"ME"	1937	6	15.0156926165381
"ME"	1937	7	19.6215026594591
"ME"	1937	8	18.463803708073
"ME"	1937	9	10.9528134381032
"ME"	1937	10	3.0266481675403
"ME"	1937	11	-4.48999131771461
"ME"	1937	12	-13.3660882986085
"ME"	1938	1	-15.0434673516545
"ME"	1938	2	-14.3757722919484
"ME"	1938	3	-6.958913993449
"ME"	1938	4	1.11115902535777
"ME"	1938	5	8.30140670215177
"ME"	1938	6	17.7495999525148
"ME"	1938	7	18.2070859698294
"ME"	1938	8	16.5603809077117
"ME"	1938	9	9.5457391255651
"ME"	1938	10	4.45245010155907
"ME"	1938	11	-3.77520483877292
"ME"	1938	12	-10.7624729070678
"ME"	1939	1	-16.1667724084731
"ME"	1939	2	-15.7579764092989
"ME"	1939	3	-10.3414212216421
"ME"	1939	4	-1.04645038822436
"ME"	1939	5	7.96047601251135
"ME"	1939	6	14.0581773726418
"ME"	1939	7	19.5809373030946
"ME"	1939	8	17.933789359592
"ME"	1939	9	9.43511859304047
"ME"	1939	10	1.34332736185025
"ME"	1939	11	-5.83155862915119
"ME"	1939	12	-11.1632651757012
"ME"	1940	1	-14.9795634420448
"ME"	1940	2	-12.9901335332491
"ME"	1940	3	-6.63239032568785
"ME"	1940	4	0
"ME"	1940	5	8.77220111962079
"ME"	1940	6	14.140545763204
"ME"	1940	7	18.3728845435204
"ME"	1940	8	17.5267772939881
"ME"	1940	9	10.2196078573058
"ME"	1940	10	1.23654931180888
"ME"	1940	11	-5.67847358402799
"ME"	1940	12	-14.0929166406587
"ME"	1941	1	-17.6135803516127
"ME"	1941	2	-10.1942914101622
"ME"	1941	3	-7.36395947786168
"ME"	1941	4	2.01877063926871
"ME"	1941	5	8.54013889818761
"ME"	1941	6	14.5269039968809
"ME"	1941	7	19.6504650112417
"ME"	1941	8	13.9565173020496
"ME"	1941	9	9.71620716576685
"ME"	1941	10	1.32026250499735
"ME"	1941	11	-5.61904583193919
"ME"	1941	12	-11.3865750978971
"ME"	1942	1	-17.3310009067713
"ME"	1942	2	-12.8999023522208
"ME"	1942	3	-4.10208043605557
"ME"	1942	4	2.31314301101741
"ME"	1942	5	10.5974776949249
"ME"	1942	6	15.0129342408722
"ME"	1942	7	17.8544868348264
"ME"	1942	8	16.9228581236723
"ME"	1942	9	11.4952455027194
"ME"	1942	10	4.30209445580431
"ME"	1942	11	-4.80632624256078
"ME"	1942	12	-15.7880999496696
"ME"	1943	1	-18.3588206746971
"ME"	1943	2	-10.9989830158779
"ME"	1943	3	-9.55685461500852
"ME"	1943	4	-1.84703182125199
"ME"	1943	5	6.94646704484644
"ME"	1943	6	13.9775251098354
"ME"	1943	7	18.5416253292075
"ME"	1943	8	15.1419073440742
"ME"	1943	9	11.3941367923549
"ME"	1943	10	4.63981617675322
"ME"	1943	11	-4.2684523073599
"ME"	1943	12	-14.2497701212776
"ME"	1944	1	-12.6227085353284
"ME"	1944	2	-14.7552054890917
"ME"	1944	3	-8.2944591225869
"ME"	1944	4	0
"ME"	1944	5	10.6596985923863
"ME"	1944	6	15.9785367480737
"ME"	1944	7	18.6362371123343
"ME"	1944	8	18.2143241254788
"ME"	1944	9	12.287890364679
"ME"	1944	10	1.65845973828196
"ME"	1944	11	-3.15085319749644
"ME"	1944	12	-13.1963153117036
"ME"	1945	1	-15.8707096822089
"ME"	1945	2	-12.0114274365171
"ME"	1945	3	-3.76301496283185
"ME"	1945	4	2.16616526777136
"ME"	1945	5	8.16358005306663
"ME"	1945	6	14.2368066635774
"ME"	1945	7	18.4360751345522
"ME"	1945	8	17.0344761609813
"ME"	1945	9	10.5097538719081
"ME"	1945	10	1.28176248750352
"ME"	1945	11	-5.19002065033779
"ME"	1945	12	-13.7062794664013
"ME"	1946	1	-17.5057975123631
"ME"	1946	2	-16.6214688403952
"ME"	1946	3	-3.78292420358818
"ME"	1946	4	0.88096377292391
"ME"	1946	5	6.91492403822394
"ME"	1946	6	14.213922520485
"ME"	1946	7	16.6524431831323
"ME"	1946	8	17.1455712887052
"ME"	1946	9	13.8934119550601
"ME"	1946	10	5.00842811543759
"ME"	1946	11	-5.80452199086013
"ME"	1946	12	-14.4135998790776
"ME"	1947	1	-17.1177844626364
"ME"	1947	2	-9.16915849423413
"ME"	1947	3	-4.41862809390455
"ME"	1947	4	-3.51789007474272
"ME"	1947	5	5.05201997026648
"ME"	1947	6	15.7005163692617
"ME"	1947	7	19.8274563041134
"ME"	1947	8	18.3519693255723
"ME"	1947	9	9.93661981606931
"ME"	1947	10	5.53124989796131
"ME"	1947	11	-3.50515362185596
"ME"	1947	12	-12.6671146828405
"ME"	1948	1	-16.8297182187716
"ME"	1948	2	-16.8209037112161
"ME"	1948	3	-9.29279561229142
"ME"	1948	4	-0.930697515723916
"ME"	1948	5	8.44751520799501
"ME"	1948	6	15.0721831061463
"ME"	1948	7	18.2464173841402
"ME"	1948	8	17.3800201658151
"ME"	1948	9	12.3416151807407
"ME"	1948	10	4.79154598273578
"ME"	1948	11	-2.15540640910202
"ME"	1948	12	-11.2090378557559
"ME"	1949	1	-15.0180707753134
"ME"	1949	2	-15.2909215693492
"ME"	1949	3	-7.36445303455759
"ME"	1949	4	1.60892705217834
"ME"	1949	5	7.51588906583467
"ME"	1949	6	17.5560580055615
"ME"	1949	7	19.1465811224651
"ME"	1949	8	16.9063794714389
"ME"	1949	9	10.4711254359318
"ME"	1949	10	4.69327989609895
"ME"	1949	11	-7.49046192092655
"ME"	1949	12	-10.6311188872161
"ME"	1950	1	-17.3659570453119
"ME"	1950	2	-16.8981446795795
"ME"	1950	3	-8.12525140734404
"ME"	1950	4	0.588472899192297
"ME"	1950	5	10.8067265235099
"ME"	1950	6	13.9226669794096
"ME"	1950	7	17.4689878014107
"ME"	1950	8	17.2311565222718
"ME"	1950	9	9.69515453587124
"ME"	1950	10	1.71415322801379
"ME"	1950	11	-3.07270959083119
"ME"	1950	12	-9.95093883459819
"ME"	1951	1	-15.44736090365
"ME"	1951	2	-11.4612489344497
"ME"	1951	3	-4.07874372393576
"ME"	1951	4	3.64786195908503
"ME"	1951	5	9.46788498685567
"ME"	1951	6	14.9014594588671
"ME"	1951	7	17.8768049635567
"ME"	1951	8	16.4620289026221
"ME"	1951	9	10.921851897668
"ME"	1951	10	3.25037311648724
"ME"	1951	11	-5.97900470680719
"ME"	1951	12	-13.9991825108071
"ME"	1952	1	-15.7614944627273
"ME"	1952	2	-11.0566351980401
"ME"	1952	3	-4.09332791324701
"ME"	1952	4	1.603486299448
"ME"	1952	5	9.46938042909366
"ME"	1952	6	15.3786356223624
"ME"	1952	7	20.8706264972193
"ME"	1952	8	17.4911572920745
"ME"	1952	9	10.8510920340937
"ME"	1952	10	0.72366817206878
"ME"	1952	11	-4.90710805258658
"ME"	1952	12	-9.96066916478626
"ME"	1953	1	-13.8355300351788
"ME"	1953	2	-11.7004131660217
"ME"	1953	3	-5.4749580801951
"ME"	1953	4	2.51207299100153
"ME"	1953	5	9.1640129442857
"ME"	1953	6	16.1544095095635
"ME"	1953	7	18.7978536345882
"ME"	1953	8	16.3223928502562
"ME"	1953	9	10.2779719088063
"ME"	1953	10	4.08267863746341
"ME"	1953	11	-2.01196156182111
"ME"	1953	12	-11.0463008337328
"ME"	1954	1	-19.4360824493046
"ME"	1954	2	-8.85946258690823
"ME"	1954	3	-6.8623736173106
"ME"	1954	4	-0.644807446006024
"ME"	1954	5	8.65379752845395
"ME"	1954	6	16.929046109275
"ME"	1954	7	17.1208931653076
"ME"	1954	8	15.6514217390017
"ME"	1954	9	10.3092266384073
"ME"	1954	10	2.73278388160701
"ME"	1954	11	-4.94913519360502
"ME"	1954	12	-11.0441788812548
"ME"	1955	1	-13.8405657221161
"ME"	1955	2	-12.6579320763409
"ME"	1955	3	-8.25407520918133
"ME"	1955	4	2.19620727197122
"ME"	1955	5	8.14377470394178
"ME"	1955	6	18.5978199484235
"ME"	1955	7	19.526061176857
"ME"	1955	8	18.0940061493533
"ME"	1955	9	9.32776814464062
"ME"	1955	10	3.57081202274104
"ME"	1955	11	-4.45971676656352
"ME"	1955	12	-14.5878924229686
"ME"	1956	1	-10.3792081463658
"ME"	1956	2	-13.1813657646979
"ME"	1956	3	-9.43658060821161
"ME"	1956	4	0.455961200321479
"ME"	1956	5	4.12605689830889
"ME"	1956	6	13.608233735642
"ME"	1956	7	15.9528114253835
"ME"	1956	8	15.0060142564414
"ME"	1956	9	9.05264468984081
"ME"	1956	10	4.32995136497649
"ME"	1956	11	-4.67638271877432
"ME"	1956	12	-14.874450095279
"ME"	1957	1	-21.8703302200827
"ME"	1957	2	-12.9615540733885
"ME"	1957	3	-3.92925735460426
"ME"	1957	4	-0.091133204060722
"ME"	1957	5	7.94725290111777
"ME"	1957	6	14.4845668557177
"ME"	1957	7	17.2626756497984
"ME"	1957	8	14.3268152937461
"ME"	1957	9	10.5109375247842
"ME"	1957	10	4.17573143048346
"ME"	1957	11	-3.97457764284529
"ME"	1957	12	-9.15401462182353
"ME"	1958	1	-11.284975919299
"ME"	1958	2	-11.158629606861
"ME"	1958	3	-0.850544361206183
"ME"	1958	4	2.55651088871106
"ME"	1958	5	6.91851629606118
"ME"	1958	6	11.8906372824171
"ME"	1958	7	17.4752344858519
"ME"	1958	8	15.2605713376711
"ME"	1958	9	10.3410647624052
"ME"	1958	10	1.87112730118099
"ME"	1958	11	-5.71831261930665
"ME"	1958	12	-17.8980530191831
"ME"	1959	1	-13.4096413202849
"ME"	1959	2	-18.082547439309
"ME"	1959	3	-8.93710996999781
"ME"	1959	4	0.458421460350168
"ME"	1959	5	9.71026246651587
"ME"	1959	6	14.9439515836745
"ME"	1959	7	20.4849688454435
"ME"	1959	8	16.9037889626391
"ME"	1959	9	12.1223205581561
"ME"	1959	10	1.69929172929976
"ME"	1959	11	-6.23805723044385
"ME"	1959	12	-12.3784524604961
"ME"	1960	1	-14.8173869481109
"ME"	1960	2	-7.66263493630671
"ME"	1960	3	-8.40809419185996
"ME"	1960	4	-0.276716306511478
"ME"	1960	5	12.0893442726388
"ME"	1960	6	15.6172817496022
"ME"	1960	7	16.7979709418643
"ME"	1960	8	17.3329763511448
"ME"	1960	9	10.9266890084726
"ME"	1960	10	2.28802027816868
"ME"	1960	11	-3.99216297541167
"ME"	1960	12	-12.9535955478141
"ME"	1961	1	-20.0716592727792
"ME"	1961	2	-14.0410627176527
"ME"	1961	3	-6.91830731421684
"ME"	1961	4	2.69503879131133
"ME"	1961	5	7.33708363885799
"ME"	1961	6	14.4132012805125
"ME"	1961	7	18.2073771315903
"ME"	1961	8	17.1515257701277
"ME"	1961	9	13.4467629029081
"ME"	1961	10	4.52806231273346
"ME"	1961	11	-2.25300309558662
"ME"	1961	12	-9.21351197104183
"ME"	1962	1	-18.6283471769183
"ME"	1962	2	-18.0936524208606
"ME"	1962	3	-2.02174887313697
"ME"	1962	4	-0.281205146365606
"ME"	1962	5	7.23291420385545
"ME"	1962	6	16.0715467117198
"ME"	1962	7	17.2143094630054
"ME"	1962	8	17.8808815485064
"ME"	1962	9	9.96411521773705
"ME"	1962	10	3.40996157820879
"ME"	1962	11	-5.01760155876764
"ME"	1962	12	-12.334249491336
"ME"	1963	1	-14.861295916869
"ME"	1963	2	-17.0147629250089
"ME"	1963	3	-8.40171723576206
"ME"	1963	4	0.945981729238877
"ME"	1963	5	8.05618182285282
"ME"	1963	6	16.2489276087729
"ME"	1963	7	18.5212479153468
"ME"	1963	8	14.9473456706918
"ME"	1963	9	8.95652948711642
"ME"	1963	10	6.11238253031368
"ME"	1963	11	-2.55846890051966
"ME"	1963	12	-16.3260407771793
"ME"	1964	1	-14.6363361776521
"ME"	1964	2	-12.1890157460664
"ME"	1964	3	-7.86412545353332
"ME"	1964	4	2.10043216696873
"ME"	1964	5	8.15309137736887
"ME"	1964	6	13.8688890031377
"ME"	1964	7	18.6250852527945
"ME"	1964	8	14.753063947244
"ME"	1964	9	9.61310248454034
"ME"	1964	10	1.29753274288344
"ME"	1964	11	-5.41820234595123
"ME"	1964	12	-12.9846559418798
"ME"	1965	1	-17.4331957985247
"ME"	1965	2	-12.9964606215982
"ME"	1965	3	-7.00769161695923
"ME"	1965	4	0.288923347136452
"ME"	1965	5	6.90629131525276
"ME"	1965	6	15.1299338053454
"ME"	1965	7	15.1215208687933
"ME"	1965	8	14.6565395090066
"ME"	1965	9	9.64372904832437
"ME"	1965	10	0
"ME"	1965	11	-7.96244959879551
"ME"	1965	12	-13.1620806843582
"ME"	1966	1	-11.1651310349384
"ME"	1966	2	-10.0649025897845
"ME"	1966	3	-2.65174483596114
"ME"	1966	4	1.55238359608276
"ME"	1966	5	6.99749578251101
"ME"	1966	6	15.6035178350267
"ME"	1966	7	16.722918544485
"ME"	1966	8	15.5739292632687
"ME"	1966	9	10.093651983965
"ME"	1966	10	2.25228683649728
"ME"	1966	11	-2.03805322830756
"ME"	1966	12	-11.0022386806215
"ME"	1967	1	-15.4602614278466
"ME"	1967	2	-16.6718421683494
"ME"	1967	3	-10.4893930845676
"ME"	1967	4	-1.17050522262891
"ME"	1967	5	4.82575256041056
"ME"	1967	6	17.2530805693263
"ME"	1967	7	19.2230236534
"ME"	1967	8	17.8101256404289
"ME"	1967	9	12.2317671341412
"ME"	1967	10	2.79978105769863
"ME"	1967	11	-4.37275318112606
"ME"	1967	12	-10.5012384274608
"ME"	1968	1	-18.5344689903245
"ME"	1968	2	-14.0548768585324
"ME"	1968	3	-7.30263268164223
"ME"	1968	4	2.54219437139175
"ME"	1968	5	9.31757345943743
"ME"	1968	6	15.2766745415802
"ME"	1968	7	17.716346034089
"ME"	1968	8	12.8176859071825
"ME"	1968	9	15.1200164388049
"ME"	1968	10	5.04150041914019
"ME"	1968	11	-6.79752974346775
"ME"	1968	12	-11.0699774209894
"ME"	1969	1	-10.3974036513181
"ME"	1969	2	-9.90163726770885
"ME"	1969	3	-5.18018328471687
"ME"	1969	4	-1.85550906275941
"ME"	1969	5	5.30670599680849
"ME"	1969	6	13.5005823458371
"ME"	1969	7	17.1095949249181
"ME"	1969	8	16.9768491450226
"ME"	1969	9	8.37427213158253
"ME"	1969	10	1.17015942223275
"ME"	1969	11	-2.12519599730184
"ME"	1969	12	-10.0862241472775
"ME"	1970	1	-18.0565755852341
"ME"	1970	2	-14.4123178284675
"ME"	1970	3	-5.38573908619181
"ME"	1970	4	0
"ME"	1970	5	6.30298603941312
"ME"	1970	6	14.5627977314401
"ME"	1970	7	20.2026235667889
"ME"	1970	8	17.9769973642421
"ME"	1970	9	9.66845417357559
"ME"	1970	10	6.14033452292265
"ME"	1970	11	-3.83526076570624
"ME"	1970	12	-16.17777404371
"ME"	1971	1	-16.2260343758315
"ME"	1971	2	-13.4611644768103
"ME"	1971	3	-6.01305179928996
"ME"	1971	4	1.24954219588194
"ME"	1971	5	9.71742094944748
"ME"	1971	6	14.3541758292949
"ME"	1971	7	17.1939953178941
"ME"	1971	8	15.319211173684
"ME"	1971	9	11.923356455602
"ME"	1971	10	4.79870979429952
"ME"	1971	11	-5.63625344867751
"ME"	1971	12	-15.7754619910461
"ME"	1972	1	-16.1920454174891
"ME"	1972	2	-16.9257949590313
"ME"	1972	3	-10.2229328058003
"ME"	1972	4	0
"ME"	1972	5	7.65665156802867
"ME"	1972	6	14.3417507347371
"ME"	1972	7	18.5839796803833
"ME"	1972	8	15.6032806440492
"ME"	1972	9	10.0235899152284
"ME"	1972	10	0
"ME"	1972	11	-6.42352988775174
"ME"	1972	12	-17.5054221073249
"ME"	1973	1	-15.6638447476037
"ME"	1973	2	-14.6457917193038
"ME"	1973	3	-3.36973037245317
"ME"	1973	4	0
"ME"	1973	5	7.71800812194162
"ME"	1973	6	17.0598600335463
"ME"	1973	7	19.5727487898108
"ME"	1973	8	18.4133415872246
"ME"	1973	9	10.036122838008
"ME"	1973	10	4.12949025342014
"ME"	1973	11	-5.50528259122131
"ME"	1973	12	-9.76407101951566
"ME"	1974	1	-20.3839944916533
"ME"	1974	2	-14.9313453180498
"ME"	1974	3	-9.68135430001166
"ME"	1974	4	-1.17543303095166
"ME"	1974	5	4.58594437277862
"ME"	1974	6	16.9502652984046
"ME"	1974	7	18.4644420098191
"ME"	1974	8	16.4648108763094
"ME"	1974	9	9.29622629661513
"ME"	1974	10	-0.676577663328084
"ME"	1974	11	-4.6922972197071
"ME"	1974	12	-10.1490752458976
"ME"	1975	1	-17.3853238733459
"ME"	1975	2	-14.7071567428212
"ME"	1975	3	-7.57281245976194
"ME"	1975	4	-0.789516300065435
"ME"	1975	5	10.6073603766163
"ME"	1975	6	17.0371241227546
"ME"	1975	7	20.25028780031
"ME"	1975	8	16.9408937608927
"ME"	1975	9	11.4369317283518
"ME"	1975	10	4.0970128869752
"ME"	1975	11	-3.78439280148315
"ME"	1975	12	-13.9201019980353
"ME"	1976	1	-17.1608127053836
"ME"	1976	2	-12.9547422655857
"ME"	1976	3	-8.62155741072412
"ME"	1976	4	0
"ME"	1976	5	7.88502782636715
"ME"	1976	6	17.9038350048261
"ME"	1976	7	19.0433064332836
"ME"	1976	8	16.8096355325481
"ME"	1976	9	9.61794175061816
"ME"	1976	10	0.688322438759628
"ME"	1976	11	-6.45821013742376
"ME"	1976	12	-14.9892955813071
"ME"	1977	1	-15.0683556100307
"ME"	1977	2	-11.8185560158271
"ME"	1977	3	-2.62793457555844
"ME"	1977	4	-0.326431962627258
"ME"	1977	5	8.72093941719014
"ME"	1977	6	14.5888060338073
"ME"	1977	7	16.5421033425383
"ME"	1977	8	15.572238910362
"ME"	1977	9	9.39718271145735
"ME"	1977	10	3.34924422443475
"ME"	1977	11	-1.88369465915295
"ME"	1977	12	-12.3869704106844
"ME"	1978	1	-16.6229546279872
"ME"	1978	2	-11.9064298234256
"ME"	1978	3	-10.4050743609216
"ME"	1978	4	0
"ME"	1978	5	10.910673882964
"ME"	1978	6	13.6104181614096
"ME"	1978	7	17.8280598372688
"ME"	1978	8	16.4440561195413
"ME"	1978	9	7.89174985044711
"ME"	1978	10	0.812766006439427
"ME"	1978	11	-6.035612942709
"ME"	1978	12	-13.4652511071102
"ME"	1979	1	-13.1652597831644
"ME"	1979	2	-16.2631128455278
"ME"	1979	3	-3.15274998295344
"ME"	1979	4	1.42838363477716
"ME"	1979	5	9.97596796044842
"ME"	1979	6	16.422720427657
"ME"	1979	7	19.1123175652068
"ME"	1979	8	15.6102886602433
"ME"	1979	9	10.4313988886895
"ME"	1979	10	3.73022578454401
"ME"	1979	11	-3.45693037832524
"ME"	1979	12	-11.1553509198365
"ME"	1980	1	-13.5443491299916
"ME"	1980	2	-13.4010349331416
"ME"	1980	3	-5.98967365784639
"ME"	1980	4	1.7294496661095
"ME"	1980	5	8.57086156040203
"ME"	1980	6	13.5984725921175
"ME"	1980	7	17.1117055955414
"ME"	1980	8	19.0732528747667
"ME"	1980	9	8.06976065505728
"ME"	1980	10	0.350619142720886
"ME"	1980	11	-5.32551169421891
"ME"	1980	12	-17.1012201895966
"ME"	1981	1	-15.3952468683112
"ME"	1981	2	-5.88103104926128
"ME"	1981	3	-3.15212697646392
"ME"	1981	4	0
"ME"	1981	5	7.5649702345388
"ME"	1981	6	14.5624229256974
"ME"	1981	7	19.3883933072663
"ME"	1981	8	18.0371420076947
"ME"	1981	9	12.5977440956542
"ME"	1981	10	3.15964837389638
"ME"	1981	11	-3.74311654136705
"ME"	1981	12	-8.47050696544305
"ME"	1982	1	-17.6372235393138
"ME"	1982	2	-16.7086606562241
"ME"	1982	3	-7.77439442328732
"ME"	1982	4	-1.32528870261813
"ME"	1982	5	9.2367606229342
"ME"	1982	6	14.7480338636323
"ME"	1982	7	18.1839972811739
"ME"	1982	8	13.9222906885719
"ME"	1982	9	11.6044567059306
"ME"	1982	10	5.61769510772402
"ME"	1982	11	-3.74003370859346
"ME"	1982	12	-11.5157045023669
"ME"	1983	1	-14.0035436422573
"ME"	1983	2	-12.5398103537802
"ME"	1983	3	-5.88294304493849
"ME"	1983	4	1.33631140949086
"ME"	1983	5	5.776456760366
"ME"	1983	6	16.5804647504581
"ME"	1983	7	17.5763481712858
"ME"	1983	8	16.7709826046378
"ME"	1983	9	12.1892786409174
"ME"	1983	10	3.97528392680784
"ME"	1983	11	-4.42728355483051
"ME"	1983	12	-14.3844309345045
"ME"	1984	1	-18.500766750023
"ME"	1984	2	-8.68487969210625
"ME"	1984	3	-8.50946871522428
"ME"	1984	4	2.50982688363625
"ME"	1984	5	6.30954622615344
"ME"	1984	6	13.8548972327945
"ME"	1984	7	18.1596209622948
"ME"	1984	8	18.3203040667775
"ME"	1984	9	8.89275228215246
"ME"	1984	10	4.66731421096461
"ME"	1984	11	-3.93594377408386
"ME"	1984	12	-12.8580022780793
"ME"	1985	1	-17.8121908108429
"ME"	1985	2	-11.4963257240475
"ME"	1985	3	-7.88038132001998
"ME"	1985	4	-0.354122029150715
"ME"	1985	5	5.71288306111198
"ME"	1985	6	15.1978781894924
"ME"	1985	7	17.8488438463208
"ME"	1985	8	16.997409684075
"ME"	1985	9	12.0777232999813
"ME"	1985	10	3.48965810978005
"ME"	1985	11	-5.8100822284218
"ME"	1985	12	-15.0691539567668
"ME"	1986	1	-14.8766177413922
"ME"	1986	2	-13.2932779802795
"ME"	1986	3	-7.77769666411147
"ME"	1986	4	2.11062829883908
"ME"	1986	5	10.6183781554085
"ME"	1986	6	11.797871412866
"ME"	1986	7	17.042310434368
"ME"	1986	8	15.8773381231234
"ME"	1986	9	8.28601668320178
"ME"	1986	10	1.04246941719285
"ME"	1986	11	-7.29846759829439
"ME"	1986	12	-11.6667260613223
"ME"	1987	1	-14.8804209740113
"ME"	1987	2	-12.7735384490272
"ME"	1987	3	-3.57512852153541
"ME"	1987	4	3.04048508731177
"ME"	1987	5	8.06028003733751
"ME"	1987	6	14.8753613209635
"ME"	1987	7	18.5133428304273
"ME"	1987	8	15.5492320722918
"ME"	1987	9	11.4322379035335
"ME"	1987	10	3.22557205403841
"ME"	1987	11	-4.84433988353092
"ME"	1987	12	-12.6100083592226
"ME"	1988	1	-13.9081361626921
"ME"	1988	2	-14.7690212735386
"ME"	1988	3	-6.31260059267926
"ME"	1988	4	1.18177757906095
"ME"	1988	5	10.6913209293994
"ME"	1988	6	13.3130434746797
"ME"	1988	7	19.8822602756983
"ME"	1988	8	16.597438352605
"ME"	1988	9	9.21377194215069
"ME"	1988	10	1.60199042192034
"ME"	1988	11	-3.76920593202879
"ME"	1988	12	-15.0629867223401
"ME"	1989	1	-15.5844054245021
"ME"	1989	2	-15.0578501692939
"ME"	1989	3	-9.15959968696024
"ME"	1989	4	0.313926794473179
"ME"	1989	5	10.6377156310859
"ME"	1989	6	16.2815135957071
"ME"	1989	7	17.9867390792338
"ME"	1989	8	16.2693297089894
"ME"	1989	9	12.3086905520178
"ME"	1989	10	3.85961793756316
"ME"	1989	11	-6.67383618157606
"ME"	1989	12	-17.545886029275
"ME"	1990	1	-14.5205072785129
"ME"	1990	2	-16.153777240663
"ME"	1990	3	-6.74372329911821
"ME"	1990	4	0.510635041369282
"ME"	1990	5	7.02697108340219
"ME"	1990	6	15.6811390285124
"ME"	1990	7	18.7598466199854
"ME"	1990	8	17.898938374607
"ME"	1990	9	9.397205469538
"ME"	1990	10	2.13703866901602
"ME"	1990	11	-5.50714759190688
"ME"	1990	12	-12.5007605324353
"ME"	1991	1	-19.9421104194023
"ME"	1991	2	-12.439629573757
"ME"	1991	3	-4.74623742640691
"ME"	1991	4	0.748815766378592
"ME"	1991	5	7.81116986349088
"ME"	1991	6	15.4661439528478
"ME"	1991	7	18.346968315548
"ME"	1991	8	17.6676654072697
"ME"	1991	9	9.43191429881628
"ME"	1991	10	3.45048877441283
"ME"	1991	11	-3.6271709290444
"ME"	1991	12	-15.0074815603561
"ME"	1992	1	-16.7271476551566
"ME"	1992	2	-17.0587727192686
"ME"	1992	3	-8.44673015495633
"ME"	1992	4	-0.0977511658150979
"ME"	1992	5	8.49814839266981
"ME"	1992	6	13.2371942612728
"ME"	1992	7	15.0763526402369
"ME"	1992	8	15.6841020639709
"ME"	1992	9	11.3556612584313
"ME"	1992	10	1.10017013847058
"ME"	1992	11	-6.29216602520853
"ME"	1992	12	-12.6510980893545
"ME"	1993	1	-16.8584027864168
"ME"	1993	2	-18.2756157103556
"ME"	1993	3	-6.76520862256872
"ME"	1993	4	1.19781417393974
"ME"	1993	5	7.55928649487467
"ME"	1993	6	15.8997638551815
"ME"	1993	7	18.8004071904823
"ME"	1993	8	16.8196959876078
"ME"	1993	9	9.2932287882219
"ME"	1993	10	-0.217234561795678
"ME"	1993	11	-6.24210484201519
"ME"	1993	12	-12.2183347978538
"ME"	1994	1	-20.7509836679716
"ME"	1994	2	-16.5873274796234
"ME"	1994	3	-6.35015013694566
"ME"	1994	4	-0.282137153079081
"ME"	1994	5	6.62905211133894
"ME"	1994	6	15.7816274472325
"ME"	1994	7	18.3858386050957
"ME"	1994	8	14.5547212845058
"ME"	1994	9	10.5950901928843
"ME"	1994	10	5.7846562379902
"ME"	1994	11	-3.40843371698752
"ME"	1994	12	-11.2645998193626
"ME"	1995	1	-14.861367186646
"ME"	1995	2	-16.5121201759154
"ME"	1995	3	-6.99393162022046
"ME"	1995	4	0.323386787178396
"ME"	1995	5	7.93654567392878
"ME"	1995	6	16.9067279264916
"ME"	1995	7	19.346328805928
"ME"	1995	8	17.9153549399102
"ME"	1995	9	9.24647111977274
"ME"	1995	10	4.75014953981796
"ME"	1995	11	-5.73953139192406
"ME"	1995	12	-13.3155380500219
"ME"	1996	1	-15.7996927955499
"ME"	1996	2	-12.8107689626043
"ME"	1996	3	-7.63927016016765
"ME"	1996	4	0.9541519228395
"ME"	1996	5	5.77002680600248
"ME"	1996	6	16.7904217556783
"ME"	1996	7	17.0669963262291
"ME"	1996	8	17.1068407154618
"ME"	1996	9	11.4900062046816
"ME"	1996	10	2.59848408791912
"ME"	1996	11	-4.74923848779091
"ME"	1996	12	-9.42451739323086
"ME"	1997	1	-15.4521782273563
"ME"	1997	2	-14.5563984406948
"ME"	1997	3	-10.0916506805058
"ME"	1997	4	0.447363834601249
"ME"	1997	5	4.68345878233344
"ME"	1997	6	15.0563167357573
"ME"	1997	7	17.4376956303624
"ME"	1997	8	15.3368944232326
"ME"	1997	9	10.0567075657461
"ME"	1997	10	2.65908183680694
"ME"	1997	11	-5.87602703280159
"ME"	1997	12	-12.1217434922987
"ME"	1998	1	-14.5058306741922
"ME"	1998	2	-8.00398167647458
"ME"	1998	3	-5.95513582268353
"ME"	1998	4	1.63168752058428
"ME"	1998	5	10.5564451709233
"ME"	1998	6	15.8027978122884
"ME"	1998	7	18.1004980329998
"ME"	1998	8	16.7506610830654
"ME"	1998	9	9.97567159084221
"ME"	1998	10	2.91639227929347
"ME"	1998	11	-5.62896873123522
"ME"	1998	12	-11.6701524052982
"ME"	1999	1	-15.0619762048561
"ME"	1999	2	-9.34292150264451
"ME"	1999	3	-3.08646192279346
"ME"	1999	4	0.95755508922221
"ME"	1999	5	12.3495270862754
"ME"	1999	6	17.4057749340178
"ME"	1999	7	18.4681563257847
"ME"	1999	8	16.6214778808871
"ME"	1999	9	13.6653832756339
"ME"	1999	10	0.889433927820246
"ME"	1999	11	-3.95183899691038
"ME"	1999	12	-11.5312908748486
"ME"	2000	1	-15.8270188121448
"ME"	2000	2	-12.2150915904409
"ME"	2000	3	-3.40735596627582
"ME"	2000	4	0.215040930178741
"ME"	2000	5	6.45393635609817
"ME"	2000	6	13.3056772855075
"ME"	2000	7	18.4444162554401
"ME"	2000	8	17.1638879493753
"ME"	2000	9	9.44303293732622
"ME"	2000	10	2.52365672607313
"ME"	2000	11	-2.7850831952263
"ME"	2000	12	-13.5375717798969
"ME"	2001	1	-15.3865175139627
"ME"	2001	2	-13.876209770875
"ME"	2001	3	-3.93997546475483
"ME"	2001	4	0.680678012843672
"ME"	2001	5	11.8998277953492
"ME"	2001	6	15.576279797213
"ME"	2001	7	17.8360471555911
"ME"	2001	8	17.5125853349569
"ME"	2001	9	11.2242826568418
"ME"	2001	10	3.71639797038154
"ME"	2001	11	-3.05465878117853
"ME"	2001	12	-9.18854139986738
"ME"	2002	1	-15.9616944563636
"ME"	2002	2	-14.1130182400631
"ME"	2002	3	-8.51578826817511
"ME"	2002	4	0.379118547746746
"ME"	2002	5	6.14282023209315
"ME"	2002	6	14.1435457873019
"ME"	2002	7	18.0082240038827
"ME"	2002	8	17.0000557474124
"ME"	2002	9	11.6901086255467
"ME"	2002	10	1.12230795611072
"ME"	2002	11	-6.89822121149889
"ME"	2002	12	-12.3973320948403
"ME"	2003	1	-16.9532641867057
"ME"	2003	2	-16.7080337160223
"ME"	2003	3	-9.04128695932549
"ME"	2003	4	-0.459269507222565
"ME"	2003	5	9.22208512970127
"ME"	2003	6	16.3189300144874
"ME"	2003	7	17.6943352490106
"ME"	2003	8	16.6797186888659
"ME"	2003	9	13.3375806266224
"ME"	2003	10	3.02859983497029
"ME"	2003	11	-4.67646128005346
"ME"	2003	12	-11.4855919220015
"ME"	2004	1	-17.9568493583921
"ME"	2004	2	-12.4308105755007
"ME"	2004	3	-5.31245500399974
"ME"	2004	4	0.207129330589318
"ME"	2004	5	5.49534998104172
"ME"	2004	6	12.9931238882919
"ME"	2004	7	18.838486319447
"ME"	2004	8	15.503890938317
"ME"	2004	9	10.7000538094424
"ME"	2004	10	4.59288451002292
"ME"	2004	11	-5.82900606374339
"ME"	2004	12	-14.6323066397278
"ME"	2005	1	-18.663482136011
"ME"	2005	2	-11.0163192969246
"ME"	2005	3	-5.72875323908842
"ME"	2005	4	0.90538947893814
"ME"	2005	5	8.29810718114289
"ME"	2005	6	15.8334939742266
"ME"	2005	7	19.9809891083545
"ME"	2005	8	16.6099602204525
"ME"	2005	9	11.0726549667505
"ME"	2005	10	4.15385767603704
"ME"	2005	11	-4.48114301290759
"ME"	2005	12	-14.3837568853706
"ME"	2006	1	-12.7468812115053
"ME"	2006	2	-14.3401357938375
"ME"	2006	3	-3.81180901747874
"ME"	2006	4	1.71977954981347
"ME"	2006	5	9.97251098350953
"ME"	2006	6	17.0624200050798
"ME"	2006	7	18.6999815835942
"ME"	2006	8	14.7741519752966
"ME"	2006	9	10.2787405696888
"ME"	2006	10	2.60254409296721
"ME"	2006	11	-1.85047370790999
"ME"	2006	12	-11.0157061240457
"ME"	2007	1	-14.9999788075045
"ME"	2007	2	-14.574085480952
"ME"	2007	3	-8.13404285882726
"ME"	2007	4	1.10198245962488
"ME"	2007	5	7.55852114272896
"ME"	2007	6	16.1126631967979
"ME"	2007	7	18.1004264100002
"ME"	2007	8	15.1186004822505
"ME"	2007	9	9.23022100520059
"ME"	2007	10	4.76964749200383
"ME"	2007	11	-7.29140223812819
"ME"	2007	12	-15.8891055473457
"ME"	2008	1	-14.2406071204498
"ME"	2008	2	-13.5638992480807
"ME"	2008	3	-8.9549598375653
"ME"	2008	4	1.5896043065101
"ME"	2008	5	8.03905603474104
"ME"	2008	6	14.6906052532464
"ME"	2008	7	18.5669193938969
"ME"	2008	8	17.0628145479752
"ME"	2008	9	10.6643078677507
"ME"	2008	10	3.09476319863251
"ME"	2008	11	-3.97291346722676
"ME"	2008	12	-14.7404075810491
"ME"	2009	1	-18.842050811455
"ME"	2009	2	-10.9921609060993
"ME"	2009	3	-6.82712274815386
"ME"	2009	4	0.815646782412568
"ME"	2009	5	6.49237097673166
"ME"	2009	6	15.4496468875505
"ME"	2009	7	17.7776618479495
"ME"	2009	8	15.7050767944761
"ME"	2009	9	10.6783186958563
"ME"	2009	10	0.821572349663908
"ME"	2009	11	-1.17624914610983
"ME"	2009	12	-11.8808276825651
"ME"	2010	1	-11.8521527613328
"ME"	2010	2	-6.64538279406312
"ME"	2010	3	-2.93093338784954
"ME"	2010	4	1.92137462012023
"ME"	2010	5	8.48504803750719
"ME"	2010	6	14.6931077923959
"ME"	2010	7	18.9215239077984
"ME"	2010	8	17.2610835804339
"ME"	2010	9	9.56213486862385
"ME"	2010	10	2.25997361487669
"ME"	2010	11	-4.26617118515958
"ME"	2010	12	-7.73695009322227
"ME"	2011	1	-14.5751633115537
"ME"	2011	2	-14.5521218962297
"ME"	2011	3	-6.77832131421437
"ME"	2011	4	0.328375768087392
"ME"	2011	5	6.86365514136508
"ME"	2011	6	14.790416258887
"ME"	2011	7	18.424691566428
"ME"	2011	8	15.9076505781815
"ME"	2011	9	11.2239251801439
"ME"	2011	10	3.72765291095601
"ME"	2011	11	-2.44860597315834
"ME"	2011	12	-12.5845599999906
"ME"	2012	1	-15.9368062509065
"ME"	2012	2	-12.3798117422827
"ME"	2012	3	-3.63485370072119
"ME"	2012	4	0.784150638489797
"ME"	2012	5	8.83985067651039
"ME"	2012	6	16.5953570514818
"ME"	2012	7	18.2186585996051
"ME"	2012	8	17.2671323596107
"ME"	2012	9	11.1481695736327
"ME"	2012	10	3.58595015181531
"ME"	2012	11	-4.72095056359088
"ME"	2012	12	-12.3085234251122
"ME"	2013	1	-16.4528557541756
"ME"	2013	2	-11.3472398155973
"ME"	2013	3	-2.58486126310975
"ME"	2013	4	0.664664997662275
"ME"	2013	5	8.30863579572156
"ME"	2013	6	13.4693049559533
"ME"	2013	7	18.7842741738346
"ME"	2013	8	15.5469598257382
"ME"	2013	9	9.36977150802887
"ME"	2013	10	3.44903322597428
"ME"	2013	11	-6.94761937853086
"ME"	2013	12	-19.431966776429
"ME"	2014	1	-17.0828025763912
"ME"	2014	2	-14.478507212917
"ME"	2014	3	-11.5265883505808
"ME"	2014	4	0.418470214962687
"ME"	2014	5	7.201699250157
"ME"	2014	6	16.6989075877412
"ME"	2014	7	18.7721184458043
"ME"	2014	8	17.3637744576788
"ME"	2014	9	9.47641610641604
"ME"	2014	10	3.61822223218841
"ME"	2014	11	-8.40204959195286
"ME"	2014	12	-13.1429597880282
"ME"	2015	1	-17.9373566199513
"ME"	2015	2	-19.4881496022808
"ME"	2015	3	-8.29691704559534
"ME"	2015	4	0.126527669469694
"ME"	2015	5	8.24704496232088
"ME"	2015	6	14.0463353705501
"ME"	2015	7	16.4513716225764
"ME"	2015	8	17.1334884149519
"ME"	2015	9	12.0189474159356
"ME"	2015	10	1.48311586603739
"ME"	2015	11	-4.44268733727207
"ME"	2015	12	-8.88900744960386
"ME"	2016	1	-13.6639512486225
"ME"	2016	2	-13.5546404731709
"ME"	2016	3	-8.05383410377141
"ME"	2016	4	-0.297625968917607
"ME"	2016	5	8.79156122101617
"ME"	2016	6	14.6201135502754
"ME"	2016	7	17.5949155017145
"ME"	2016	8	16.9043334553478
"ME"	2016	9	10.4367045814289
"ME"	2016	10	3.50256436032448
"ME"	2016	11	-2.42355639526454
"ME"	2016	12	-14.2318220098535
