"MN"	1901	1	48.9845044778119
"MN"	1901	2	61.5823081604007
"MN"	1901	3	56.0588866389479
"MN"	1901	4	47.0850589857514
"MN"	1901	5	49.9297874255092
"MN"	1901	6	96.9852523587646
"MN"	1901	7	61.2452792046383
"MN"	1901	8	81.0609415479609
"MN"	1901	9	68.3467887690506
"MN"	1901	10	114.241626737672
"MN"	1901	11	92.2884652660145
"MN"	1901	12	101.974043699998
"MN"	1902	1	91.5415314081521
"MN"	1902	2	54.1619150384454
"MN"	1902	3	69.5904924502972
"MN"	1902	4	60.0837770097019
"MN"	1902	5	92.9715585354306
"MN"	1902	6	209.504508675589
"MN"	1902	7	106.684735755324
"MN"	1902	8	184.005514188425
"MN"	1902	9	127.433225747507
"MN"	1902	10	87.7559963256833
"MN"	1902	11	70.3700604701196
"MN"	1902	12	66.9736595043424
"MN"	1903	1	78.9547322542073
"MN"	1903	2	89.0128397590754
"MN"	1903	3	64.1424831314914
"MN"	1903	4	85.2608965871051
"MN"	1903	5	27.2440978295419
"MN"	1903	6	58.882890121358
"MN"	1903	7	157.354876864041
"MN"	1903	8	116.447286246415
"MN"	1903	9	44.669760372936
"MN"	1903	10	55.0760649780595
"MN"	1903	11	63.1175903584485
"MN"	1903	12	69.7568289998333
"MN"	1904	1	67.1839189811502
"MN"	1904	2	61.117470220054
"MN"	1904	3	84.8142776805257
"MN"	1904	4	46.8955372872072
"MN"	1904	5	122.050764623783
"MN"	1904	6	53.8243854873263
"MN"	1904	7	145.803572020623
"MN"	1904	8	120.867955820129
"MN"	1904	9	115.653809986338
"MN"	1904	10	82.7192628381377
"MN"	1904	11	76.9837485215685
"MN"	1904	12	53.7286723384939
"MN"	1905	1	48.1585480713457
"MN"	1905	2	55.8571644236357
"MN"	1905	3	23.6832719896148
"MN"	1905	4	45.940524775962
"MN"	1905	5	63.7305641312551
"MN"	1905	6	77.8928140739035
"MN"	1905	7	68.5939008161454
"MN"	1905	8	68.4313862333827
"MN"	1905	9	148.505957320079
"MN"	1905	10	54.6380543294676
"MN"	1905	11	68.6052709942508
"MN"	1905	12	47.8414121533443
"MN"	1906	1	50.9853154800184
"MN"	1906	2	28.2405694468136
"MN"	1906	3	91.3183235651228
"MN"	1906	4	64.0331985819958
"MN"	1906	5	61.3450758861291
"MN"	1906	6	67.0114676283236
"MN"	1906	7	30.4079789202961
"MN"	1906	8	84.9500606937817
"MN"	1906	9	183.94785287504
"MN"	1906	10	107.389856382683
"MN"	1906	11	91.0054119403949
"MN"	1906	12	64.1396715051704
"MN"	1907	1	44.1900535837138
"MN"	1907	2	38.753320663306
"MN"	1907	3	56.5073845148189
"MN"	1907	4	70.3635154580216
"MN"	1907	5	69.8714282374468
"MN"	1907	6	133.558229563032
"MN"	1907	7	238.953331480371
"MN"	1907	8	169.316879756391
"MN"	1907	9	136.689780073153
"MN"	1907	10	120.105724610129
"MN"	1907	11	46.8151140624933
"MN"	1907	12	82.2788976165372
"MN"	1908	1	47.873395963664
"MN"	1908	2	72.7175945223645
"MN"	1908	3	53.9154524616046
"MN"	1908	4	78.6702368729106
"MN"	1908	5	89.3118097467119
"MN"	1908	6	147.234562037595
"MN"	1908	7	61.8016006282649
"MN"	1908	8	120.729230370086
"MN"	1908	9	51.439718957635
"MN"	1908	10	76.0980397666335
"MN"	1908	11	75.0799685696341
"MN"	1908	12	75.4204204121869
"MN"	1909	1	38.9728524618503
"MN"	1909	2	66.3523457399634
"MN"	1909	3	80.5658886878482
"MN"	1909	4	32.7469855655367
"MN"	1909	5	81.3782311576366
"MN"	1909	6	149.631876827847
"MN"	1909	7	207.617067520695
"MN"	1909	8	121.204144402045
"MN"	1909	9	165.384058703345
"MN"	1909	10	86.216004650105
"MN"	1909	11	111.869521107022
"MN"	1909	12	63.7533245130013
"MN"	1910	1	53.5747361900026
"MN"	1910	2	62.8679059077698
"MN"	1910	3	44.3819275331392
"MN"	1910	4	60.4039313953994
"MN"	1910	5	61.2368215689755
"MN"	1910	6	129.300212409451
"MN"	1910	7	188.12614342604
"MN"	1910	8	91.2880353612654
"MN"	1910	9	86.2685685254106
"MN"	1910	10	114.694558838552
"MN"	1910	11	140.121472544592
"MN"	1910	12	64.4940267417042
"MN"	1911	1	73.2460967332848
"MN"	1911	2	32.1112202602562
"MN"	1911	3	29.9007514713399
"MN"	1911	4	30.2782257090812
"MN"	1911	5	52.7964531729655
"MN"	1911	6	141.098344633654
"MN"	1911	7	166.109252332606
"MN"	1911	8	53.6300735190945
"MN"	1911	9	68.5126801798593
"MN"	1911	10	44.1473399791375
"MN"	1911	11	76.139568234901
"MN"	1911	12	74.7008068032189
"MN"	1912	1	68.3543977869867
"MN"	1912	2	44.4761355778827
"MN"	1912	3	59.705410916176
"MN"	1912	4	61.2788307140646
"MN"	1912	5	109.457875200249
"MN"	1912	6	96.2129894771587
"MN"	1912	7	144.634755145699
"MN"	1912	8	122.024462921381
"MN"	1912	9	57.8418068430528
"MN"	1912	10	109.809520867543
"MN"	1912	11	91.0352974112936
"MN"	1912	12	59.9827025915592
"MN"	1913	1	72.8911306925196
"MN"	1913	2	32.940117758024
"MN"	1913	3	71.6002453533374
"MN"	1913	4	50.0486626677278
"MN"	1913	5	56.6868135402917
"MN"	1913	6	87.2320484787414
"MN"	1913	7	163.780433952328
"MN"	1913	8	95.5508474913407
"MN"	1913	9	58.0392528523843
"MN"	1913	10	108.531592381272
"MN"	1913	11	61.1089926988399
"MN"	1913	12	56.8688897946516
"MN"	1914	1	31.0550027775708
"MN"	1914	2	51.8949094998776
"MN"	1914	3	35.2341725910392
"MN"	1914	4	51.0253031270702
"MN"	1914	5	74.9196542999194
"MN"	1914	6	85.7030865910799
"MN"	1914	7	86.8457463717628
"MN"	1914	8	74.6638521527357
"MN"	1914	9	61.9523363331191
"MN"	1914	10	81.4396763536604
"MN"	1914	11	101.915804579174
"MN"	1914	12	43.4168581583737
"MN"	1915	1	44.1388667104808
"MN"	1915	2	55.0412235063867
"MN"	1915	3	68.0614926317693
"MN"	1915	4	45.3930571093372
"MN"	1915	5	98.7916529726805
"MN"	1915	6	72.258184131032
"MN"	1915	7	88.7081628227498
"MN"	1915	8	105.067324190256
"MN"	1915	9	163.136549997894
"MN"	1915	10	74.4860389165051
"MN"	1915	11	96.044276427879
"MN"	1915	12	90.4046187994338
"MN"	1916	1	56.8643325775302
"MN"	1916	2	53.1569149424869
"MN"	1916	3	29.0689894288539
"MN"	1916	4	18.1320292473236
"MN"	1916	5	76.6593683414928
"MN"	1916	6	87.3832481670274
"MN"	1916	7	47.8032400973979
"MN"	1916	8	90.4756127096215
"MN"	1916	9	128.956055421013
"MN"	1916	10	86.509419970332
"MN"	1916	11	91.9924388161228
"MN"	1916	12	112.676888721488
"MN"	1917	1	47.8686262130729
"MN"	1917	2	51.2266274451418
"MN"	1917	3	35.7912517228887
"MN"	1917	4	76.7255541979141
"MN"	1917	5	76.8174225044221
"MN"	1917	6	141.441668489864
"MN"	1917	7	75.5554303091695
"MN"	1917	8	131.233455318888
"MN"	1917	9	60.0730835756507
"MN"	1917	10	121.620710432494
"MN"	1917	11	56.2469590140054
"MN"	1917	12	37.8424867042939
"MN"	1918	1	67.0306002224816
"MN"	1918	2	52.040096909653
"MN"	1918	3	26.2138834919513
"MN"	1918	4	32.6170211539495
"MN"	1918	5	101.751143623556
"MN"	1918	6	135.689127536947
"MN"	1918	7	160.771282602686
"MN"	1918	8	84.3799090729217
"MN"	1918	9	179.966829764022
"MN"	1918	10	53.0107286345557
"MN"	1918	11	52.5892921209529
"MN"	1918	12	54.3249442937092
"MN"	1919	1	66.9702991144299
"MN"	1919	2	48.3751997053176
"MN"	1919	3	68.2437840696254
"MN"	1919	4	90.6878372177186
"MN"	1919	5	44.2978454244492
"MN"	1919	6	48.7386038250721
"MN"	1919	7	108.329948570933
"MN"	1919	8	104.869112110509
"MN"	1919	9	95.0542288140313
"MN"	1919	10	64.7841100557858
"MN"	1919	11	54.532867430398
"MN"	1919	12	39.0499284678166
"MN"	1920	1	45.4818524832021
"MN"	1920	2	79.8819911700222
"MN"	1920	3	66.8386834405017
"MN"	1920	4	88.5495232348757
"MN"	1920	5	22.8020935930943
"MN"	1920	6	47.8932251207548
"MN"	1920	7	140.636025872058
"MN"	1920	8	121.287839331953
"MN"	1920	9	66.4255731182545
"MN"	1920	10	68.8524934799747
"MN"	1920	11	34.8653952840921
"MN"	1920	12	89.2404920103833
"MN"	1921	1	70.4015204316115
"MN"	1921	2	16.308913606725
"MN"	1921	3	68.8528173864913
"MN"	1921	4	37.6720419484182
"MN"	1921	5	33.6540242992844
"MN"	1921	6	57.9882091597763
"MN"	1921	7	82.5991889387709
"MN"	1921	8	110.1696803874
"MN"	1921	9	106.455588999951
"MN"	1921	10	131.717567851329
"MN"	1921	11	51.8021785509007
"MN"	1921	12	44.6077044522596
"MN"	1922	1	56.5424582708003
"MN"	1922	2	42.0001890256089
"MN"	1922	3	42.8173084165058
"MN"	1922	4	34.8020082643642
"MN"	1922	5	47.3211705936594
"MN"	1922	6	192.116328616271
"MN"	1922	7	104.835178145336
"MN"	1922	8	86.0556154312607
"MN"	1922	9	49.7203026376931
"MN"	1922	10	90.099163423772
"MN"	1922	11	48.6027809962184
"MN"	1922	12	54.6516376934595
"MN"	1923	1	78.3207941827604
"MN"	1923	2	21.3722614573277
"MN"	1923	3	75.7325009503991
"MN"	1923	4	61.969448131546
"MN"	1923	5	113.997323562838
"MN"	1923	6	84.7476934500918
"MN"	1923	7	76.3381965507539
"MN"	1923	8	134.144981591344
"MN"	1923	9	67.9774357351655
"MN"	1923	10	118.042708117034
"MN"	1923	11	104.041355376575
"MN"	1923	12	58.721919079716
"MN"	1924	1	67.7808663226244
"MN"	1924	2	41.634387376968
"MN"	1924	3	42.6389951477953
"MN"	1924	4	70.2869269151183
"MN"	1924	5	111.741940177019
"MN"	1924	6	88.5137308568074
"MN"	1924	7	144.04729841321
"MN"	1924	8	114.489353091547
"MN"	1924	9	172.18648874549
"MN"	1924	10	32.8445875569098
"MN"	1924	11	77.7698303542629
"MN"	1924	12	46.4468103673458
"MN"	1925	1	51.4106811259295
"MN"	1925	2	74.5905926511517
"MN"	1925	3	82.2905254846661
"MN"	1925	4	76.0490047209286
"MN"	1925	5	60.1031069354574
"MN"	1925	6	68.2895999111845
"MN"	1925	7	199.583579824866
"MN"	1925	8	60.3048245753021
"MN"	1925	9	112.1735409938
"MN"	1925	10	97.4404979977973
"MN"	1925	11	108.266309857059
"MN"	1925	12	60.9020761367132
"MN"	1926	1	29.2976043171006
"MN"	1926	2	43.7460029411545
"MN"	1926	3	50.1311316360942
"MN"	1926	4	41.8176226846696
"MN"	1926	5	67.0458134840232
"MN"	1926	6	92.6722348737083
"MN"	1926	7	90.6853751878621
"MN"	1926	8	155.206520338168
"MN"	1926	9	86.8312278777803
"MN"	1926	10	112.038724497612
"MN"	1926	11	100.834338862168
"MN"	1926	12	47.8775982685382
"MN"	1927	1	59.4165331971289
"MN"	1927	2	41.0698492332717
"MN"	1927	3	33.393744024128
"MN"	1927	4	62.5982650640105
"MN"	1927	5	117.993291730737
"MN"	1927	6	69.0481230025583
"MN"	1927	7	124.917949996925
"MN"	1927	8	121.348673042968
"MN"	1927	9	100.015839676521
"MN"	1927	10	114.33792293041
"MN"	1927	11	170.137880891598
"MN"	1927	12	98.036387855817
"MN"	1928	1	69.8427920072938
"MN"	1928	2	37.7408230329369
"MN"	1928	3	51.404046072873
"MN"	1928	4	56.6921579034496
"MN"	1928	5	83.309250301732
"MN"	1928	6	92.742577571118
"MN"	1928	7	107.042647063236
"MN"	1928	8	95.7129691401676
"MN"	1928	9	82.7062354832135
"MN"	1928	10	98.274321711017
"MN"	1928	11	59.155196226897
"MN"	1928	12	88.9395997326875
"MN"	1929	1	69.4227557234359
"MN"	1929	2	30.2809867767022
"MN"	1929	3	68.400786521706
"MN"	1929	4	77.9917707277866
"MN"	1929	5	62.4602078661463
"MN"	1929	6	130.318437667429
"MN"	1929	7	154.651512763748
"MN"	1929	8	144.954154059174
"MN"	1929	9	78.0103813307358
"MN"	1929	10	106.041057084084
"MN"	1929	11	65.9511815337418
"MN"	1929	12	80.9501178195568
"MN"	1930	1	63.8169964433738
"MN"	1930	2	42.9440049639407
"MN"	1930	3	81.1646319266598
"MN"	1930	4	48.7030297089744
"MN"	1930	5	72.3682485553708
"MN"	1930	6	168.808029700494
"MN"	1930	7	142.906127835886
"MN"	1930	8	137.594449315324
"MN"	1930	9	128.263468555573
"MN"	1930	10	24.1366945773583
"MN"	1930	11	67.3212511936903
"MN"	1930	12	45.6422827715712
"MN"	1931	1	68.1562935039066
"MN"	1931	2	35.3201390943825
"MN"	1931	3	31.5398199392392
"MN"	1931	4	38.7884589507541
"MN"	1931	5	68.0690851437927
"MN"	1931	6	103.173197088897
"MN"	1931	7	153.899346600558
"MN"	1931	8	72.3327335147349
"MN"	1931	9	161.161957798459
"MN"	1931	10	101.648419620638
"MN"	1931	11	51.7996212728454
"MN"	1931	12	72.6194281558918
"MN"	1932	1	60.8516882598041
"MN"	1932	2	40.0923751248254
"MN"	1932	3	107.963951572605
"MN"	1932	4	60.9399612133949
"MN"	1932	5	31.1201986422433
"MN"	1932	6	105.385173645036
"MN"	1932	7	172.070663422636
"MN"	1932	8	194.460832200686
"MN"	1932	9	136.472616514475
"MN"	1932	10	99.4390825953479
"MN"	1932	11	73.3346362510577
"MN"	1932	12	60.1978439546036
"MN"	1933	1	71.0593253829619
"MN"	1933	2	79.1907131064781
"MN"	1933	3	71.0461351893843
"MN"	1933	4	85.1074654104435
"MN"	1933	5	97.546947872708
"MN"	1933	6	121.920209106652
"MN"	1933	7	76.6129269037378
"MN"	1933	8	97.7317179808948
"MN"	1933	9	134.790060529867
"MN"	1933	10	68.957877453546
"MN"	1933	11	125.46118726386
"MN"	1933	12	88.6082913486263
"MN"	1934	1	50.7906306336117
"MN"	1934	2	65.4601820487503
"MN"	1934	3	62.0015282230139
"MN"	1934	4	78.4830175143384
"MN"	1934	5	52.5165052940122
"MN"	1934	6	142.463973492457
"MN"	1934	7	103.62772160522
"MN"	1934	8	98.5256632911341
"MN"	1934	9	64.8759651755355
"MN"	1934	10	74.4408376003394
"MN"	1934	11	77.4594030216478
"MN"	1934	12	60.864263226454
"MN"	1935	1	65.1426554364955
"MN"	1935	2	34.7491523314168
"MN"	1935	3	58.3462992099719
"MN"	1935	4	50.7758572403197
"MN"	1935	5	33.4951761135282
"MN"	1935	6	128.109650501496
"MN"	1935	7	135.800656321115
"MN"	1935	8	71.3958497079332
"MN"	1935	9	85.4547632783844
"MN"	1935	10	86.9322408338247
"MN"	1935	11	66.9376760975843
"MN"	1935	12	56.1276245755849
"MN"	1936	1	82.2900602279872
"MN"	1936	2	57.9847441620115
"MN"	1936	3	52.96061304373
"MN"	1936	4	78.1450793398652
"MN"	1936	5	136.324403837232
"MN"	1936	6	133.131710779175
"MN"	1936	7	124.282306971356
"MN"	1936	8	86.6955094544603
"MN"	1936	9	73.0342469026244
"MN"	1936	10	112.375716062842
"MN"	1936	11	70.4435618630881
"MN"	1936	12	74.881038603207
"MN"	1937	1	63.3739166424958
"MN"	1937	2	62.61028142757
"MN"	1937	3	46.991413129317
"MN"	1937	4	21.5891587972339
"MN"	1937	5	69.1069592733012
"MN"	1937	6	119.148169618101
"MN"	1937	7	103.706367172549
"MN"	1937	8	151.448294628153
"MN"	1937	9	128.933332689545
"MN"	1937	10	127.92388727519
"MN"	1937	11	108.075598651099
"MN"	1937	12	53.5817052499124
"MN"	1938	1	52.7703272794196
"MN"	1938	2	35.9913043404536
"MN"	1938	3	37.3375608734003
"MN"	1938	4	69.0319884051211
"MN"	1938	5	50.8856674583343
"MN"	1938	6	84.0009099949858
"MN"	1938	7	144.063907032975
"MN"	1938	8	172.065422062869
"MN"	1938	9	106.212094090154
"MN"	1938	10	38.9656198822808
"MN"	1938	11	56.6186365507629
"MN"	1938	12	78.8145779013198
"MN"	1939	1	42.9939605674109
"MN"	1939	2	85.2039729684906
"MN"	1939	3	44.2190041047809
"MN"	1939	4	37.3047451392903
"MN"	1939	5	63.611281240853
"MN"	1939	6	87.1084190149973
"MN"	1939	7	175.087804979908
"MN"	1939	8	124.362903972583
"MN"	1939	9	112.461474461611
"MN"	1939	10	105.339484132279
"MN"	1939	11	29.8173244965488
"MN"	1939	12	64.221182967865
"MN"	1940	1	57.4412792047128
"MN"	1940	2	35.0151343410299
"MN"	1940	3	71.9829625890306
"MN"	1940	4	51.2225662704086
"MN"	1940	5	74.4205554218062
"MN"	1940	6	159.729896040682
"MN"	1940	7	77.2033736982595
"MN"	1940	8	76.0842211494235
"MN"	1940	9	109.545037810787
"MN"	1940	10	77.0611757972935
"MN"	1940	11	125.166274888369
"MN"	1940	12	71.8544249830036
"MN"	1941	1	44.5767974740773
"MN"	1941	2	49.3152498327883
"MN"	1941	3	72.2876609150046
"MN"	1941	4	66.4875659971246
"MN"	1941	5	48.1359916928971
"MN"	1941	6	98.2080868410837
"MN"	1941	7	102.768822747469
"MN"	1941	8	134.891089853609
"MN"	1941	9	161.294924855603
"MN"	1941	10	135.48647375367
"MN"	1941	11	114.929185157194
"MN"	1941	12	71.4582096797259
"MN"	1942	1	47.6898310445779
"MN"	1942	2	103.821613218828
"MN"	1942	3	70.8649633737389
"MN"	1942	4	45.8134044275011
"MN"	1942	5	51.1136284524587
"MN"	1942	6	148.634838804964
"MN"	1942	7	123.727864026696
"MN"	1942	8	73.406687374322
"MN"	1942	9	110.423207627875
"MN"	1942	10	88.6715421301849
"MN"	1942	11	60.8566084508865
"MN"	1942	12	82.7412414698945
"MN"	1943	1	42.5473274165209
"MN"	1943	2	49.6874900420607
"MN"	1943	3	59.239153768049
"MN"	1943	4	60.9207708009314
"MN"	1943	5	56.1404356662581
"MN"	1943	6	102.689549860931
"MN"	1943	7	117.803607534058
"MN"	1943	8	147.474287265212
"MN"	1943	9	42.2314995431664
"MN"	1943	10	117.6214559231
"MN"	1943	11	57.9060681804241
"MN"	1943	12	46.4954123437041
"MN"	1944	1	36.2637328329738
"MN"	1944	2	67.4510299603166
"MN"	1944	3	60.5609159734352
"MN"	1944	4	35.611366895898
"MN"	1944	5	73.5235773070239
"MN"	1944	6	84.5120101035034
"MN"	1944	7	114.582134259657
"MN"	1944	8	110.13416080353
"MN"	1944	9	113.052238995852
"MN"	1944	10	88.1280630369296
"MN"	1944	11	59.111807683825
"MN"	1944	12	76.7226967520483
"MN"	1945	1	101.021406251864
"MN"	1945	2	46.7481787996361
"MN"	1945	3	57.4098662489853
"MN"	1945	4	77.6660496250132
"MN"	1945	5	92.9761676159268
"MN"	1945	6	112.532454104948
"MN"	1945	7	139.029065316369
"MN"	1945	8	77.4358535120182
"MN"	1945	9	130.416266300762
"MN"	1945	10	91.5490231588397
"MN"	1945	11	69.8395962901405
"MN"	1945	12	71.363587780955
"MN"	1946	1	67.9704750495147
"MN"	1946	2	70.5636522950136
"MN"	1946	3	62.4779018167258
"MN"	1946	4	64.6820721283089
"MN"	1946	5	75.5403694061795
"MN"	1946	6	76.7664289893951
"MN"	1946	7	119.728485160579
"MN"	1946	8	66.4460228204754
"MN"	1946	9	72.5004033071864
"MN"	1946	10	72.5518554046534
"MN"	1946	11	62.5849995396022
"MN"	1946	12	88.3476697024474
"MN"	1947	1	46.9791425646764
"MN"	1947	2	70.3772754234579
"MN"	1947	3	58.6206555354518
"MN"	1947	4	63.1917810324828
"MN"	1947	5	124.111465567244
"MN"	1947	6	81.2488187655145
"MN"	1947	7	139.568534643204
"MN"	1947	8	72.2780184505492
"MN"	1947	9	102.724716024288
"MN"	1947	10	43.9532534740701
"MN"	1947	11	95.8137029562796
"MN"	1947	12	54.9601253838924
"MN"	1948	1	32.5017598893267
"MN"	1948	2	27.6182343110387
"MN"	1948	3	35.4052585085906
"MN"	1948	4	60.056808268876
"MN"	1948	5	105.057222693916
"MN"	1948	6	73.7301485238951
"MN"	1948	7	103.899336461621
"MN"	1948	8	124.530100393101
"MN"	1948	9	90.8212147149047
"MN"	1948	10	76.7368129298182
"MN"	1948	11	95.1753986602561
"MN"	1948	12	54.8686343215278
"MN"	1949	1	52.6283034385317
"MN"	1949	2	37.9110693874563
"MN"	1949	3	62.2530786961532
"MN"	1949	4	42.6786878816704
"MN"	1949	5	111.752177440776
"MN"	1949	6	118.394815578549
"MN"	1949	7	91.5909161712636
"MN"	1949	8	156.408069306062
"MN"	1949	9	102.610047655479
"MN"	1949	10	75.4540649931893
"MN"	1949	11	71.4322972317113
"MN"	1949	12	45.9521024083802
"MN"	1950	1	62.371232759345
"MN"	1950	2	60.2397632168979
"MN"	1950	3	44.1942193781471
"MN"	1950	4	65.9060612330634
"MN"	1950	5	41.9863363611091
"MN"	1950	6	166.55538562031
"MN"	1950	7	122.465692540356
"MN"	1950	8	75.0050711921429
"MN"	1950	9	55.4369525728245
"MN"	1950	10	113.523119034778
"MN"	1950	11	158.570881528912
"MN"	1950	12	79.3672556786424
"MN"	1951	1	82.01293986725
"MN"	1951	2	69.5219744021191
"MN"	1951	3	62.7133055471458
"MN"	1951	4	74.9344348173071
"MN"	1951	5	60.8316694683486
"MN"	1951	6	68.8474676679634
"MN"	1951	7	144.228978457574
"MN"	1951	8	87.5348127215716
"MN"	1951	9	82.6797907954211
"MN"	1951	10	93.5467555496761
"MN"	1951	11	88.0999695685336
"MN"	1951	12	65.885600628943
"MN"	1952	1	67.4305953772973
"MN"	1952	2	74.9183635019475
"MN"	1952	3	56.2060285179154
"MN"	1952	4	48.0999127482438
"MN"	1952	5	62.3685133124783
"MN"	1952	6	131.876765307928
"MN"	1952	7	118.440158451907
"MN"	1952	8	129.4335260258
"MN"	1952	9	85.2659866956971
"MN"	1952	10	130.48717515686
"MN"	1952	11	31.9960318684502
"MN"	1952	12	37.0954092761736
"MN"	1953	1	80.2105435466899
"MN"	1953	2	69.6670404462753
"MN"	1953	3	86.6501019166286
"MN"	1953	4	84.1083879473353
"MN"	1953	5	40.7040122541845
"MN"	1953	6	80.8609974801695
"MN"	1953	7	133.189331406262
"MN"	1953	8	56.4946814715908
"MN"	1953	9	130.344010102026
"MN"	1953	10	49.0453893586176
"MN"	1953	11	67.5729834468524
"MN"	1953	12	88.6929200009102
"MN"	1954	1	43.9307085848401
"MN"	1954	2	54.0981023224538
"MN"	1954	3	51.3201201386225
"MN"	1954	4	75.1561755090371
"MN"	1954	5	94.0968251827403
"MN"	1954	6	90.5196890651545
"MN"	1954	7	175.058050030374
"MN"	1954	8	147.979260657474
"MN"	1954	9	123.529328706034
"MN"	1954	10	81.6254955729257
"MN"	1954	11	93.2333236912723
"MN"	1954	12	112.240078290691
"MN"	1955	1	76.1401477142484
"MN"	1955	2	48.2162442629064
"MN"	1955	3	114.676209696908
"MN"	1955	4	34.1252732409272
"MN"	1955	5	83.2548491259446
"MN"	1955	6	59.1219042398505
"MN"	1955	7	76.1210271848909
"MN"	1955	8	108.500316163925
"MN"	1955	9	126.163285862462
"MN"	1955	10	53.0854897174241
"MN"	1955	11	64.0467900527008
"MN"	1955	12	46.2261752580846
"MN"	1956	1	65.1108116586244
"MN"	1956	2	38.7786574970809
"MN"	1956	3	37.8998014215206
"MN"	1956	4	44.6201437819478
"MN"	1956	5	64.5848467977357
"MN"	1956	6	84.5614930114981
"MN"	1956	7	125.3759627626
"MN"	1956	8	106.9853038872
"MN"	1956	9	103.975872654104
"MN"	1956	10	68.824254867346
"MN"	1956	11	67.5462381000032
"MN"	1956	12	64.5202096294676
"MN"	1957	1	34.131055833925
"MN"	1957	2	49.4601597055076
"MN"	1957	3	43.1044700231421
"MN"	1957	4	55.1862982827118
"MN"	1957	5	44.3155785651878
"MN"	1957	6	133.933580699934
"MN"	1957	7	102.117340006076
"MN"	1957	8	60.8867494778765
"MN"	1957	9	151.030158592491
"MN"	1957	10	75.0573542385905
"MN"	1957	11	86.3353607359294
"MN"	1957	12	85.2452396930245
"MN"	1958	1	68.5768085363616
"MN"	1958	2	72.075730695164
"MN"	1958	3	22.0287503609051
"MN"	1958	4	62.1572140184223
"MN"	1958	5	71.453288203218
"MN"	1958	6	163.046460390783
"MN"	1958	7	115.727392992919
"MN"	1958	8	155.750392209556
"MN"	1958	9	90.3021861370585
"MN"	1958	10	83.3192212328954
"MN"	1958	11	74.7496754051332
"MN"	1958	12	44.1644441463245
"MN"	1959	1	67.2879226898886
"MN"	1959	2	33.2880328001567
"MN"	1959	3	72.0751883111813
"MN"	1959	4	56.6204404718865
"MN"	1959	5	48.7204780043913
"MN"	1959	6	136.115775821017
"MN"	1959	7	90.2314392456703
"MN"	1959	8	88.3995476141412
"MN"	1959	9	76.1761146807715
"MN"	1959	10	97.578608239554
"MN"	1959	11	119.466061742593
"MN"	1959	12	41.9829028331692
"MN"	1960	1	56.5796942855435
"MN"	1960	2	89.3930546730035
"MN"	1960	3	39.4489396600871
"MN"	1960	4	46.8950523633211
"MN"	1960	5	56.5040114514296
"MN"	1960	6	89.4529889014284
"MN"	1960	7	113.833013187247
"MN"	1960	8	78.8759326425498
"MN"	1960	9	110.790822206251
"MN"	1960	10	70.9354435971421
"MN"	1960	11	98.5027515489061
"MN"	1960	12	55.1331637362327
"MN"	1961	1	48.5305158148224
"MN"	1961	2	41.6347775210046
"MN"	1961	3	58.6435938223649
"MN"	1961	4	25.7418644291526
"MN"	1961	5	75.9726527201211
"MN"	1961	6	111.564372933492
"MN"	1961	7	96.3705720060402
"MN"	1961	8	117.173358878227
"MN"	1961	9	101.737856495371
"MN"	1961	10	56.3841090308499
"MN"	1961	11	56.0608381447048
"MN"	1961	12	58.0646328233199
"MN"	1962	1	71.2054003845355
"MN"	1962	2	28.5917515118798
"MN"	1962	3	22.5289551748423
"MN"	1962	4	62.1486345086275
"MN"	1962	5	72.4477678081395
"MN"	1962	6	81.1640678143882
"MN"	1962	7	114.722511422138
"MN"	1962	8	89.9214199979916
"MN"	1962	9	110.559994825673
"MN"	1962	10	76.6722712921507
"MN"	1962	11	49.0522522182673
"MN"	1962	12	78.9801046253788
"MN"	1963	1	56.192011033158
"MN"	1963	2	44.5224661050326
"MN"	1963	3	44.1047625339349
"MN"	1963	4	61.8358732485879
"MN"	1963	5	66.0632013636056
"MN"	1963	6	88.818308050667
"MN"	1963	7	156.11318372223
"MN"	1963	8	85.1712161004507
"MN"	1963	9	89.0520765471571
"MN"	1963	10	69.4763666947629
"MN"	1963	11	106.558055456567
"MN"	1963	12	31.512435019289
"MN"	1964	1	69.947269637746
"MN"	1964	2	31.8191356770457
"MN"	1964	3	82.3181152540174
"MN"	1964	4	19.4515948032643
"MN"	1964	5	116.904577174169
"MN"	1964	6	154.028514362745
"MN"	1964	7	128.384082009953
"MN"	1964	8	128.668865868265
"MN"	1964	9	74.0190584852025
"MN"	1964	10	84.2081033582141
"MN"	1964	11	70.2805335657186
"MN"	1964	12	67.0056118376048
"MN"	1965	1	53.368216769284
"MN"	1965	2	55.9917084824725
"MN"	1965	3	18.6603355048773
"MN"	1965	4	25.4189977002823
"MN"	1965	5	79.7652532327216
"MN"	1965	6	81.0149477687053
"MN"	1965	7	120.785707893435
"MN"	1965	8	131.251945555283
"MN"	1965	9	101.239678921934
"MN"	1965	10	119.614923809653
"MN"	1965	11	64.6292756416407
"MN"	1965	12	43.031546423941
"MN"	1966	1	58.1395695340026
"MN"	1966	2	31.5122030133943
"MN"	1966	3	65.8656173831699
"MN"	1966	4	39.841435293094
"MN"	1966	5	61.6858817681503
"MN"	1966	6	71.2464552407448
"MN"	1966	7	179.339490515041
"MN"	1966	8	127.60663582067
"MN"	1966	9	105.625788464319
"MN"	1966	10	127.64535741847
"MN"	1966	11	124.106254384199
"MN"	1966	12	67.7512043193068
"MN"	1967	1	55.7157224881308
"MN"	1967	2	44.5420999906974
"MN"	1967	3	17.237520520587
"MN"	1967	4	35.9820587073559
"MN"	1967	5	70.9800248236831
"MN"	1967	6	81.8074953024261
"MN"	1967	7	163.246203624126
"MN"	1967	8	95.6153751625603
"MN"	1967	9	142.380607248788
"MN"	1967	10	109.663579406084
"MN"	1967	11	84.6546037160183
"MN"	1967	12	66.0831942030251
"MN"	1968	1	37.7967804124344
"MN"	1968	2	62.4710502504475
"MN"	1968	3	67.559582334841
"MN"	1968	4	70.608793673773
"MN"	1968	5	14.4401518126232
"MN"	1968	6	84.6996762848228
"MN"	1968	7	111.830699543104
"MN"	1968	8	128.319648759601
"MN"	1968	9	71.9937262569035
"MN"	1968	10	111.984759881485
"MN"	1968	11	51.3295826820523
"MN"	1968	12	96.9322695252544
"MN"	1969	1	86.4571815690614
"MN"	1969	2	58.2154940114183
"MN"	1969	3	60.7749957624639
"MN"	1969	4	45.247578083703
"MN"	1969	5	77.3826240487297
"MN"	1969	6	105.703658183643
"MN"	1969	7	106.500700311514
"MN"	1969	8	129.911646287344
"MN"	1969	9	121.359380364992
"MN"	1969	10	86.7766847311028
"MN"	1969	11	107.018671459241
"MN"	1969	12	92.3495179277045
"MN"	1970	1	41.534738394439
"MN"	1970	2	57.3080832758464
"MN"	1970	3	58.3347133617457
"MN"	1970	4	46.2767256422438
"MN"	1970	5	78.7139970621407
"MN"	1970	6	120.571865279873
"MN"	1970	7	129.316894421105
"MN"	1970	8	122.029176205876
"MN"	1970	9	84.940305538768
"MN"	1970	10	71.8920503189603
"MN"	1970	11	76.5575826450605
"MN"	1970	12	39.4039876759456
"MN"	1971	1	48.3186551198457
"MN"	1971	2	63.5007140987259
"MN"	1971	3	57.6943089604127
"MN"	1971	4	76.7686369084491
"MN"	1971	5	68.4852616851761
"MN"	1971	6	70.8479366968186
"MN"	1971	7	107.574900582955
"MN"	1971	8	148.620866008095
"MN"	1971	9	105.925111776062
"MN"	1971	10	107.909195638873
"MN"	1971	11	79.0694745434493
"MN"	1971	12	66.3406072617347
"MN"	1972	1	58.578245762642
"MN"	1972	2	56.3639205616783
"MN"	1972	3	86.2521494510802
"MN"	1972	4	24.062277334818
"MN"	1972	5	51.3520616250045
"MN"	1972	6	129.470460284522
"MN"	1972	7	100.351754142377
"MN"	1972	8	114.801223435073
"MN"	1972	9	141.46950527888
"MN"	1972	10	88.3468959398567
"MN"	1972	11	64.1582814971391
"MN"	1972	12	67.3233240212455
"MN"	1973	1	63.8190757706582
"MN"	1973	2	71.3260169331532
"MN"	1973	3	62.7515636507784
"MN"	1973	4	93.7923446416854
"MN"	1973	5	97.6409648404309
"MN"	1973	6	86.7041984086477
"MN"	1973	7	127.947811614458
"MN"	1973	8	118.948218402693
"MN"	1973	9	91.6028692395027
"MN"	1973	10	116.046370816805
"MN"	1973	11	72.1248965496208
"MN"	1973	12	143.968787657922
"MN"	1974	1	36.8934183769254
"MN"	1974	2	38.015035610133
"MN"	1974	3	69.2798018843797
"MN"	1974	4	64.6195580765511
"MN"	1974	5	84.5197494350754
"MN"	1974	6	79.2561527990847
"MN"	1974	7	106.020604909939
"MN"	1974	8	111.898413382919
"MN"	1974	9	110.588429054925
"MN"	1974	10	98.4121304882251
"MN"	1974	11	65.1695804544936
"MN"	1974	12	73.9149471867912
"MN"	1975	1	50.8098156275722
"MN"	1975	2	32.665539784568
"MN"	1975	3	69.5291683922529
"MN"	1975	4	57.0118023434433
"MN"	1975	5	45.0566207299611
"MN"	1975	6	117.801808859618
"MN"	1975	7	120.176923959708
"MN"	1975	8	84.6134743195526
"MN"	1975	9	102.247581862493
"MN"	1975	10	52.8754812318908
"MN"	1975	11	79.7209817010324
"MN"	1975	12	61.0814676197391
"MN"	1976	1	61.343718674976
"MN"	1976	2	73.5171765161211
"MN"	1976	3	54.8301474872813
"MN"	1976	4	77.5637670393385
"MN"	1976	5	107.619218202834
"MN"	1976	6	65.9926674941148
"MN"	1976	7	121.561219472142
"MN"	1976	8	121.470569058837
"MN"	1976	9	100.961782401782
"MN"	1976	10	113.040208865579
"MN"	1976	11	64.1932113538193
"MN"	1976	12	94.0949403542391
"MN"	1977	1	61.7327932898104
"MN"	1977	2	61.5368743000784
"MN"	1977	3	44.7710014569373
"MN"	1977	4	55.5292012722967
"MN"	1977	5	47.8591401632173
"MN"	1977	6	120.471165319107
"MN"	1977	7	121.696308214127
"MN"	1977	8	117.392527814821
"MN"	1977	9	79.1521091348973
"MN"	1977	10	81.8067799111753
"MN"	1977	11	92.6726392360291
"MN"	1977	12	49.7669543050978
"MN"	1978	1	65.4081792316614
"MN"	1978	2	47.5922768621473
"MN"	1978	3	75.4748320370602
"MN"	1978	4	52.2698229525809
"MN"	1978	5	78.5476757858529
"MN"	1978	6	162.735766589081
"MN"	1978	7	114.785902954613
"MN"	1978	8	104.470145222519
"MN"	1978	9	91.6881213174435
"MN"	1978	10	92.9799064430915
"MN"	1978	11	65.359908258871
"MN"	1978	12	97.7374352350857
"MN"	1979	1	73.8239337937766
"MN"	1979	2	47.0741668988319
"MN"	1979	3	88.7369693510769
"MN"	1979	4	70.9551065155576
"MN"	1979	5	96.0350790645178
"MN"	1979	6	150.761574926762
"MN"	1979	7	155.967109149639
"MN"	1979	8	115.970921304927
"MN"	1979	9	117.511588763003
"MN"	1979	10	84.3786064974469
"MN"	1979	11	69.6458395829322
"MN"	1979	12	61.1421914859465
"MN"	1980	1	71.7160499814801
"MN"	1980	2	27.7380711813519
"MN"	1980	3	87.1979950336148
"MN"	1980	4	54.7289319469809
"MN"	1980	5	66.2215521777745
"MN"	1980	6	104.647951179636
"MN"	1980	7	150.72593588172
"MN"	1980	8	87.1863152553194
"MN"	1980	9	123.817788097213
"MN"	1980	10	97.7553821751985
"MN"	1980	11	67.6107406641656
"MN"	1980	12	78.8525999173838
"MN"	1981	1	68.6486688280329
"MN"	1981	2	79.9209665266627
"MN"	1981	3	53.2767728912129
"MN"	1981	4	78.552795862241
"MN"	1981	5	104.472660588545
"MN"	1981	6	122.516197075968
"MN"	1981	7	105.299612754735
"MN"	1981	8	102.33711813669
"MN"	1981	9	83.2992948864679
"MN"	1981	10	94.7767360964841
"MN"	1981	11	70.1430326578081
"MN"	1981	12	58.1677073288747
"MN"	1982	1	51.1725171987769
"MN"	1982	2	29.4613048426859
"MN"	1982	3	53.5009769391444
"MN"	1982	4	110.196765636121
"MN"	1982	5	39.9963195925114
"MN"	1982	6	121.986291915598
"MN"	1982	7	104.996605607935
"MN"	1982	8	110.430714760461
"MN"	1982	9	86.6044590008336
"MN"	1982	10	51.0177936853368
"MN"	1982	11	89.7574375221718
"MN"	1982	12	76.6950599296534
"MN"	1983	1	60.3956873036173
"MN"	1983	2	80.9990645745016
"MN"	1983	3	98.0558834242569
"MN"	1983	4	90.7356377591793
"MN"	1983	5	93.2056655064925
"MN"	1983	6	80.5591225931102
"MN"	1983	7	97.1535724587033
"MN"	1983	8	90.6833270208074
"MN"	1983	9	135.369166795299
"MN"	1983	10	79.2707693290994
"MN"	1983	11	126.07189609422
"MN"	1983	12	84.1022441027038
"MN"	1984	1	40.9661011792374
"MN"	1984	2	62.1914827965295
"MN"	1984	3	48.9683822592325
"MN"	1984	4	31.0287076061284
"MN"	1984	5	101.844625016258
"MN"	1984	6	99.4199665166732
"MN"	1984	7	147.457660810137
"MN"	1984	8	93.3734076758499
"MN"	1984	9	90.7030513578891
"MN"	1984	10	45.0736702652028
"MN"	1984	11	87.4172004965863
"MN"	1984	12	57.9287634086372
"MN"	1985	1	40.6047327067268
"MN"	1985	2	60.6111687130745
"MN"	1985	3	54.2790451873016
"MN"	1985	4	35.7296536920582
"MN"	1985	5	78.9178913215443
"MN"	1985	6	93.0185934769217
"MN"	1985	7	144.719094119958
"MN"	1985	8	84.7752138458038
"MN"	1985	9	91.8630782122199
"MN"	1985	10	83.4759929559482
"MN"	1985	11	51.2760963143492
"MN"	1985	12	45.2597899360815
"MN"	1986	1	84.3687378375529
"MN"	1986	2	36.5476591172444
"MN"	1986	3	40.8027756811879
"MN"	1986	4	71.8712015726189
"MN"	1986	5	67.0806171815771
"MN"	1986	6	142.918211803305
"MN"	1986	7	124.288868341809
"MN"	1986	8	125.355635422136
"MN"	1986	9	115.325440814201
"MN"	1986	10	77.5398269299954
"MN"	1986	11	70.4132306765753
"MN"	1986	12	42.5847504922008
"MN"	1987	1	40.9554171420986
"MN"	1987	2	17.6091385901181
"MN"	1987	3	37.5862128712822
"MN"	1987	4	40.069115434523
"MN"	1987	5	67.6002565353474
"MN"	1987	6	122.675957107418
"MN"	1987	7	114.127176583506
"MN"	1987	8	99.706116281248
"MN"	1987	9	109.152276238857
"MN"	1987	10	90.2982812783595
"MN"	1987	11	89.5831959517513
"MN"	1987	12	55.6755740730622
"MN"	1988	1	69.0634193733023
"MN"	1988	2	80.6883807207623
"MN"	1988	3	56.4596936208138
"MN"	1988	4	60.1203662572274
"MN"	1988	5	60.1925318623915
"MN"	1988	6	146.590496662218
"MN"	1988	7	82.0827085907067
"MN"	1988	8	119.188766867436
"MN"	1988	9	133.662713795754
"MN"	1988	10	91.2528322917206
"MN"	1988	11	75.4420674181986
"MN"	1988	12	58.7364863053662
"MN"	1989	1	52.3112085388602
"MN"	1989	2	25.2856034250966
"MN"	1989	3	45.0555038917443
"MN"	1989	4	51.8840237389079
"MN"	1989	5	79.0196526464788
"MN"	1989	6	98.2809588864019
"MN"	1989	7	70.1804199256889
"MN"	1989	8	126.778286286912
"MN"	1989	9	81.064121647771
"MN"	1989	10	94.1380432122497
"MN"	1989	11	77.2095579089376
"MN"	1989	12	53.8317151533198
"MN"	1990	1	62.884355203606
"MN"	1990	2	49.2359007839923
"MN"	1990	3	28.3117650514996
"MN"	1990	4	42.4731509666548
"MN"	1990	5	72.5024515135422
"MN"	1990	6	94.53620614287
"MN"	1990	7	95.942914524426
"MN"	1990	8	89.2191308622599
"MN"	1990	9	143.957656407467
"MN"	1990	10	124.727519261367
"MN"	1990	11	109.343602583658
"MN"	1990	12	85.4249744089103
"MN"	1991	1	42.4005693357081
"MN"	1991	2	36.2160481921313
"MN"	1991	3	86.6126639754189
"MN"	1991	4	39.4008397983414
"MN"	1991	5	69.4061258367516
"MN"	1991	6	65.9734199529444
"MN"	1991	7	102.323133144241
"MN"	1991	8	133.31925699438
"MN"	1991	9	73.2339856085222
"MN"	1991	10	153.780823052726
"MN"	1991	11	57.7495711839314
"MN"	1991	12	53.5190013830392
"MN"	1992	1	78.0965375808549
"MN"	1992	2	40.8567138267917
"MN"	1992	3	47.7040766333383
"MN"	1992	4	61.2878269848124
"MN"	1992	5	44.4337569508487
"MN"	1992	6	151.366930437428
"MN"	1992	7	142.180254222756
"MN"	1992	8	151.704557351242
"MN"	1992	9	106.646828908327
"MN"	1992	10	81.7707000623621
"MN"	1992	11	51.6220262880879
"MN"	1992	12	42.1936896205588
"MN"	1993	1	37.4546525206611
"MN"	1993	2	56.1230154273791
"MN"	1993	3	33.9021348766957
"MN"	1993	4	62.0997047336356
"MN"	1993	5	96.9895813897721
"MN"	1993	6	104.676957395904
"MN"	1993	7	122.273628735961
"MN"	1993	8	145.544259226758
"MN"	1993	9	116.284488196443
"MN"	1993	10	109.414463188319
"MN"	1993	11	67.3854172473559
"MN"	1993	12	63.9096839162952
"MN"	1994	1	69.9664064031728
"MN"	1994	2	47.9135894027812
"MN"	1994	3	58.6258610575469
"MN"	1994	4	59.4717439071694
"MN"	1994	5	74.1087986120575
"MN"	1994	6	138.258167053395
"MN"	1994	7	155.597987197966
"MN"	1994	8	128.274802944644
"MN"	1994	9	113.203014193377
"MN"	1994	10	42.4830209771629
"MN"	1994	11	128.001580059257
"MN"	1994	12	56.5781476519977
"MN"	1995	1	93.0179218098401
"MN"	1995	2	77.6287135762216
"MN"	1995	3	70.3540963407751
"MN"	1995	4	72.3605609677127
"MN"	1995	5	69.905941561801
"MN"	1995	6	60.2802590216866
"MN"	1995	7	124.691751360784
"MN"	1995	8	83.9699611848641
"MN"	1995	9	103.809490568814
"MN"	1995	10	112.748471676285
"MN"	1995	11	95.7728811036919
"MN"	1995	12	57.2646490447068
"MN"	1996	1	70.4210765130461
"MN"	1996	2	85.7579492499288
"MN"	1996	3	61.3615877094986
"MN"	1996	4	109.008969923523
"MN"	1996	5	62.5622602486405
"MN"	1996	6	74.8339361578881
"MN"	1996	7	212.097824777038
"MN"	1996	8	68.2431653011915
"MN"	1996	9	61.9121859028217
"MN"	1996	10	87.9750136907219
"MN"	1996	11	84.8784434836125
"MN"	1996	12	88.8784661077421
"MN"	1997	1	87.6284897512896
"MN"	1997	2	45.893687522232
"MN"	1997	3	50.7754360501437
"MN"	1997	4	25.9930116366395
"MN"	1997	5	123.451365553592
"MN"	1997	6	85.9946291361024
"MN"	1997	7	103.137343911771
"MN"	1997	8	105.789440066977
"MN"	1997	9	119.227289437794
"MN"	1997	10	39.1287783857539
"MN"	1997	11	51.4555953493307
"MN"	1997	12	55.1296389145126
"MN"	1998	1	56.9946525194264
"MN"	1998	2	69.6273738680958
"MN"	1998	3	84.3021037905279
"MN"	1998	4	36.7328556127788
"MN"	1998	5	57.5527914275322
"MN"	1998	6	115.352065629492
"MN"	1998	7	169.939697050193
"MN"	1998	8	86.8229507020462
"MN"	1998	9	142.475932198457
"MN"	1998	10	85.3402959436008
"MN"	1998	11	92.3563010781404
"MN"	1998	12	61.3896386260411
"MN"	1999	1	77.8839004592672
"MN"	1999	2	42.6911685314859
"MN"	1999	3	81.6459184902068
"MN"	1999	4	36.7924436521088
"MN"	1999	5	49.6944493314386
"MN"	1999	6	97.9638891816295
"MN"	1999	7	128.809673784335
"MN"	1999	8	85.1472303348907
"MN"	1999	9	113.555446492215
"MN"	1999	10	94.2464858048721
"MN"	1999	11	94.2851292308343
"MN"	1999	12	52.2616685798983
"MN"	2000	1	67.8795202548815
"MN"	2000	2	45.3522387029523
"MN"	2000	3	48.8386146772869
"MN"	2000	4	69.3905349750255
"MN"	2000	5	92.6011084231298
"MN"	2000	6	91.9660616007454
"MN"	2000	7	129.640313379745
"MN"	2000	8	124.970511261249
"MN"	2000	9	80.7841288066775
"MN"	2000	10	63.6464207119992
"MN"	2000	11	67.3051429953145
"MN"	2000	12	78.3333975392485
"MN"	2001	1	23.3394217905836
"MN"	2001	2	65.3145619076668
"MN"	2001	3	37.283181040794
"MN"	2001	4	35.4231773847327
"MN"	2001	5	48.9101206689412
"MN"	2001	6	134.56827486006
"MN"	2001	7	124.599447948021
"MN"	2001	8	101.909528599274
"MN"	2001	9	84.4324615502023
"MN"	2001	10	109.024454555951
"MN"	2001	11	61.9050184303899
"MN"	2001	12	39.1966728127115
"MN"	2002	1	36.4785801484561
"MN"	2002	2	75.7153214825122
"MN"	2002	3	61.9442554992536
"MN"	2002	4	46.8419903413892
"MN"	2002	5	77.5025542879062
"MN"	2002	6	92.327486633413
"MN"	2002	7	112.880785024741
"MN"	2002	8	94.0365544728072
"MN"	2002	9	91.2438893897969
"MN"	2002	10	76.2407125406601
"MN"	2002	11	78.7046739064029
"MN"	2002	12	50.1750766268931
"MN"	2003	1	22.2724642509047
"MN"	2003	2	63.8589796110902
"MN"	2003	3	47.7115597380238
"MN"	2003	4	52.0520770710407
"MN"	2003	5	41.6687294407693
"MN"	2003	6	89.02480555198
"MN"	2003	7	158.049712333076
"MN"	2003	8	109.390237492167
"MN"	2003	9	79.8873156553705
"MN"	2003	10	130.926640078567
"MN"	2003	11	95.2573667080833
"MN"	2003	12	94.7431125474564
"MN"	2004	1	41.927098754542
"MN"	2004	2	26.508810624332
"MN"	2004	3	49.139470170115
"MN"	2004	4	35.7338805374819
"MN"	2004	5	80.7338083310364
"MN"	2004	6	111.504134862532
"MN"	2004	7	152.378767237515
"MN"	2004	8	150.31207288673
"MN"	2004	9	99.2658486225662
"MN"	2004	10	61.3726190672494
"MN"	2004	11	75.0553675818174
"MN"	2004	12	85.3076274121787
"MN"	2005	1	33.8139564160057
"MN"	2005	2	48.4239395989622
"MN"	2005	3	66.1418692750772
"MN"	2005	4	76.8227761236957
"MN"	2005	5	44.8761097858141
"MN"	2005	6	115.675016301306
"MN"	2005	7	65.2951072662704
"MN"	2005	8	163.230202387668
"MN"	2005	9	99.5901558247441
"MN"	2005	10	84.0537070998575
"MN"	2005	11	105.259530275715
"MN"	2005	12	88.0034856448873
"MN"	2006	1	94.8247300466848
"MN"	2006	2	71.4619508688716
"MN"	2006	3	46.0194897756075
"MN"	2006	4	39.5406171183573
"MN"	2006	5	83.6526043991401
"MN"	2006	6	108.372746427671
"MN"	2006	7	116.017926263048
"MN"	2006	8	81.6913278571775
"MN"	2006	9	145.415099825967
"MN"	2006	10	124.182994291989
"MN"	2006	11	73.5967563455331
"MN"	2006	12	48.0047139035493
"MN"	2007	1	60.1295447056616
"MN"	2007	2	50.5350526426869
"MN"	2007	3	66.6600687954721
"MN"	2007	4	44.9312379421035
"MN"	2007	5	40.1985037254478
"MN"	2007	6	95.1747178420731
"MN"	2007	7	112.639352307286
"MN"	2007	8	125.494072322515
"MN"	2007	9	125.343733384091
"MN"	2007	10	85.1515905913789
"MN"	2007	11	132.892455814408
"MN"	2007	12	64.5622124898482
"MN"	2008	1	61.0225105226265
"MN"	2008	2	64.1974240176664
"MN"	2008	3	85.8656124646745
"MN"	2008	4	63.6199817011289
"MN"	2008	5	60.7692206751261
"MN"	2008	6	127.541541994008
"MN"	2008	7	122.889680268998
"MN"	2008	8	85.9238858584925
"MN"	2008	9	97.9700333166213
"MN"	2008	10	70.9951640879595
"MN"	2008	11	84.2661615145778
"MN"	2008	12	80.1836208671665
"MN"	2009	1	64.4534372317379
"MN"	2009	2	51.7993240206282
"MN"	2009	3	36.1160158072707
"MN"	2009	4	74.1272398485873
"MN"	2009	5	70.5266009507034
"MN"	2009	6	77.9147686660049
"MN"	2009	7	124.025016228366
"MN"	2009	8	100.428206760907
"MN"	2009	9	76.7621704759151
"MN"	2009	10	84.4150966454074
"MN"	2009	11	59.1084955779677
"MN"	2009	12	73.6492359668368
"MN"	2010	1	45.3575203116509
"MN"	2010	2	32.2047107136442
"MN"	2010	3	31.1229719549645
"MN"	2010	4	43.0471450561231
"MN"	2010	5	74.4563051969327
"MN"	2010	6	103.619930448389
"MN"	2010	7	110.037508480412
"MN"	2010	8	76.4385974012563
"MN"	2010	9	164.278039097752
"MN"	2010	10	92.5953403309857
"MN"	2010	11	84.7924512062696
"MN"	2010	12	89.4668435488643
"MN"	2011	1	59.7844378247961
"MN"	2011	2	42.9406879818942
"MN"	2011	3	76.5260329943068
"MN"	2011	4	88.8885827016223
"MN"	2011	5	109.370359026127
"MN"	2011	6	92.8915721237306
"MN"	2011	7	129.305285113963
"MN"	2011	8	173.270396133622
"MN"	2011	9	82.1975278445055
"MN"	2011	10	53.1587311987091
"MN"	2011	11	75.6534483502822
"MN"	2011	12	63.3090757946091
"MN"	2012	1	68.821496230985
"MN"	2012	2	39.8099853782866
"MN"	2012	3	46.9029101150574
"MN"	2012	4	79.0787887834583
"MN"	2012	5	78.0126483925613
"MN"	2012	6	103.501891485782
"MN"	2012	7	76.5996104293852
"MN"	2012	8	117.128619332452
"MN"	2012	9	88.3863640880269
"MN"	2012	10	104.833204085814
"MN"	2012	11	32.1082874845683
"MN"	2012	12	83.542764414699
"MN"	2013	1	58.1488126015339
"MN"	2013	2	44.997800761339
"MN"	2013	3	61.3448163509622
"MN"	2013	4	63.1633955707036
"MN"	2013	5	97.4345842986574
"MN"	2013	6	94.6005279050606
"MN"	2013	7	57.9854142374575
"MN"	2013	8	86.3720261890278
"MN"	2013	9	102.295778215998
"MN"	2013	10	71.5924614218441
"MN"	2013	11	78.3470576624727
"MN"	2013	12	86.6750148450981
"MN"	2014	1	71.8014527345477
"MN"	2014	2	60.7709418534457
"MN"	2014	3	77.1858575926135
"MN"	2014	4	66.7851395716733
"MN"	2014	5	67.8339293876324
"MN"	2014	6	88.2337427171246
"MN"	2014	7	132.03119629795
"MN"	2014	8	99.842527865754
"MN"	2014	9	111.875207823966
"MN"	2014	10	122.535731133961
"MN"	2014	11	73.9314879331505
"MN"	2014	12	68.0328475207308
"MN"	2015	1	75.7544535472157
"MN"	2015	2	32.8720396679581
"MN"	2015	3	34.1341988619029
"MN"	2015	4	47.9032967243681
"MN"	2015	5	64.7009781637212
"MN"	2015	6	91.9655723772545
"MN"	2015	7	159.036236848571
"MN"	2015	8	113.372449128644
"MN"	2015	9	85.0962455113303
"MN"	2015	10	62.0619448581117
"MN"	2015	11	103.021210946078
"MN"	2015	12	38.6049794704027
"MN"	2016	1	42.4198979653015
"MN"	2016	2	76.6779354162494
"MN"	2016	3	72.6513515012761
"MN"	2016	4	30.1677893980125
"MN"	2016	5	67.0089778168397
"MN"	2016	6	181.205156360389
"MN"	2016	7	148.706653094651
"MN"	2016	8	93.392814553052
"MN"	2016	9	95.5938873367737
"MN"	2016	10	104.987277757996
"MN"	2016	11	62.4758534976882
"MN"	2016	12	44.5725206817464
