"MN"	1901	1	-28.8809162945136
"MN"	1901	2	-24.7631966069818
"MN"	1901	3	-22.4029387034585
"MN"	1901	4	-8.67771924851737
"MN"	1901	5	-1.94964143470874
"MN"	1901	6	3.68312827029509
"MN"	1901	7	6.34541411649999
"MN"	1901	8	5.60870207999475
"MN"	1901	9	1.02313119523256
"MN"	1901	10	-4.57055387907587
"MN"	1901	11	-13.0191192033658
"MN"	1901	12	-22.1090954272319
"MN"	1902	1	-28.6709306856719
"MN"	1902	2	-24.4036333385223
"MN"	1902	3	-15.6751047229186
"MN"	1902	4	-9.37423514807955
"MN"	1902	5	-4.08770421152098
"MN"	1902	6	1.73898019951822
"MN"	1902	7	6.10776657710632
"MN"	1902	8	5.36725058077503
"MN"	1902	9	2.92930114476876
"MN"	1902	10	-5.13335268188327
"MN"	1902	11	-12.3062939566736
"MN"	1902	12	-25.7965124176928
"MN"	1903	1	-26.7609067280199
"MN"	1903	2	-26.4444584715897
"MN"	1903	3	-16.1471538436299
"MN"	1903	4	-10.7709936020651
"MN"	1903	5	-3.4258178001302
"MN"	1903	6	3.79481335068188
"MN"	1903	7	6.77025107816213
"MN"	1903	8	5.12584599989419
"MN"	1903	9	1.73550862343442
"MN"	1903	10	-3.49605193059631
"MN"	1903	11	-12.8934175420422
"MN"	1903	12	-26.3840637091949
"MN"	1904	1	-30.9508350008685
"MN"	1904	2	-31.1863278190763
"MN"	1904	3	-21.6194541183371
"MN"	1904	4	-10.3683225930211
"MN"	1904	5	-1.66389891595965
"MN"	1904	6	3.35072132742734
"MN"	1904	7	7.23310111013791
"MN"	1904	8	6.78459434762605
"MN"	1904	9	-0.358321843348034
"MN"	1904	10	-4.65846543384385
"MN"	1904	11	-13.6804517060047
"MN"	1904	12	-26.8716510116328
"MN"	1905	1	-33.4408022925205
"MN"	1905	2	-28.6299676098009
"MN"	1905	3	-23.9928099072554
"MN"	1905	4	-9.86655430600962
"MN"	1905	5	-3.00178908452708
"MN"	1905	6	3.00678491298703
"MN"	1905	7	7.196612169496
"MN"	1905	8	4.74365768445241
"MN"	1905	9	2.1477315554661
"MN"	1905	10	-4.22040443975958
"MN"	1905	11	-13.0673132005479
"MN"	1905	12	-22.058842402856
"MN"	1906	1	-26.2306440611989
"MN"	1906	2	-26.7758046558695
"MN"	1906	3	-22.96796612188
"MN"	1906	4	-11.166039473274
"MN"	1906	5	-3.83938234898639
"MN"	1906	6	2.96307336238512
"MN"	1906	7	6.76109210420056
"MN"	1906	8	5.90316688077126
"MN"	1906	9	1.05372948161273
"MN"	1906	10	-3.68162603939176
"MN"	1906	11	-12.0538112063658
"MN"	1906	12	-27.0449179246961
"MN"	1907	1	-28.9198053437226
"MN"	1907	2	-27.3241134230295
"MN"	1907	3	-22.0453288076637
"MN"	1907	4	-11.2671696271814
"MN"	1907	5	-4.07653653496919
"MN"	1907	6	3.51968175359114
"MN"	1907	7	7.72686349133669
"MN"	1907	8	6.36332875663918
"MN"	1907	9	1.55973442580041
"MN"	1907	10	-4.54185578743298
"MN"	1907	11	-11.9397010285467
"MN"	1907	12	-20.5291457271034
"MN"	1908	1	-29.3078150034999
"MN"	1908	2	-27.8752049301812
"MN"	1908	3	-22.6250182310942
"MN"	1908	4	-13.9702809477945
"MN"	1908	5	-2.11297453034762
"MN"	1908	6	3.77673022937722
"MN"	1908	7	8.59427992803286
"MN"	1908	8	6.12436480500947
"MN"	1908	9	3.36583804538567
"MN"	1908	10	-2.10082243566748
"MN"	1908	11	-11.8247799273933
"MN"	1908	12	-26.4106093830772
"MN"	1909	1	-27.6942068713365
"MN"	1909	2	-28.5294089078107
"MN"	1909	3	-19.4069517716822
"MN"	1909	4	-11.3755659309375
"MN"	1909	5	-2.54828783990382
"MN"	1909	6	2.93431509695061
"MN"	1909	7	7.96363994705462
"MN"	1909	8	6.5864558490922
"MN"	1909	9	2.67210632424015
"MN"	1909	10	-1.55824869098973
"MN"	1909	11	-11.1089188838791
"MN"	1909	12	-18.9885124533629
"MN"	1910	1	-23.7784670805629
"MN"	1910	2	-28.987005513852
"MN"	1910	3	-19.3908804392622
"MN"	1910	4	-7.78290665311458
"MN"	1910	5	-1.68208052989693
"MN"	1910	6	3.79249394827334
"MN"	1910	7	7.6351107571811
"MN"	1910	8	6.84974271585737
"MN"	1910	9	1.27843853628176
"MN"	1910	10	-3.41404055133519
"MN"	1910	11	-9.19208844824156
"MN"	1910	12	-24.7619863142719
"MN"	1911	1	-31.6602341397147
"MN"	1911	2	-30.24815266764
"MN"	1911	3	-23.0766355764592
"MN"	1911	4	-10.7921006244318
"MN"	1911	5	-0.713991045212105
"MN"	1911	6	4.55133084571079
"MN"	1911	7	9.00876800199505
"MN"	1911	8	7.41428870173113
"MN"	1911	9	0.784614596928941
"MN"	1911	10	-3.96834253495143
"MN"	1911	11	-14.3744568544845
"MN"	1911	12	-18.9304516024753
"MN"	1912	1	-30.1394872326966
"MN"	1912	2	-23.7128109740187
"MN"	1912	3	-23.4641207732678
"MN"	1912	4	-13.9031405121468
"MN"	1912	5	-2.74377233344359
"MN"	1912	6	2.41082919521021
"MN"	1912	7	6.78460720644131
"MN"	1912	8	5.08003788743456
"MN"	1912	9	1.59043059854446
"MN"	1912	10	-3.02138866263919
"MN"	1912	11	-12.8564541743636
"MN"	1912	12	-24.7934209864048
"MN"	1913	1	-26.8160232847487
"MN"	1913	2	-32.2807644309171
"MN"	1913	3	-20.0530089281481
"MN"	1913	4	-9.81598254044182
"MN"	1913	5	-2.67134613710468
"MN"	1913	6	1.47089661039059
"MN"	1913	7	6.96248481148606
"MN"	1913	8	5.64681138552964
"MN"	1913	9	1.49575018365156
"MN"	1913	10	-0.573439802352893
"MN"	1913	11	-9.73842568056925
"MN"	1913	12	-20.1507334630497
"MN"	1914	1	-29.0894875217274
"MN"	1914	2	-31.4519473764179
"MN"	1914	3	-16.842705677852
"MN"	1914	4	-13.3303186775452
"MN"	1914	5	-1.99666111691986
"MN"	1914	6	2.13152015071225
"MN"	1914	7	6.54226539226646
"MN"	1914	8	5.11447180709901
"MN"	1914	9	2.50045173639497
"MN"	1914	10	-4.52489754286171
"MN"	1914	11	-14.8207121725511
"MN"	1914	12	-24.1022942465584
"MN"	1915	1	-25.2596248323886
"MN"	1915	2	-22.6259051781019
"MN"	1915	3	-18.6326794511449
"MN"	1915	4	-8.4457715191378
"MN"	1915	5	-2.61967149816273
"MN"	1915	6	2.99287133905116
"MN"	1915	7	6.22386039863743
"MN"	1915	8	5.68293527746408
"MN"	1915	9	2.20439968502778
"MN"	1915	10	-3.57644023156678
"MN"	1915	11	-10.5038285163312
"MN"	1915	12	-17.8482502693251
"MN"	1916	1	-26.6262408743002
"MN"	1916	2	-27.1018658539114
"MN"	1916	3	-26.6227513379903
"MN"	1916	4	-8.86179235678301
"MN"	1916	5	-1.54038012618641
"MN"	1916	6	4.8552547731454
"MN"	1916	7	8.90726466162901
"MN"	1916	8	6.35219136137847
"MN"	1916	9	1.90737178435876
"MN"	1916	10	-4.72877425215828
"MN"	1916	11	-13.7882052051245
"MN"	1916	12	-22.8888917805529
"MN"	1917	1	-29.689436163693
"MN"	1917	2	-28.279374574523
"MN"	1917	3	-19.4128557826367
"MN"	1917	4	-8.17797400600107
"MN"	1917	5	-2.55882367336972
"MN"	1917	6	4.81898850060256
"MN"	1917	7	8.99253655957836
"MN"	1917	8	7.52225474391013
"MN"	1917	9	0.409068666943611
"MN"	1917	10	-3.98260776901117
"MN"	1917	11	-14.5743667596786
"MN"	1917	12	-27.6249735150686
"MN"	1918	1	-25.4495118773417
"MN"	1918	2	-29.6580881159844
"MN"	1918	3	-23.3025086345498
"MN"	1918	4	-11.0941290598723
"MN"	1918	5	-2.67512626845614
"MN"	1918	6	2.48423817055687
"MN"	1918	7	8.07958755672514
"MN"	1918	8	5.79307672946293
"MN"	1918	9	1.10917362072464
"MN"	1918	10	-4.53859230755006
"MN"	1918	11	-10.7627391793019
"MN"	1918	12	-22.0573409991659
"MN"	1919	1	-26.9067818596071
"MN"	1919	2	-19.7375631110442
"MN"	1919	3	-18.0911470751661
"MN"	1919	4	-9.3102779253091
"MN"	1919	5	-2.28943714702112
"MN"	1919	6	5.25102940887047
"MN"	1919	7	6.76813988151701
"MN"	1919	8	6.5644726793997
"MN"	1919	9	1.60746463222392
"MN"	1919	10	-6.49734833610438
"MN"	1919	11	-12.2535974813577
"MN"	1919	12	-27.9865614115819
"MN"	1920	1	-31.6618219422027
"MN"	1920	2	-25.0173207512684
"MN"	1920	3	-20.4780667358399
"MN"	1920	4	-8.62646448839291
"MN"	1920	5	-2.90190864494213
"MN"	1920	6	3.01938027195383
"MN"	1920	7	6.45782429589322
"MN"	1920	8	6.03622173112968
"MN"	1920	9	2.40377830093637
"MN"	1920	10	-1.95939638751684
"MN"	1920	11	-15.4473256490146
"MN"	1920	12	-20.7131561873065
"MN"	1921	1	-25.5153427873561
"MN"	1921	2	-28.5975086802766
"MN"	1921	3	-18.562713702063
"MN"	1921	4	-11.2428543865602
"MN"	1921	5	-1.51271251306356
"MN"	1921	6	3.18917095179638
"MN"	1921	7	8.74830975468594
"MN"	1921	8	4.20805019938494
"MN"	1921	9	1.29793989755641
"MN"	1921	10	-4.92507983225275
"MN"	1921	11	-14.9443094906085
"MN"	1921	12	-24.1373830328313
"MN"	1922	1	-29.3679026522758
"MN"	1922	2	-29.4786047841003
"MN"	1922	3	-19.6446359900357
"MN"	1922	4	-8.75977314475571
"MN"	1922	5	-1.72202638814381
"MN"	1922	6	4.06026383394649
"MN"	1922	7	6.13930866139212
"MN"	1922	8	5.07969510817015
"MN"	1922	9	0.389711698940587
"MN"	1922	10	-6.39482999480114
"MN"	1922	11	-12.6446607924795
"MN"	1922	12	-28.559631578834
"MN"	1923	1	-31.2202276428636
"MN"	1923	2	-32.061006677966
"MN"	1923	3	-26.323567578432
"MN"	1923	4	-13.4775598881497
"MN"	1923	5	-3.53012869653561
"MN"	1923	6	1.33251715469538
"MN"	1923	7	5.43045174711583
"MN"	1923	8	4.15104387642135
"MN"	1923	9	0.37888388857543
"MN"	1923	10	-4.36898988469852
"MN"	1923	11	-11.1482397267705
"MN"	1923	12	-17.4802059985862
"MN"	1924	1	-30.2729889138003
"MN"	1924	2	-30.344837550081
"MN"	1924	3	-15.7992461919444
"MN"	1924	4	-10.196619416875
"MN"	1924	5	-3.23737347691309
"MN"	1924	6	2.90576643291259
"MN"	1924	7	6.22146553899559
"MN"	1924	8	5.22211969147472
"MN"	1924	9	1.06536975248201
"MN"	1924	10	-5.347677526306
"MN"	1924	11	-11.0548792938006
"MN"	1924	12	-26.3991239003954
"MN"	1925	1	-33.1265959323942
"MN"	1925	2	-23.4297558624931
"MN"	1925	3	-18.0710670916487
"MN"	1925	4	-10.7171594996604
"MN"	1925	5	-3.14404709336894
"MN"	1925	6	4.17999416716787
"MN"	1925	7	7.6122656286911
"MN"	1925	8	6.99311702297621
"MN"	1925	9	0.349210991689986
"MN"	1925	10	-6.93089930053407
"MN"	1925	11	-12.1645532563811
"MN"	1925	12	-23.5167371909172
"MN"	1926	1	-29.2811780995911
"MN"	1926	2	-27.7151797799208
"MN"	1926	3	-24.4387474316122
"MN"	1926	4	-13.539348921759
"MN"	1926	5	-4.15035733692159
"MN"	1926	6	2.65523283797594
"MN"	1926	7	5.70287958696341
"MN"	1926	8	5.16429886934847
"MN"	1926	9	0.630537256245421
"MN"	1926	10	-3.51848035282841
"MN"	1926	11	-13.1773913762941
"MN"	1926	12	-25.1332968638499
"MN"	1927	1	-26.6364520296788
"MN"	1927	2	-26.6007900705975
"MN"	1927	3	-19.1022274339289
"MN"	1927	4	-10.6632849469242
"MN"	1927	5	-3.15642660588786
"MN"	1927	6	1.93146177846632
"MN"	1927	7	8.39335787589861
"MN"	1927	8	5.33586996069922
"MN"	1927	9	1.80960416326938
"MN"	1927	10	-2.20998644231449
"MN"	1927	11	-11.3935720203166
"MN"	1927	12	-21.5489729240841
"MN"	1928	1	-29.3920256588209
"MN"	1928	2	-28.5863474697834
"MN"	1928	3	-19.8612213043789
"MN"	1928	4	-11.2888142684309
"MN"	1928	5	-1.36223301981534
"MN"	1928	6	2.80871838485359
"MN"	1928	7	6.98384512721223
"MN"	1928	8	7.0080844440361
"MN"	1928	9	-0.0132385356302109
"MN"	1928	10	-4.60499201613963
"MN"	1928	11	-14.1132544707927
"MN"	1928	12	-19.7638543971621
"MN"	1929	1	-28.1476321220095
"MN"	1929	2	-26.7716563333029
"MN"	1929	3	-20.715502232255
"MN"	1929	4	-12.5156944864067
"MN"	1929	5	-3.4677058965356
"MN"	1929	6	2.98716912061709
"MN"	1929	7	6.27443096176732
"MN"	1929	8	5.08123526686605
"MN"	1929	9	1.06238941404129
"MN"	1929	10	-4.20320550618469
"MN"	1929	11	-13.8366471271554
"MN"	1929	12	-27.1782400704047
"MN"	1930	1	-29.9029867827019
"MN"	1930	2	-27.6564641589066
"MN"	1930	3	-19.1649313778526
"MN"	1930	4	-11.2435770124683
"MN"	1930	5	-2.87284731773132
"MN"	1930	6	5.56705011488162
"MN"	1930	7	6.96522328663361
"MN"	1930	8	6.15555529335841
"MN"	1930	9	2.33699971985937
"MN"	1930	10	-3.40431159567443
"MN"	1930	11	-10.6638307605062
"MN"	1930	12	-22.1927048435708
"MN"	1931	1	-28.2577965858122
"MN"	1931	2	-25.3405495430444
"MN"	1931	3	-13.409405248585
"MN"	1931	4	-8.47192166776418
"MN"	1931	5	-1.17761121261981
"MN"	1931	6	4.24858356417493
"MN"	1931	7	9.25641957562264
"MN"	1931	8	6.43131673500265
"MN"	1931	9	2.11116029538494
"MN"	1931	10	-2.50797144033974
"MN"	1931	11	-8.69478977197194
"MN"	1931	12	-21.6076410064966
"MN"	1932	1	-25.1116772432642
"MN"	1932	2	-29.2237340337953
"MN"	1932	3	-20.5490782472244
"MN"	1932	4	-10.0001296332338
"MN"	1932	5	-2.9819428266178
"MN"	1932	6	2.33179374736665
"MN"	1932	7	6.74821978334183
"MN"	1932	8	6.50877811292298
"MN"	1932	9	2.48537603967968
"MN"	1932	10	-3.21391273578046
"MN"	1932	11	-15.0297115735595
"MN"	1932	12	-23.7235210595836
"MN"	1933	1	-24.7643130074312
"MN"	1933	2	-24.2059722375915
"MN"	1933	3	-22.5847120819075
"MN"	1933	4	-9.22776052614915
"MN"	1933	5	-3.48589039045088
"MN"	1933	6	3.11659943952204
"MN"	1933	7	6.3406790815602
"MN"	1933	8	5.58813906433357
"MN"	1933	9	1.46007389586919
"MN"	1933	10	-4.2220034419694
"MN"	1933	11	-19.4690810721226
"MN"	1933	12	-31.2410021361365
"MN"	1934	1	-31.315748838869
"MN"	1934	2	-32.1871874852679
"MN"	1934	3	-22.9171779215899
"MN"	1934	4	-9.05448091345812
"MN"	1934	5	-2.78948434015828
"MN"	1934	6	2.6029782810996
"MN"	1934	7	6.53387119265197
"MN"	1934	8	4.76954705759329
"MN"	1934	9	3.83559792614409
"MN"	1934	10	-4.9321929466532
"MN"	1934	11	-11.4131232726745
"MN"	1934	12	-26.5606174212894
"MN"	1935	1	-32.4663500024035
"MN"	1935	2	-29.8674363180566
"MN"	1935	3	-22.5471434308264
"MN"	1935	4	-9.98009907736496
"MN"	1935	5	-3.09267470839569
"MN"	1935	6	4.99095257122245
"MN"	1935	7	8.0279674627257
"MN"	1935	8	6.85318605624691
"MN"	1935	9	0.512236399275559
"MN"	1935	10	-4.24440286108848
"MN"	1935	11	-12.761481859669
"MN"	1935	12	-21.7822248603433
"MN"	1936	1	-26.916260725613
"MN"	1936	2	-28.1464156828918
"MN"	1936	3	-15.8750127316543
"MN"	1936	4	-9.20457583594331
"MN"	1936	5	-3.29537077927419
"MN"	1936	6	3.58056685366289
"MN"	1936	7	6.42319959515667
"MN"	1936	8	4.63931883721667
"MN"	1936	9	1.19011850026819
"MN"	1936	10	-4.95846366288186
"MN"	1936	11	-16.0137490563297
"MN"	1936	12	-25.30532749533
"MN"	1937	1	-28.7652918827338
"MN"	1937	2	-23.5235234384779
"MN"	1937	3	-21.2010831360535
"MN"	1937	4	-9.22796935127861
"MN"	1937	5	-0.997426676397162
"MN"	1937	6	4.17173503088871
"MN"	1937	7	8.61976815802479
"MN"	1937	8	8.12818072077338
"MN"	1937	9	1.9694195716809
"MN"	1937	10	-3.47414129127374
"MN"	1937	11	-11.1694538044055
"MN"	1937	12	-23.7294797541003
"MN"	1938	1	-29.2133058351609
"MN"	1938	2	-28.0981354846277
"MN"	1938	3	-21.5259807306046
"MN"	1938	4	-10.1504782837183
"MN"	1938	5	-2.19866509318303
"MN"	1938	6	4.86429372660644
"MN"	1938	7	8.21789726962191
"MN"	1938	8	6.42004537112788
"MN"	1938	9	1.35035775706351
"MN"	1938	10	-3.19112343509226
"MN"	1938	11	-13.1278710922769
"MN"	1938	12	-21.054132354027
"MN"	1939	1	-28.5601704517736
"MN"	1939	2	-30.6699191945513
"MN"	1939	3	-27.0503605920743
"MN"	1939	4	-11.3724369703282
"MN"	1939	5	-3.79903338473271
"MN"	1939	6	1.95796927800109
"MN"	1939	7	8.51769871408554
"MN"	1939	8	7.8150236958981
"MN"	1939	9	1.53313034383444
"MN"	1939	10	-4.60912989456013
"MN"	1939	11	-13.0883058943232
"MN"	1939	12	-20.2787416494183
"MN"	1940	1	-26.4056992213632
"MN"	1940	2	-27.4385077691112
"MN"	1940	3	-19.5746632639135
"MN"	1940	4	-10.9942165048155
"MN"	1940	5	-1.69852124357525
"MN"	1940	6	2.65236861458868
"MN"	1940	7	7.81915412543025
"MN"	1940	8	5.91310290396494
"MN"	1940	9	2.51794411189158
"MN"	1940	10	-5.2279366005953
"MN"	1940	11	-11.5500340478483
"MN"	1940	12	-26.0030312455962
"MN"	1941	1	-29.3497378184106
"MN"	1941	2	-23.4032671297814
"MN"	1941	3	-21.0988151788635
"MN"	1941	4	-10.916115861378
"MN"	1941	5	-2.69705041897717
"MN"	1941	6	2.44718446545964
"MN"	1941	7	7.32211300749178
"MN"	1941	8	4.51410702358689
"MN"	1941	9	1.00499334958074
"MN"	1941	10	-4.74725520006412
"MN"	1941	11	-12.4122970041218
"MN"	1941	12	-21.6269930535725
"MN"	1942	1	-31.192290914904
"MN"	1942	2	-25.2635843197124
"MN"	1942	3	-17.6226867272846
"MN"	1942	4	-9.83836929105508
"MN"	1942	5	-0.594591029613013
"MN"	1942	6	3.64220205186853
"MN"	1942	7	6.52635269097685
"MN"	1942	8	6.31784946386598
"MN"	1942	9	1.19440755991655
"MN"	1942	10	-3.1666646579374
"MN"	1942	11	-12.6744086654823
"MN"	1942	12	-27.5505316120466
"MN"	1943	1	-29.1332924024281
"MN"	1943	2	-25.0192184982267
"MN"	1943	3	-23.8461895703877
"MN"	1943	4	-13.3611817651948
"MN"	1943	5	-4.39116574964666
"MN"	1943	6	2.43727766765344
"MN"	1943	7	7.23164813266483
"MN"	1943	8	6.32424714294521
"MN"	1943	9	1.68634922191465
"MN"	1943	10	-2.48566907156936
"MN"	1943	11	-12.9357118340279
"MN"	1943	12	-25.7735814658344
"MN"	1944	1	-23.9724399319781
"MN"	1944	2	-29.8702375715594
"MN"	1944	3	-22.2694000422803
"MN"	1944	4	-12.084746338209
"MN"	1944	5	-2.08692225890876
"MN"	1944	6	3.33227113502568
"MN"	1944	7	7.33783153912032
"MN"	1944	8	7.43320379010181
"MN"	1944	9	4.08101906896622
"MN"	1944	10	-4.30384767344024
"MN"	1944	11	-10.2955346779219
"MN"	1944	12	-23.3957555879381
"MN"	1945	1	-28.7094264968878
"MN"	1945	2	-26.3169032687309
"MN"	1945	3	-18.2921614745449
"MN"	1945	4	-9.1090089012934
"MN"	1945	5	-2.38191718724377
"MN"	1945	6	3.22710051572922
"MN"	1945	7	7.14474964289552
"MN"	1945	8	6.14455105354763
"MN"	1945	9	1.67856485600551
"MN"	1945	10	-4.72090466600546
"MN"	1945	11	-12.6532174457877
"MN"	1945	12	-23.2164167745433
"MN"	1946	1	-28.8443005141296
"MN"	1946	2	-30.2593583426445
"MN"	1946	3	-19.1141655888133
"MN"	1946	4	-10.6337595518717
"MN"	1946	5	-2.97621884308878
"MN"	1946	6	2.22169661581424
"MN"	1946	7	5.2522449232798
"MN"	1946	8	5.9579852933332
"MN"	1946	9	2.87892766629245
"MN"	1946	10	-3.03652874466534
"MN"	1946	11	-14.0082716428116
"MN"	1946	12	-25.8349074901986
"MN"	1947	1	-29.4771867860423
"MN"	1947	2	-21.4977352005082
"MN"	1947	3	-18.6352864884258
"MN"	1947	4	-16.358866187663
"MN"	1947	5	-4.7699178355144
"MN"	1947	6	2.31601363034274
"MN"	1947	7	9.0602068893494
"MN"	1947	8	5.97315240781711
"MN"	1947	9	-0.0180375341504373
"MN"	1947	10	-1.85035697962968
"MN"	1947	11	-11.3602167681606
"MN"	1947	12	-22.950559422131
"MN"	1948	1	-30.0081680587351
"MN"	1948	2	-33.5320866579505
"MN"	1948	3	-26.7556040707066
"MN"	1948	4	-12.7840971585934
"MN"	1948	5	-1.96303756409331
"MN"	1948	6	3.01010996624744
"MN"	1948	7	7.66865135289169
"MN"	1948	8	6.88968831552772
"MN"	1948	9	2.9874480842477
"MN"	1948	10	-3.06212527121779
"MN"	1948	11	-8.60847749740548
"MN"	1948	12	-20.7625449559398
"MN"	1949	1	-28.4372209365294
"MN"	1949	2	-30.8627681531101
"MN"	1949	3	-21.6752631885684
"MN"	1949	4	-8.80870336165843
"MN"	1949	5	-2.85543476108099
"MN"	1949	6	5.1041469202842
"MN"	1949	7	7.87748095866528
"MN"	1949	8	6.10720310837812
"MN"	1949	9	2.59523517242389
"MN"	1949	10	-3.27177292019773
"MN"	1949	11	-14.9526239763688
"MN"	1949	12	-21.970099791731
"MN"	1950	1	-31.2641921136589
"MN"	1950	2	-30.9897020382582
"MN"	1950	3	-22.9939340513323
"MN"	1950	4	-10.231669768056
"MN"	1950	5	-2.34697068736145
"MN"	1950	6	3.09828917066529
"MN"	1950	7	6.98651623966719
"MN"	1950	8	4.72522295044953
"MN"	1950	9	0.00507117171507332
"MN"	1950	10	-4.6793650502961
"MN"	1950	11	-10.7925183529441
"MN"	1950	12	-20.372731969783
"MN"	1951	1	-27.5888570168579
"MN"	1951	2	-25.8123478357307
"MN"	1951	3	-18.5110303403843
"MN"	1951	4	-5.15207726738973
"MN"	1951	5	-0.837506036620924
"MN"	1951	6	3.09256318542504
"MN"	1951	7	6.09552462342738
"MN"	1951	8	5.14326214036436
"MN"	1951	9	1.016623434083
"MN"	1951	10	-3.88502330041854
"MN"	1951	11	-14.3279446879319
"MN"	1951	12	-25.0702009288574
"MN"	1952	1	-30.7107983125452
"MN"	1952	2	-24.5298493323892
"MN"	1952	3	-16.1257951648891
"MN"	1952	4	-9.8691700747621
"MN"	1952	5	-0.726954067864138
"MN"	1952	6	4.18697618014626
"MN"	1952	7	9.10430553508819
"MN"	1952	8	6.9609412121059
"MN"	1952	9	1.62967446751369
"MN"	1952	10	-5.18882469409893
"MN"	1952	11	-12.7587444628815
"MN"	1952	12	-19.4625272159892
"MN"	1953	1	-27.9295813319064
"MN"	1953	2	-24.74147281987
"MN"	1953	3	-18.7376818426658
"MN"	1953	4	-5.88263990693394
"MN"	1953	5	-2.51541402928267
"MN"	1953	6	3.38153484512935
"MN"	1953	7	6.91271938262234
"MN"	1953	8	4.67794468722588
"MN"	1953	9	2.04408046508436
"MN"	1953	10	-4.79081097901489
"MN"	1953	11	-9.58464797020375
"MN"	1953	12	-21.8497602914273
"MN"	1954	1	-33.2446331871732
"MN"	1954	2	-23.0468094433908
"MN"	1954	3	-20.2465826302789
"MN"	1954	4	-13.5924295156654
"MN"	1954	5	-1.30317442952752
"MN"	1954	6	4.27617386227082
"MN"	1954	7	6.42050812078148
"MN"	1954	8	5.59391272711255
"MN"	1954	9	1.85969357487896
"MN"	1954	10	-3.39090799692452
"MN"	1954	11	-12.3053928770734
"MN"	1954	12	-22.2322861086677
"MN"	1955	1	-24.4552966447488
"MN"	1955	2	-26.9458179067707
"MN"	1955	3	-21.7526368870432
"MN"	1955	4	-9.99880322387696
"MN"	1955	5	-1.39059616589481
"MN"	1955	6	4.87078061236046
"MN"	1955	7	7.22742051545751
"MN"	1955	8	6.60856937502359
"MN"	1955	9	0.976320084474517
"MN"	1955	10	-3.1889595194192
"MN"	1955	11	-10.6209556189073
"MN"	1955	12	-24.410740452758
"MN"	1956	1	-19.7606359152868
"MN"	1956	2	-26.7388779476372
"MN"	1956	3	-24.9560275673418
"MN"	1956	4	-9.60188074501959
"MN"	1956	5	-6.17817211376015
"MN"	1956	6	2.26512767577416
"MN"	1956	7	5.73327935832535
"MN"	1956	8	4.421674542386
"MN"	1956	9	0.0937446031457796
"MN"	1956	10	-2.98485150610829
"MN"	1956	11	-14.131430651279
"MN"	1956	12	-27.6858867622464
"MN"	1957	1	-35.9601288785536
"MN"	1957	2	-25.826515859689
"MN"	1957	3	-17.1567660285775
"MN"	1957	4	-10.9017787196233
"MN"	1957	5	-4.46644845726014
"MN"	1957	6	2.55885945550033
"MN"	1957	7	6.83795658749974
"MN"	1957	8	4.33296813487463
"MN"	1957	9	1.81182226890121
"MN"	1957	10	-2.97856044447209
"MN"	1957	11	-10.8370406022908
"MN"	1957	12	-21.458368167176
"MN"	1958	1	-23.2538949422252
"MN"	1958	2	-24.1093612220908
"MN"	1958	3	-13.0545613435607
"MN"	1958	4	-8.89868851063893
"MN"	1958	5	-3.05567341529535
"MN"	1958	6	0.851683272763976
"MN"	1958	7	7.04145476190856
"MN"	1958	8	5.24232682147649
"MN"	1958	9	1.03053277640125
"MN"	1958	10	-5.07017388737428
"MN"	1958	11	-13.6379546212284
"MN"	1958	12	-29.1285260692735
"MN"	1959	1	-26.1417450613455
"MN"	1959	2	-33.6882586101036
"MN"	1959	3	-24.4494635984613
"MN"	1959	4	-10.2928200914167
"MN"	1959	5	-1.64586679268642
"MN"	1959	6	3.24343226005755
"MN"	1959	7	9.14384436540628
"MN"	1959	8	6.54979675194965
"MN"	1959	9	3.24987598397981
"MN"	1959	10	-4.05985312612156
"MN"	1959	11	-14.5344259973635
"MN"	1959	12	-22.9966800381097
"MN"	1960	1	-26.2238178555142
"MN"	1960	2	-20.1642315594035
"MN"	1960	3	-21.7421207075846
"MN"	1960	4	-11.3845086411246
"MN"	1960	5	0.363004350167149
"MN"	1960	6	4.63414840385963
"MN"	1960	7	6.34518321259943
"MN"	1960	8	5.95549622394666
"MN"	1960	9	1.96985563344311
"MN"	1960	10	-3.64768587743804
"MN"	1960	11	-11.4266156663869
"MN"	1960	12	-23.7627605975884
"MN"	1961	1	-31.80060111025
"MN"	1961	2	-29.038020085276
"MN"	1961	3	-21.5330013442747
"MN"	1961	4	-6.67412104156301
"MN"	1961	5	-2.52915586987463
"MN"	1961	6	2.72389713596338
"MN"	1961	7	7.04539991080562
"MN"	1961	8	6.65950454571656
"MN"	1961	9	3.29034273558633
"MN"	1961	10	-2.83373362180731
"MN"	1961	11	-9.01452648956455
"MN"	1961	12	-17.3266317410924
"MN"	1962	1	-32.0727555402323
"MN"	1962	2	-33.7107950844231
"MN"	1962	3	-14.8223877973549
"MN"	1962	4	-12.2620348220098
"MN"	1962	5	-2.72270350322411
"MN"	1962	6	3.0126461862053
"MN"	1962	7	6.04446206184087
"MN"	1962	8	6.46186936631534
"MN"	1962	9	1.81110724319712
"MN"	1962	10	-3.81810121171691
"MN"	1962	11	-13.8982827909066
"MN"	1962	12	-22.888281413379
"MN"	1963	1	-28.3406605872164
"MN"	1963	2	-31.0836243107155
"MN"	1963	3	-23.7105815009467
"MN"	1963	4	-8.9488819213824
"MN"	1963	5	-4.11805928163573
"MN"	1963	6	3.00038506972516
"MN"	1963	7	9.14239627962876
"MN"	1963	8	4.96256610657867
"MN"	1963	9	-0.568232511320718
"MN"	1963	10	-2.80099065927938
"MN"	1963	11	-9.67828814404941
"MN"	1963	12	-27.448210681584
"MN"	1964	1	-28.2043556277236
"MN"	1964	2	-25.4569725480292
"MN"	1964	3	-24.3982670834453
"MN"	1964	4	-10.9352615095567
"MN"	1964	5	-1.91560716632348
"MN"	1964	6	2.28714047030783
"MN"	1964	7	7.0392923110549
"MN"	1964	8	5.56152974405691
"MN"	1964	9	1.55193000004036
"MN"	1964	10	-5.48265891746474
"MN"	1964	11	-14.2549667583498
"MN"	1964	12	-24.1070254509155
"MN"	1965	1	-30.3638364600152
"MN"	1965	2	-28.830931354557
"MN"	1965	3	-19.2859205002241
"MN"	1965	4	-10.7218537980109
"MN"	1965	5	-2.91562274390027
"MN"	1965	6	3.57298573155501
"MN"	1965	7	4.8351168825139
"MN"	1965	8	4.65876697143872
"MN"	1965	9	0.871367411391182
"MN"	1965	10	-5.36342594553891
"MN"	1965	11	-16.9289121889434
"MN"	1965	12	-23.6650263808369
"MN"	1966	1	-21.5190977518796
"MN"	1966	2	-24.4056551952844
"MN"	1966	3	-15.8736782210752
"MN"	1966	4	-8.50933147056848
"MN"	1966	5	-4.31840179106587
"MN"	1966	6	3.15807251271504
"MN"	1966	7	6.42986439649985
"MN"	1966	8	6.45435632104806
"MN"	1966	9	1.18990981479407
"MN"	1966	10	-3.34348248990257
"MN"	1966	11	-10.1005514024051
"MN"	1966	12	-21.2223942190747
"MN"	1967	1	-28.2701399178003
"MN"	1967	2	-32.1812924156886
"MN"	1967	3	-26.5618017060009
"MN"	1967	4	-14.198381325322
"MN"	1967	5	-3.72419612914291
"MN"	1967	6	3.44255031148554
"MN"	1967	7	8.82374383392904
"MN"	1967	8	7.04847254713925
"MN"	1967	9	2.20745044336955
"MN"	1967	10	-3.12288638028308
"MN"	1967	11	-11.6699755314962
"MN"	1967	12	-22.0793411627668
"MN"	1968	1	-31.3174996262506
"MN"	1968	2	-27.3581165537536
"MN"	1968	3	-21.8508392163628
"MN"	1968	4	-8.58977190874306
"MN"	1968	5	-3.23309302670975
"MN"	1968	6	2.3265682544526
"MN"	1968	7	6.41704709767667
"MN"	1968	8	3.44124885597653
"MN"	1968	9	5.02391337903253
"MN"	1968	10	-0.401731283999663
"MN"	1968	11	-13.6374022691
"MN"	1968	12	-19.5362983725508
"MN"	1969	1	-20.2618247515955
"MN"	1969	2	-22.3360883178804
"MN"	1969	3	-18.3409317393641
"MN"	1969	4	-15.8840541718297
"MN"	1969	5	-4.04504456556441
"MN"	1969	6	2.61028297367833
"MN"	1969	7	6.50997336420213
"MN"	1969	8	6.53276558492395
"MN"	1969	9	-0.160890860827351
"MN"	1969	10	-5.4802594175425
"MN"	1969	11	-8.40314747202346
"MN"	1969	12	-19.3939471973265
"MN"	1970	1	-29.8037163387684
"MN"	1970	2	-29.3151870802799
"MN"	1970	3	-19.5320468025778
"MN"	1970	4	-12.1817508987995
"MN"	1970	5	-3.85990264919591
"MN"	1970	6	2.99393668900775
"MN"	1970	7	8.00277219033216
"MN"	1970	8	7.72326552985131
"MN"	1970	9	1.05259239951397
"MN"	1970	10	-2.25898233960512
"MN"	1970	11	-12.1675408825799
"MN"	1970	12	-27.2534087326243
"MN"	1971	1	-28.4443626330905
"MN"	1971	2	-27.7957702922077
"MN"	1971	3	-19.5243304188939
"MN"	1971	4	-8.78295852812732
"MN"	1971	5	-1.07736746093422
"MN"	1971	6	2.57784914014133
"MN"	1971	7	7.19575438044254
"MN"	1971	8	5.71295453025507
"MN"	1971	9	2.76399689835454
"MN"	1971	10	-2.13839289921474
"MN"	1971	11	-14.3312308866899
"MN"	1971	12	-26.8161486761097
"MN"	1972	1	-31.5850229216537
"MN"	1972	2	-31.7781450654236
"MN"	1972	3	-24.5180820961525
"MN"	1972	4	-11.9875658965125
"MN"	1972	5	-4.59704180360904
"MN"	1972	6	3.06238948147061
"MN"	1972	7	7.18918661822504
"MN"	1972	8	4.8018843537764
"MN"	1972	9	1.07300776651058
"MN"	1972	10	-6.91912412014745
"MN"	1972	11	-15.5949442580293
"MN"	1972	12	-30.3833588353801
"MN"	1973	1	-27.8268823188982
"MN"	1973	2	-29.3624702859652
"MN"	1973	3	-18.1136314923784
"MN"	1973	4	-8.89553670245441
"MN"	1973	5	-1.01858734707933
"MN"	1973	6	5.3479922394513
"MN"	1973	7	9.68332637842393
"MN"	1973	8	8.09010826639513
"MN"	1973	9	1.07923389112102
"MN"	1973	10	-3.60192761266454
"MN"	1973	11	-12.9592119120632
"MN"	1973	12	-19.5557631590082
"MN"	1974	1	-34.1709025433885
"MN"	1974	2	-28.9485162100047
"MN"	1974	3	-25.1110665755195
"MN"	1974	4	-12.7067826818837
"MN"	1974	5	-3.94156994206698
"MN"	1974	6	4.43508099526738
"MN"	1974	7	7.47838863836902
"MN"	1974	8	5.77772846158552
"MN"	1974	9	0.182309059256016
"MN"	1974	10	-7.18735919596698
"MN"	1974	11	-11.8242770526731
"MN"	1974	12	-19.9335575276144
"MN"	1975	1	-30.7179331141189
"MN"	1975	2	-28.3357866115893
"MN"	1975	3	-21.2105067419706
"MN"	1975	4	-11.8212708836825
"MN"	1975	5	-2.2656173819879
"MN"	1975	6	5.22389372915503
"MN"	1975	7	9.77439024285625
"MN"	1975	8	6.36469704424318
"MN"	1975	9	2.88194332836555
"MN"	1975	10	-3.37587716156837
"MN"	1975	11	-12.4903039031852
"MN"	1975	12	-27.3171987549085
"MN"	1976	1	-30.368347269648
"MN"	1976	2	-28.4236126685679
"MN"	1976	3	-24.611748361187
"MN"	1976	4	-10.1387978361065
"MN"	1976	5	-2.09029037554579
"MN"	1976	6	4.61449438982441
"MN"	1976	7	7.77123066969135
"MN"	1976	8	5.85092374842035
"MN"	1976	9	0.777940700994401
"MN"	1976	10	-5.26769770203741
"MN"	1976	11	-13.057508175303
"MN"	1976	12	-28.1074433263766
"MN"	1977	1	-27.5221986532682
"MN"	1977	2	-25.1112086229865
"MN"	1977	3	-14.7143690707921
"MN"	1977	4	-12.9590178730682
"MN"	1977	5	-2.51516184001688
"MN"	1977	6	4.10674016540439
"MN"	1977	7	6.26859229744663
"MN"	1977	8	5.53628552347662
"MN"	1977	9	0.370042837140616
"MN"	1977	10	-3.1629907047617
"MN"	1977	11	-9.72611505138496
"MN"	1977	12	-23.0047320263935
"MN"	1978	1	-28.679375593375
"MN"	1978	2	-23.2977434114209
"MN"	1978	3	-25.3177316443314
"MN"	1978	4	-11.1815392441025
"MN"	1978	5	-1.13985603302322
"MN"	1978	6	3.20032470699262
"MN"	1978	7	6.86608510153181
"MN"	1978	8	5.52066226602896
"MN"	1978	9	-0.641948196799305
"MN"	1978	10	-5.4618466590559
"MN"	1978	11	-15.7963671324883
"MN"	1978	12	-24.1090808659504
"MN"	1979	1	-24.2398130985513
"MN"	1979	2	-27.9826408143113
"MN"	1979	3	-17.3214967901826
"MN"	1979	4	-7.90576735934476
"MN"	1979	5	-0.264045569068178
"MN"	1979	6	4.59484921787249
"MN"	1979	7	7.56339529764109
"MN"	1979	8	5.80397265585751
"MN"	1979	9	0.841925227910721
"MN"	1979	10	-3.06436140108458
"MN"	1979	11	-10.5686584884109
"MN"	1979	12	-19.6204522042505
"MN"	1980	1	-25.903546111938
"MN"	1980	2	-27.8656973363252
"MN"	1980	3	-20.1251317000007
"MN"	1980	4	-9.23105642432091
"MN"	1980	5	-1.88757071883992
"MN"	1980	6	2.08987734916965
"MN"	1980	7	6.96025358072192
"MN"	1980	8	7.48617603635893
"MN"	1980	9	0.321835869971139
"MN"	1980	10	-5.17054204733059
"MN"	1980	11	-13.2432195432116
"MN"	1980	12	-28.8388584501814
"MN"	1981	1	-27.9710089006304
"MN"	1981	2	-18.646745299617
"MN"	1981	3	-15.0282824067714
"MN"	1981	4	-11.1569811286302
"MN"	1981	5	-2.91050464969116
"MN"	1981	6	2.78489177242691
"MN"	1981	7	6.85637933338876
"MN"	1981	8	6.26721629766589
"MN"	1981	9	3.19808336034814
"MN"	1981	10	-4.08041091573544
"MN"	1981	11	-9.92036091901547
"MN"	1981	12	-17.3645150258207
"MN"	1982	1	-30.9429492147871
"MN"	1982	2	-30.2257530955748
"MN"	1982	3	-22.8308114365142
"MN"	1982	4	-14.2832574497806
"MN"	1982	5	-1.93302031545573
"MN"	1982	6	3.27945312773468
"MN"	1982	7	6.85151708679961
"MN"	1982	8	3.94690576414467
"MN"	1982	9	1.27104850892975
"MN"	1982	10	-3.19390657118385
"MN"	1982	11	-12.0004303900823
"MN"	1982	12	-23.7974212538125
"MN"	1983	1	-26.7201696219501
"MN"	1983	2	-27.203334552983
"MN"	1983	3	-17.8329938537317
"MN"	1983	4	-7.00949902499124
"MN"	1983	5	-2.75529549710107
"MN"	1983	6	3.97318459767749
"MN"	1983	7	6.64545703470553
"MN"	1983	8	6.02503571052443
"MN"	1983	9	3.34101175754591
"MN"	1983	10	-3.51094677758577
"MN"	1983	11	-11.9839839861354
"MN"	1983	12	-25.6379665797621
"MN"	1984	1	-32.7033324394719
"MN"	1984	2	-21.9800659789365
"MN"	1984	3	-22.2350940440482
"MN"	1984	4	-10.3350736978593
"MN"	1984	5	-2.57755418611629
"MN"	1984	6	2.76570442266145
"MN"	1984	7	8.23804163528629
"MN"	1984	8	6.80154516564894
"MN"	1984	9	1.20820853735862
"MN"	1984	10	-4.0315150658483
"MN"	1984	11	-11.3716861586253
"MN"	1984	12	-23.8866079231791
"MN"	1985	1	-28.1931187962229
"MN"	1985	2	-25.2566010842097
"MN"	1985	3	-21.5375217820094
"MN"	1985	4	-13.6595573561118
"MN"	1985	5	-4.90002381521227
"MN"	1985	6	2.75658457206657
"MN"	1985	7	7.22915030866278
"MN"	1985	8	5.97638524691572
"MN"	1985	9	2.77274468702065
"MN"	1985	10	-3.55564265056719
"MN"	1985	11	-13.6642816806968
"MN"	1985	12	-26.3436282847851
"MN"	1986	1	-28.1899239855498
"MN"	1986	2	-27.6340846502892
"MN"	1986	3	-23.4405934583728
"MN"	1986	4	-7.38254646876528
"MN"	1986	5	-2.12288647803045
"MN"	1986	6	0.745433828757479
"MN"	1986	7	6.01859610737449
"MN"	1986	8	5.44943179259663
"MN"	1986	9	-0.165305402400722
"MN"	1986	10	-5.68336987846227
"MN"	1986	11	-17.1625991154766
"MN"	1986	12	-23.3091910203837
"MN"	1987	1	-27.5940992018597
"MN"	1987	2	-25.9139468808701
"MN"	1987	3	-17.3444616312423
"MN"	1987	4	-6.90345071105605
"MN"	1987	5	-3.04615195661693
"MN"	1987	6	2.931963031323
"MN"	1987	7	8.0061989442508
"MN"	1987	8	4.8205465147676
"MN"	1987	9	2.39407741567374
"MN"	1987	10	-3.41473130021944
"MN"	1987	11	-12.8673091693793
"MN"	1987	12	-22.7832387782331
"MN"	1988	1	-26.9060541371826
"MN"	1988	2	-30.0976815991559
"MN"	1988	3	-20.3490986192012
"MN"	1988	4	-8.22193917528125
"MN"	1988	5	-1.46981531596163
"MN"	1988	6	2.11610267035221
"MN"	1988	7	7.79186302872292
"MN"	1988	8	5.68964838971807
"MN"	1988	9	1.35100993712792
"MN"	1988	10	-4.84964009446465
"MN"	1988	11	-10.6786843647727
"MN"	1988	12	-26.2656980717515
"MN"	1989	1	-29.6263186042166
"MN"	1989	2	-30.7868526482523
"MN"	1989	3	-24.6546868755678
"MN"	1989	4	-9.73807816466298
"MN"	1989	5	-0.493870140650036
"MN"	1989	6	3.99788425168349
"MN"	1989	7	5.77544607567472
"MN"	1989	8	6.45675721930317
"MN"	1989	9	2.10558120972853
"MN"	1989	10	-4.08799854324966
"MN"	1989	11	-15.2969171521035
"MN"	1989	12	-27.4565124664865
"MN"	1990	1	-27.7555551181447
"MN"	1990	2	-31.3827791361469
"MN"	1990	3	-22.3614139883045
"MN"	1990	4	-10.9522047019106
"MN"	1990	5	-4.11843596890754
"MN"	1990	6	3.07742416439263
"MN"	1990	7	7.15677706672035
"MN"	1990	8	7.02192118282312
"MN"	1990	9	0.657869736365851
"MN"	1990	10	-3.92964372839603
"MN"	1990	11	-12.3222889037456
"MN"	1990	12	-25.0553500582726
"MN"	1991	1	-34.4943920936291
"MN"	1991	2	-28.0863843845915
"MN"	1991	3	-18.6691132341754
"MN"	1991	4	-11.3647542159556
"MN"	1991	5	-2.94379548345455
"MN"	1991	6	3.15480761555775
"MN"	1991	7	6.83579452043627
"MN"	1991	8	6.1851265892961
"MN"	1991	9	0.707932902237945
"MN"	1991	10	-3.67438300788466
"MN"	1991	11	-12.054903147863
"MN"	1991	12	-27.4614863307115
"MN"	1992	1	-28.9433842388531
"MN"	1992	2	-30.3982004090727
"MN"	1992	3	-22.8774351430659
"MN"	1992	4	-12.5761245461631
"MN"	1992	5	-3.57014702676263
"MN"	1992	6	2.63012315787426
"MN"	1992	7	4.61248259672918
"MN"	1992	8	5.4462539638021
"MN"	1992	9	1.95590691358398
"MN"	1992	10	-4.42202709328235
"MN"	1992	11	-14.7948368464257
"MN"	1992	12	-23.6739245676003
"MN"	1993	1	-30.6026210436652
"MN"	1993	2	-33.5185739176893
"MN"	1993	3	-22.5861051340421
"MN"	1993	4	-9.88659425309884
"MN"	1993	5	-1.19761357320338
"MN"	1993	6	3.00348545072309
"MN"	1993	7	7.48691370651392
"MN"	1993	8	6.90514861669039
"MN"	1993	9	0.30200678735811
"MN"	1993	10	-6.17239870338795
"MN"	1993	11	-15.6421665360687
"MN"	1993	12	-22.3913269887053
"MN"	1994	1	-33.9720034926572
"MN"	1994	2	-30.2474844960549
"MN"	1994	3	-19.694665969427
"MN"	1994	4	-13.5962711380228
"MN"	1994	5	-4.52626360922005
"MN"	1994	6	4.07506829090816
"MN"	1994	7	7.75937558043105
"MN"	1994	8	4.56166741176958
"MN"	1994	9	1.94645844429514
"MN"	1994	10	-1.92524265751568
"MN"	1994	11	-10.7967370380864
"MN"	1994	12	-22.2122958873512
"MN"	1995	1	-27.0511547670622
"MN"	1995	2	-30.5843136672047
"MN"	1995	3	-20.4024747170267
"MN"	1995	4	-10.7052092354765
"MN"	1995	5	-2.95622207409084
"MN"	1995	6	3.34506371793057
"MN"	1995	7	8.43017992065733
"MN"	1995	8	5.91562358336976
"MN"	1995	9	0.189573332576373
"MN"	1995	10	-1.68015568535235
"MN"	1995	11	-14.7581357267443
"MN"	1995	12	-24.2355559614323
"MN"	1996	1	-30.4392555729525
"MN"	1996	2	-25.9280378488515
"MN"	1996	3	-20.2089262153248
"MN"	1996	4	-8.81322325269643
"MN"	1996	5	-4.387482516246
"MN"	1996	6	3.71360325115385
"MN"	1996	7	7.49956949984805
"MN"	1996	8	5.96691824007645
"MN"	1996	9	0.931684951158121
"MN"	1996	10	-4.93689675983379
"MN"	1996	11	-12.6259846159932
"MN"	1996	12	-19.2599538215952
"MN"	1997	1	-27.6354635596946
"MN"	1997	2	-29.7773602374267
"MN"	1997	3	-24.7134581594522
"MN"	1997	4	-12.1200839200403
"MN"	1997	5	-3.51993756378167
"MN"	1997	6	2.28078755138664
"MN"	1997	7	6.96767757264314
"MN"	1997	8	4.61547775759044
"MN"	1997	9	2.17324186896771
"MN"	1997	10	-3.89542659718307
"MN"	1997	11	-13.5997626176895
"MN"	1997	12	-22.5843990966888
"MN"	1998	1	-25.6388366000311
"MN"	1998	2	-21.831000208271
"MN"	1998	3	-19.1154621473269
"MN"	1998	4	-8.32566134157203
"MN"	1998	5	-0.353313033929776
"MN"	1998	6	4.84670022375139
"MN"	1998	7	7.43459970041435
"MN"	1998	8	5.36124961590666
"MN"	1998	9	3.01475855700588
"MN"	1998	10	-3.45567234370104
"MN"	1998	11	-12.4788775647372
"MN"	1998	12	-24.0081561539641
"MN"	1999	1	-29.2485296865751
"MN"	1999	2	-24.887637302336
"MN"	1999	3	-15.0140386220072
"MN"	1999	4	-8.12977384996791
"MN"	1999	5	-0.38727226787557
"MN"	1999	6	4.91146387421363
"MN"	1999	7	7.50044568785965
"MN"	1999	8	5.70429477148614
"MN"	1999	9	4.55668410945575
"MN"	1999	10	-5.41755461167158
"MN"	1999	11	-11.7626533419497
"MN"	1999	12	-21.4306487610894
"MN"	2000	1	-28.0639388528519
"MN"	2000	2	-27.4464098860991
"MN"	2000	3	-16.1084375951542
"MN"	2000	4	-12.5324298599636
"MN"	2000	5	-3.22168671320136
"MN"	2000	6	1.375061814925
"MN"	2000	7	6.76531148985396
"MN"	2000	8	6.74474807846367
"MN"	2000	9	0.799278988147998
"MN"	2000	10	-4.9810042875362
"MN"	2000	11	-10.2504145875776
"MN"	2000	12	-23.4513309696973
"MN"	2001	1	-28.3844755379132
"MN"	2001	2	-28.5067780781363
"MN"	2001	3	-17.998477732362
"MN"	2001	4	-12.1338313822268
"MN"	2001	5	-0.356639859797203
"MN"	2001	6	3.93735232352448
"MN"	2001	7	7.2292793082192
"MN"	2001	8	6.68275498465903
"MN"	2001	9	1.84254984639387
"MN"	2001	10	-2.74582280750555
"MN"	2001	11	-10.9415968902457
"MN"	2001	12	-18.3698247225453
"MN"	2002	1	-28.9095827837741
"MN"	2002	2	-27.6682360897903
"MN"	2002	3	-23.7845029357183
"MN"	2002	4	-11.7340329685704
"MN"	2002	5	-4.69225674250941
"MN"	2002	6	1.2982995097424
"MN"	2002	7	7.1924659098921
"MN"	2002	8	6.11838248314136
"MN"	2002	9	2.08649895281947
"MN"	2002	10	-5.61172263444755
"MN"	2002	11	-15.4358685301908
"MN"	2002	12	-23.2859113609838
"MN"	2003	1	-28.0387227553635
"MN"	2003	2	-30.1301927346331
"MN"	2003	3	-23.5670929108831
"MN"	2003	4	-13.9328934390673
"MN"	2003	5	-3.22878992882254
"MN"	2003	6	3.35789166600831
"MN"	2003	7	7.35500090182085
"MN"	2003	8	5.75161454024756
"MN"	2003	9	3.33111097044058
"MN"	2003	10	-3.57845776553175
"MN"	2003	11	-11.5330152967981
"MN"	2003	12	-21.9997999860781
"MN"	2004	1	-29.0713456717261
"MN"	2004	2	-26.3919680580952
"MN"	2004	3	-21.1465657648672
"MN"	2004	4	-11.6300718520347
"MN"	2004	5	-4.56635867992858
"MN"	2004	6	1.71626020931459
"MN"	2004	7	7.41701712536365
"MN"	2004	8	5.88240593616414
"MN"	2004	9	0.176287542674814
"MN"	2004	10	-3.64567951963839
"MN"	2004	11	-13.6326445450873
"MN"	2004	12	-27.4118609520109
"MN"	2005	1	-33.0069284030653
"MN"	2005	2	-25.5526876895082
"MN"	2005	3	-20.1229279815024
"MN"	2005	4	-8.02490538548571
"MN"	2005	5	-1.90495257213205
"MN"	2005	6	3.6736003572718
"MN"	2005	7	6.87863712038001
"MN"	2005	8	5.61072035975
"MN"	2005	9	2.32180585292064
"MN"	2005	10	-2.113040759815
"MN"	2005	11	-12.8343659338824
"MN"	2005	12	-23.7225219690404
"MN"	2006	1	-25.3448302569204
"MN"	2006	2	-28.0115500200133
"MN"	2006	3	-15.2960933544779
"MN"	2006	4	-7.91662214573977
"MN"	2006	5	-0.944406936092263
"MN"	2006	6	4.63022222966139
"MN"	2006	7	7.6399756863301
"MN"	2006	8	3.83653271925475
"MN"	2006	9	0.76750360485897
"MN"	2006	10	-3.98026197544455
"MN"	2006	11	-10.1377173190493
"MN"	2006	12	-21.1319339303748
"MN"	2007	1	-26.8841103290231
"MN"	2007	2	-27.8679191316964
"MN"	2007	3	-22.6661103135222
"MN"	2007	4	-10.504678526931
"MN"	2007	5	-4.08460867059963
"MN"	2007	6	3.58640765406912
"MN"	2007	7	6.80116654280241
"MN"	2007	8	4.35988386253883
"MN"	2007	9	0.613201396889585
"MN"	2007	10	-2.94721538500146
"MN"	2007	11	-15.1422407192214
"MN"	2007	12	-27.2402101433081
"MN"	2008	1	-27.124032056845
"MN"	2008	2	-28.1211473659957
"MN"	2008	3	-24.5334217011629
"MN"	2008	4	-7.48878827825723
"MN"	2008	5	-2.02556365500514
"MN"	2008	6	4.14231516171097
"MN"	2008	7	8.16232889444787
"MN"	2008	8	6.68101777324553
"MN"	2008	9	1.45878742378906
"MN"	2008	10	-3.71382666112828
"MN"	2008	11	-11.4476142058765
"MN"	2008	12	-27.1475855392403
"MN"	2009	1	-30.8640885751426
"MN"	2009	2	-24.570532480404
"MN"	2009	3	-22.098333220935
"MN"	2009	4	-9.06877763199293
"MN"	2009	5	-4.46720551443646
"MN"	2009	6	3.59803335656075
"MN"	2009	7	7.52359213872459
"MN"	2009	8	5.60032865019755
"MN"	2009	9	0.904244052252409
"MN"	2009	10	-5.78010496217141
"MN"	2009	11	-9.65337878074859
"MN"	2009	12	-21.653980740164
"MN"	2010	1	-23.1038776670876
"MN"	2010	2	-16.915371390475
"MN"	2010	3	-17.460764820279
"MN"	2010	4	-6.24474355345468
"MN"	2010	5	-1.30944882071547
"MN"	2010	6	2.25356817733683
"MN"	2010	7	8.38501635316496
"MN"	2010	8	6.31818598800416
"MN"	2010	9	2.14959423590996
"MN"	2010	10	-3.34606076227883
"MN"	2010	11	-11.8591702378479
"MN"	2010	12	-16.2589971646999
"MN"	2011	1	-25.2429526454665
"MN"	2011	2	-28.1553931870816
"MN"	2011	3	-20.2205014409592
"MN"	2011	4	-12.8170441196892
"MN"	2011	5	-3.15209790131504
"MN"	2011	6	3.10890233878221
"MN"	2011	7	6.44659895688278
"MN"	2011	8	6.434960307593
"MN"	2011	9	1.69490406554658
"MN"	2011	10	-2.81157361396572
"MN"	2011	11	-11.1648928517938
"MN"	2011	12	-25.1624674500473
"MN"	2012	1	-29.2813266693677
"MN"	2012	2	-25.8912187476547
"MN"	2012	3	-18.0775583156309
"MN"	2012	4	-9.18636153164745
"MN"	2012	5	-1.89501413314815
"MN"	2012	6	4.96409688580324
"MN"	2012	7	7.20825730235484
"MN"	2012	8	7.1509849238588
"MN"	2012	9	2.24020315487721
"MN"	2012	10	-3.17655658877575
"MN"	2012	11	-11.9705924122407
"MN"	2012	12	-21.8648196350269
"MN"	2013	1	-29.7193758469443
"MN"	2013	2	-25.4236584137145
"MN"	2013	3	-13.5320956159448
"MN"	2013	4	-10.7533045712037
"MN"	2013	5	-2.23805670029544
"MN"	2013	6	1.71921238299389
"MN"	2013	7	6.5699515508962
"MN"	2013	8	5.06651784429959
"MN"	2013	9	1.18548520398436
"MN"	2013	10	-3.54104059846101
"MN"	2013	11	-13.5764515261653
"MN"	2013	12	-29.9665375769479
"MN"	2014	1	-29.657463817228
"MN"	2014	2	-28.1536776017859
"MN"	2014	3	-26.0846260480932
"MN"	2014	4	-11.0185365455043
"MN"	2014	5	-2.38113956916292
"MN"	2014	6	4.17420807363793
"MN"	2014	7	8.33167525424018
"MN"	2014	8	6.58172380233969
"MN"	2014	9	0.130694534653387
"MN"	2014	10	-3.40514854091457
"MN"	2014	11	-16.182706752409
"MN"	2014	12	-23.9680844955661
"MN"	2015	1	-32.7958269305105
"MN"	2015	2	-35.6824249517461
"MN"	2015	3	-23.536170632439
"MN"	2015	4	-11.882717115681
"MN"	2015	5	-2.52422631398816
"MN"	2015	6	2.22911563961535
"MN"	2015	7	6.79345595264125
"MN"	2015	8	7.29679665278904
"MN"	2015	9	2.97582086105202
"MN"	2015	10	-6.26906148705647
"MN"	2015	11	-12.389451470739
"MN"	2015	12	-18.9694397634535
"MN"	2016	1	-25.2345075298584
"MN"	2016	2	-28.6108719280043
"MN"	2016	3	-22.7873945246055
"MN"	2016	4	-14.1464323055936
"MN"	2016	5	-2.66730890209017
"MN"	2016	6	4.08394640210536
"MN"	2016	7	7.15525755795901
"MN"	2016	8	5.71186534142818
"MN"	2016	9	1.32094796930008
"MN"	2016	10	-3.6329648687591
"MN"	2016	11	-10.296470774975
"MN"	2016	12	-26.6705176194889
