"MW"	1901	1	-16.2485298708216
"MW"	1901	2	-12.5608709104226
"MW"	1901	3	-7.11618412797997
"MW"	1901	4	3.22604050394432
"MW"	1901	5	9.85047479929109
"MW"	1901	6	16.8658473144028
"MW"	1901	7	18.4127182345704
"MW"	1901	8	17.7205713555055
"MW"	1901	9	11.012661610035
"MW"	1901	10	2.86493876214421
"MW"	1901	11	-5.20319330259474
"MW"	1901	12	-11.8544404606413
"MW"	1902	1	-15.3543153453718
"MW"	1902	2	-9.92955774710411
"MW"	1902	3	-3.3143889584018
"MW"	1902	4	1.82188241677117
"MW"	1902	5	6.6341325832139
"MW"	1902	6	12.7189546002269
"MW"	1902	7	17.5628994932322
"MW"	1902	8	16.3711686051261
"MW"	1902	9	11.8197905154324
"MW"	1902	10	1.4585519114337
"MW"	1902	11	-3.87907894409076
"MW"	1902	12	-14.4655363552198
"MW"	1903	1	-15.8600728672757
"MW"	1903	2	-12.2984175939459
"MW"	1903	3	-3.6125851092852
"MW"	1903	4	0.517396252573727
"MW"	1903	5	8.71760657785917
"MW"	1903	6	13.4719146686104
"MW"	1903	7	16.0130689078116
"MW"	1903	8	14.1216233465936
"MW"	1903	9	10.9268418391081
"MW"	1903	10	3.05220361081025
"MW"	1903	11	-4.35492246143255
"MW"	1903	12	-14.9767143928691
"MW"	1904	1	-18.2658211926278
"MW"	1904	2	-15.5679255869516
"MW"	1904	3	-7.51107829376175
"MW"	1904	4	0.0121663547286858
"MW"	1904	5	9.50081623625437
"MW"	1904	6	15.9248162677108
"MW"	1904	7	18.5633102357388
"MW"	1904	8	16.3718522797778
"MW"	1904	9	9.93363114992551
"MW"	1904	10	2.64604881128421
"MW"	1904	11	-5.73075584408586
"MW"	1904	12	-16.0878808551054
"MW"	1905	1	-17.8715483893017
"MW"	1905	2	-14.6386734617287
"MW"	1905	3	-6.81045064693721
"MW"	1905	4	1.10578145162482
"MW"	1905	5	8.1836305196889
"MW"	1905	6	15.6779247927945
"MW"	1905	7	18.913888882204
"MW"	1905	8	17.0219693859754
"MW"	1905	9	10.7399337144642
"MW"	1905	10	3.64026890749243
"MW"	1905	11	-5.00663620010959
"MW"	1905	12	-10.8986697853533
"MW"	1906	1	-11.5770167286173
"MW"	1906	2	-10.2110785761537
"MW"	1906	3	-8.31125624153439
"MW"	1906	4	0.197879388486547
"MW"	1906	5	6.76578974743753
"MW"	1906	6	16.2314754888757
"MW"	1906	7	19.2650714786411
"MW"	1906	8	18.5721375797502
"MW"	1906	9	10.645565861435
"MW"	1906	10	3.7350524312078
"MW"	1906	11	-4.58254042893796
"MW"	1906	12	-13.7084476663282
"MW"	1907	1	-17.4818722379704
"MW"	1907	2	-15.1854816220036
"MW"	1907	3	-7.31396904041684
"MW"	1907	4	0.0880877734106492
"MW"	1907	5	5.34702391819999
"MW"	1907	6	15.7856329861372
"MW"	1907	7	17.0170396228125
"MW"	1907	8	15.2224404162601
"MW"	1907	9	9.55034213708524
"MW"	1907	10	1.3305215834687
"MW"	1907	11	-3.55840419986146
"MW"	1907	12	-9.91665086230745
"MW"	1908	1	-15.0860388977998
"MW"	1908	2	-13.7624205174
"MW"	1908	3	-8.21889660522607
"MW"	1908	4	-2.72392295303199
"MW"	1908	5	7.72722121807216
"MW"	1908	6	16.4404608051013
"MW"	1908	7	20.5698997544623
"MW"	1908	8	16.3728119187875
"MW"	1908	9	13.5540886617186
"MW"	1908	10	5.12675290247277
"MW"	1908	11	-4.43419099299265
"MW"	1908	12	-14.3227403599145
"MW"	1909	1	-16.9894194182059
"MW"	1909	2	-14.2423488633916
"MW"	1909	3	-6.62621183281219
"MW"	1909	4	0.0616438427100122
"MW"	1909	5	7.60652247742011
"MW"	1909	6	15.7959328811955
"MW"	1909	7	17.2237851358976
"MW"	1909	8	17.723251003952
"MW"	1909	9	10.1566525803037
"MW"	1909	10	4.12389205212524
"MW"	1909	11	-2.90996515314384
"MW"	1909	12	-9.92636113657759
"MW"	1910	1	-11.7919308172609
"MW"	1910	2	-12.1256407124506
"MW"	1910	3	-5.73593231616937
"MW"	1910	4	1.14488280129775
"MW"	1910	5	8.48516120103486
"MW"	1910	6	13.8519029201613
"MW"	1910	7	17.4786831353948
"MW"	1910	8	16.3737693252046
"MW"	1910	9	9.65767112026381
"MW"	1910	10	2.42191776470386
"MW"	1910	11	-3.58587275305057
"MW"	1910	12	-12.2271530309507
"MW"	1911	1	-14.4935040161373
"MW"	1911	2	-14.5126230392832
"MW"	1911	3	-7.14804773969246
"MW"	1911	4	1.12599789562986
"MW"	1911	5	10.6634079278875
"MW"	1911	6	15.608181910701
"MW"	1911	7	19.4346271731923
"MW"	1911	8	17.5242869960897
"MW"	1911	9	9.65677372491248
"MW"	1911	10	2.82068026706266
"MW"	1911	11	-6.06223269308359
"MW"	1911	12	-10.6249687836168
"MW"	1912	1	-19.9944082353918
"MW"	1912	2	-10.7036879801747
"MW"	1912	3	-8.26259487389084
"MW"	1912	4	-1.69483986733468
"MW"	1912	5	8.34145854936232
"MW"	1912	6	13.2646716985509
"MW"	1912	7	17.5917041490036
"MW"	1912	8	13.0746906542704
"MW"	1912	9	9.05369017069843
"MW"	1912	10	3.02004983940216
"MW"	1912	11	-5.33946342868969
"MW"	1912	12	-12.2198098071456
"MW"	1913	1	-13.3950283228634
"MW"	1913	2	-15.899220231438
"MW"	1913	3	-6.37953986816027
"MW"	1913	4	2.08254389419219
"MW"	1913	5	6.41928860299419
"MW"	1913	6	14.4213101171963
"MW"	1913	7	17.149929458736
"MW"	1913	8	15.6248574531697
"MW"	1913	9	10.6482727278621
"MW"	1913	10	5.1199149623866
"MW"	1913	11	-2.21788537471878
"MW"	1913	12	-10.711876556287
"MW"	1914	1	-16.8955018585668
"MW"	1914	2	-17.7997504431654
"MW"	1914	3	-5.09869833427448
"MW"	1914	4	-1.14152224241314
"MW"	1914	5	10.3968342954232
"MW"	1914	6	13.7782004882946
"MW"	1914	7	19.1093643969335
"MW"	1914	8	16.1749376224645
"MW"	1914	9	10.3405125686346
"MW"	1914	10	2.92011625322875
"MW"	1914	11	-6.59779178345698
"MW"	1914	12	-13.4015030023981
"MW"	1915	1	-12.9960678259043
"MW"	1915	2	-10.2055769328068
"MW"	1915	3	-5.71988964785976
"MW"	1915	4	2.23326281323536
"MW"	1915	5	7.07411342360406
"MW"	1915	6	15.7355787524496
"MW"	1915	7	18.170149239521
"MW"	1915	8	16.925228173993
"MW"	1915	9	10.8304301822988
"MW"	1915	10	3.92031820977982
"MW"	1915	11	-4.17962570795463
"MW"	1915	12	-10.3891916539204
"MW"	1916	1	-13.9969963993603
"MW"	1916	2	-14.3166613917271
"MW"	1916	3	-10.0430649276807
"MW"	1916	4	2.20728779355598
"MW"	1916	5	7.95101161015209
"MW"	1916	6	15.9938026143495
"MW"	1916	7	20.7323738310399
"MW"	1916	8	17.9760626495529
"MW"	1916	9	10.1180582692835
"MW"	1916	10	1.72012343825816
"MW"	1916	11	-6.76373988902776
"MW"	1916	12	-12.0754885227894
"MW"	1917	1	-18.4988113485408
"MW"	1917	2	-16.1331172349672
"MW"	1917	3	-6.06819625588763
"MW"	1917	4	0.280823650106905
"MW"	1917	5	4.82745139506627
"MW"	1917	6	15.4532023299573
"MW"	1917	7	18.0960622557692
"MW"	1917	8	17.627718881386
"MW"	1917	9	9.70342290997692
"MW"	1917	10	0.819080654135069
"MW"	1917	11	-6.95045104465688
"MW"	1917	12	-16.8611369209778
"MW"	1918	1	-16.7021977181173
"MW"	1918	2	-16.3549958099675
"MW"	1918	3	-8.79499729789104
"MW"	1918	4	1.2539966073333
"MW"	1918	5	7.10345113591718
"MW"	1918	6	13.5140316076585
"MW"	1918	7	16.5610390832078
"MW"	1918	8	15.7803266883674
"MW"	1918	9	8.88659916818015
"MW"	1918	10	3.21685908887237
"MW"	1918	11	-4.23987742127779
"MW"	1918	12	-12.8469067235436
"MW"	1919	1	-15.4076568558988
"MW"	1919	2	-9.58205392186665
"MW"	1919	3	-5.22310067303041
"MW"	1919	4	0.426923626494022
"MW"	1919	5	8.47931223656536
"MW"	1919	6	17.7765446405596
"MW"	1919	7	17.8271201384329
"MW"	1919	8	17.1339117688706
"MW"	1919	9	10.6677749829833
"MW"	1919	10	0.613316768221531
"MW"	1919	11	-4.83192635938932
"MW"	1919	12	-15.8332573520659
"MW"	1920	1	-19.3155861676227
"MW"	1920	2	-12.6138353879807
"MW"	1920	3	-5.25199060123206
"MW"	1920	4	0.899689573561736
"MW"	1920	5	10.3554717047001
"MW"	1920	6	17.2410769754653
"MW"	1920	7	17.1942630316555
"MW"	1920	8	18.2885236619677
"MW"	1920	9	10.8472892656255
"MW"	1920	10	5.00837851981155
"MW"	1920	11	-6.32649599716945
"MW"	1920	12	-12.0205038294933
"MW"	1921	1	-14.7263405858445
"MW"	1921	2	-13.250148825457
"MW"	1921	3	-4.58123403701615
"MW"	1921	4	2.87238454640073
"MW"	1921	5	12.0323086243882
"MW"	1921	6	16.1077533775762
"MW"	1921	7	21.6625091047373
"MW"	1921	8	15.1441411131099
"MW"	1921	9	11.3255018725342
"MW"	1921	10	1.60210855551871
"MW"	1921	11	-6.02345217707329
"MW"	1921	12	-13.608734234596
"MW"	1922	1	-16.5400371919708
"MW"	1922	2	-13.990947583618
"MW"	1922	3	-4.61056338891161
"MW"	1922	4	2.44504301041466
"MW"	1922	5	10.1099325551846
"MW"	1922	6	15.5764680416395
"MW"	1922	7	18.7319192354296
"MW"	1922	8	17.1006153994809
"MW"	1922	9	11.1027339283265
"MW"	1922	10	2.09447856501789
"MW"	1922	11	-4.72250283054438
"MW"	1922	12	-15.6980236899219
"MW"	1923	1	-17.5568084669539
"MW"	1923	2	-17.1362031154912
"MW"	1923	3	-11.3399291285136
"MW"	1923	4	-0.682515266951009
"MW"	1923	5	7.98805002295261
"MW"	1923	6	15.4469968338083
"MW"	1923	7	17.3022870310387
"MW"	1923	8	14.8578600661193
"MW"	1923	9	11.7792303534442
"MW"	1923	10	5.48554284463366
"MW"	1923	11	-2.42321839293209
"MW"	1923	12	-7.88834157348774
"MW"	1924	1	-17.2767284866382
"MW"	1924	2	-15.4857697923734
"MW"	1924	3	-4.26937600626637
"MW"	1924	4	0.389372191597741
"MW"	1924	5	6.7661275608058
"MW"	1924	6	15.0190651961113
"MW"	1924	7	17.9733128769074
"MW"	1924	8	16.5158020458186
"MW"	1924	9	11.4551545800675
"MW"	1924	10	5.27539912778136
"MW"	1924	11	-3.12518826182013
"MW"	1924	12	-15.3795087127809
"MW"	1925	1	-19.7997006667866
"MW"	1925	2	-10.6391509739817
"MW"	1925	3	-4.19864467161433
"MW"	1925	4	0.360448397402959
"MW"	1925	5	6.84362484607657
"MW"	1925	6	15.7923777520338
"MW"	1925	7	17.2447638414861
"MW"	1925	8	17.5744890216677
"MW"	1925	9	8.83054527638963
"MW"	1925	10	-1.63608894036983
"MW"	1925	11	-5.12821714079504
"MW"	1925	12	-12.5716314819239
"MW"	1926	1	-16.1254092705273
"MW"	1926	2	-14.3956654275806
"MW"	1926	3	-8.72760507479853
"MW"	1926	4	-2.46948577415846
"MW"	1926	5	6.1201336400324
"MW"	1926	6	13.866639710161
"MW"	1926	7	17.4164631352645
"MW"	1926	8	15.5339802387017
"MW"	1926	9	9.80538137451028
"MW"	1926	10	2.25079560468419
"MW"	1926	11	-4.13227469891907
"MW"	1926	12	-14.5647140271879
"MW"	1927	1	-13.8531963939743
"MW"	1927	2	-12.5547936792582
"MW"	1927	3	-4.95631307872744
"MW"	1927	4	0.999465971770428
"MW"	1927	5	5.59541056672146
"MW"	1927	6	13.7415420407511
"MW"	1927	7	18.8883316293055
"MW"	1927	8	15.7942692945615
"MW"	1927	9	10.7797794476146
"MW"	1927	10	3.93610346215464
"MW"	1927	11	-3.23734087584074
"MW"	1927	12	-9.85869328734349
"MW"	1928	1	-16.4823515158294
"MW"	1928	2	-13.7160108838608
"MW"	1928	3	-7.58472436855879
"MW"	1928	4	-0.232546717317606
"MW"	1928	5	8.96944408052124
"MW"	1928	6	14.2169028739719
"MW"	1928	7	17.6603591913897
"MW"	1928	8	17.4554212950606
"MW"	1928	9	9.95394863055404
"MW"	1928	10	2.02001219478078
"MW"	1928	11	-6.54346351899923
"MW"	1928	12	-9.15342980529493
"MW"	1929	1	-15.8123146130978
"MW"	1929	2	-12.1788358453141
"MW"	1929	3	-6.71285334867523
"MW"	1929	4	-0.565317540683728
"MW"	1929	5	6.44244340940654
"MW"	1929	6	14.1927065991799
"MW"	1929	7	17.2325078541629
"MW"	1929	8	14.9175595897258
"MW"	1929	9	10.7281095138117
"MW"	1929	10	2.30265161354904
"MW"	1929	11	-5.35078382934164
"MW"	1929	12	-16.2490592077593
"MW"	1930	1	-16.0425243478274
"MW"	1930	2	-12.2428056256852
"MW"	1930	3	-6.24065548049625
"MW"	1930	4	0.301452370139006
"MW"	1930	5	8.71462921743
"MW"	1930	6	17.1690687465556
"MW"	1930	7	17.7047893389817
"MW"	1930	8	15.4807782432228
"MW"	1930	9	9.90252530567429
"MW"	1930	10	4.68421795110578
"MW"	1930	11	-2.55931314467915
"MW"	1930	12	-11.8460008527322
"MW"	1931	1	-16.6724144750545
"MW"	1931	2	-11.4075742272525
"MW"	1931	3	-1.46805396516196
"MW"	1931	4	3.76818845084212
"MW"	1931	5	8.98632303233312
"MW"	1931	6	16.2461687440181
"MW"	1931	7	19.4773145039731
"MW"	1931	8	16.5453009178982
"MW"	1931	9	10.2774728654886
"MW"	1931	10	4.76494187244193
"MW"	1931	11	-0.369018244116833
"MW"	1931	12	-11.5444913443286
"MW"	1932	1	-11.4013961910739
"MW"	1932	2	-15.2729550141043
"MW"	1932	3	-7.59509073289042
"MW"	1932	4	0.435310399470154
"MW"	1932	5	9.25781028284762
"MW"	1932	6	15.9240302787567
"MW"	1932	7	16.1502285289226
"MW"	1932	8	17.0114652495326
"MW"	1932	9	11.8532858608605
"MW"	1932	10	3.54489025687235
"MW"	1932	11	-6.08011295108457
"MW"	1932	12	-10.4448013604426
"MW"	1933	1	-11.8289086668618
"MW"	1933	2	-11.2389089183252
"MW"	1933	3	-7.82219573231213
"MW"	1933	4	0.803003669238842
"MW"	1933	5	7.42926753354918
"MW"	1933	6	15.0025420893842
"MW"	1933	7	18.4236260271503
"MW"	1933	8	16.6796168704025
"MW"	1933	9	10.030309670479
"MW"	1933	10	2.12393644596911
"MW"	1933	11	-9.99317521574952
"MW"	1933	12	-18.9473701170839
"MW"	1934	1	-16.8548204430243
"MW"	1934	2	-17.7053321394106
"MW"	1934	3	-8.54978681867583
"MW"	1934	4	1.17140981875187
"MW"	1934	5	7.80077192311394
"MW"	1934	6	13.8815207595558
"MW"	1934	7	17.4977366924006
"MW"	1934	8	15.350057350912
"MW"	1934	9	13.8088040707809
"MW"	1934	10	1.2018849198886
"MW"	1934	11	-4.20865471522607
"MW"	1934	12	-16.1527291588183
"MW"	1935	1	-19.579400067908
"MW"	1935	2	-14.272172481575
"MW"	1935	3	-7.67811415892918
"MW"	1935	4	0.840656450235528
"MW"	1935	5	7.1724348748963
"MW"	1935	6	16.060813520872
"MW"	1935	7	18.9728282783078
"MW"	1935	8	18.6230881096135
"MW"	1935	9	8.98898207125196
"MW"	1935	10	2.87862815240612
"MW"	1935	11	-3.62656060691755
"MW"	1935	12	-13.4608987443137
"MW"	1936	1	-15.2028499823657
"MW"	1936	2	-14.7390605925165
"MW"	1936	3	-2.1072148183116
"MW"	1936	4	0.110826933264991
"MW"	1936	5	5.34442155593978
"MW"	1936	6	15.0403629172867
"MW"	1936	7	16.4492056978279
"MW"	1936	8	14.9990580565814
"MW"	1936	9	10.3708401264129
"MW"	1936	10	0.854215406910478
"MW"	1936	11	-7.54685852288508
"MW"	1936	12	-11.3714954337707
"MW"	1937	1	-13.9250750693778
"MW"	1937	2	-10.0054462424658
"MW"	1937	3	-8.43707971868448
"MW"	1937	4	2.68199416596472
"MW"	1937	5	10.4170304449007
"MW"	1937	6	15.0200750082412
"MW"	1937	7	19.6271619007158
"MW"	1937	8	18.4782004726272
"MW"	1937	9	10.9544411219201
"MW"	1937	10	3.0287773644556
"MW"	1937	11	-4.46955460219141
"MW"	1937	12	-13.3840457895551
"MW"	1938	1	-15.0460045328315
"MW"	1938	2	-14.3707245796072
"MW"	1938	3	-6.96799087045383
"MW"	1938	4	0.954234182298689
"MW"	1938	5	8.29075081104725
"MW"	1938	6	17.6998579073335
"MW"	1938	7	18.207086936464
"MW"	1938	8	16.5607882213812
"MW"	1938	9	9.5398884947932
"MW"	1938	10	4.50261123335198
"MW"	1938	11	-3.69445453785676
"MW"	1938	12	-10.6981675028265
"MW"	1939	1	-16.1657595918585
"MW"	1939	2	-15.7345187825709
"MW"	1939	3	-10.4001549967687
"MW"	1939	4	-0.472530726235132
"MW"	1939	5	7.96593528863515
"MW"	1939	6	14.0795901508129
"MW"	1939	7	19.5892922145569
"MW"	1939	8	17.946965886451
"MW"	1939	9	9.42728010020954
"MW"	1939	10	1.27601744527907
"MW"	1939	11	-5.92134725144684
"MW"	1939	12	-11.1135037542564
"MW"	1940	1	-14.9845667807855
"MW"	1940	2	-12.9963976283687
"MW"	1940	3	-6.63362565288869
"MW"	1940	4	0.201583570225154
"MW"	1940	5	8.74287518504899
"MW"	1940	6	14.158978821544
"MW"	1940	7	18.3740329554259
"MW"	1940	8	17.5368059786415
"MW"	1940	9	10.216812179013
"MW"	1940	10	1.14920258085596
"MW"	1940	11	-5.75008407926401
"MW"	1940	12	-14.1298898842928
"MW"	1941	1	-17.6026693839042
"MW"	1941	2	-10.2557335410355
"MW"	1941	3	-7.36813300005142
"MW"	1941	4	1.6765585448539
"MW"	1941	5	8.52185356678039
"MW"	1941	6	14.5377944912666
"MW"	1941	7	19.6614501962356
"MW"	1941	8	13.9302444547847
"MW"	1941	9	9.70880091306229
"MW"	1941	10	1.22251105404185
"MW"	1941	11	-5.68041920570789
"MW"	1941	12	-11.3473134704152
"MW"	1942	1	-17.3203472161987
"MW"	1942	2	-12.9119497091222
"MW"	1942	3	-4.10330226327933
"MW"	1942	4	1.95241800271876
"MW"	1942	5	10.5030939107665
"MW"	1942	6	15.0159298243279
"MW"	1942	7	17.8516147134477
"MW"	1942	8	16.927158104309
"MW"	1942	9	11.5036315658956
"MW"	1942	10	4.39649848050637
"MW"	1942	11	-4.81198015643999
"MW"	1942	12	-15.8657199438306
"MW"	1943	1	-18.3377360578797
"MW"	1943	2	-11.0647414520539
"MW"	1943	3	-9.53873577408647
"MW"	1943	4	-1.37090921137052
"MW"	1943	5	6.98672254189204
"MW"	1943	6	13.993358032779
"MW"	1943	7	18.544484439938
"MW"	1943	8	15.1276018484151
"MW"	1943	9	11.4017474126168
"MW"	1943	10	4.77186472579783
"MW"	1943	11	-4.2442942223334
"MW"	1943	12	-14.2850846544124
"MW"	1944	1	-12.6547774225125
"MW"	1944	2	-14.7139552205743
"MW"	1944	3	-8.27415105449796
"MW"	1944	4	0.106425717471964
"MW"	1944	5	10.5726847014746
"MW"	1944	6	15.9701074460876
"MW"	1944	7	18.640009872338
"MW"	1944	8	18.2316768262052
"MW"	1944	9	12.303518068738
"MW"	1944	10	1.54919044737972
"MW"	1944	11	-3.07687085847057
"MW"	1944	12	-13.2051380726013
"MW"	1945	1	-15.8712565530795
"MW"	1945	2	-12.0596103114158
"MW"	1945	3	-3.8090358302131
"MW"	1945	4	1.98442287294747
"MW"	1945	5	8.16091487851566
"MW"	1945	6	14.2462942895414
"MW"	1945	7	18.438112882179
"MW"	1945	8	17.0395523866138
"MW"	1945	9	10.5091936104114
"MW"	1945	10	1.12890797657035
"MW"	1945	11	-5.20928800153428
"MW"	1945	12	-13.725423595102
"MW"	1946	1	-17.4871731770846
"MW"	1946	2	-16.5016965269662
"MW"	1946	3	-3.84272996688177
"MW"	1946	4	0.863144135340068
"MW"	1946	5	6.95116813351249
"MW"	1946	6	14.2220192499864
"MW"	1946	7	16.6386692168431
"MW"	1946	8	17.1512771905807
"MW"	1946	9	13.9188702833483
"MW"	1946	10	5.21156058729319
"MW"	1946	11	-5.84125430262643
"MW"	1946	12	-14.4454053790564
"MW"	1947	1	-17.1025651505396
"MW"	1947	2	-9.34022480553239
"MW"	1947	3	-4.47480811843423
"MW"	1947	4	-3.25744451785893
"MW"	1947	5	5.14316582852434
"MW"	1947	6	15.697466544028
"MW"	1947	7	19.8415588377311
"MW"	1947	8	18.366810331807
"MW"	1947	9	9.93254794311612
"MW"	1947	10	5.79781895443327
"MW"	1947	11	-3.47244889913108
"MW"	1947	12	-12.6644338444531
"MW"	1948	1	-16.8173221473232
"MW"	1948	2	-16.6750678286621
"MW"	1948	3	-9.20515385138895
"MW"	1948	4	-0.877338168399456
"MW"	1948	5	8.43677719205782
"MW"	1948	6	15.0729108422133
"MW"	1948	7	18.2467500364465
"MW"	1948	8	17.3860119103642
"MW"	1948	9	12.3499725558912
"MW"	1948	10	4.98815051243575
"MW"	1948	11	-2.10247548659722
"MW"	1948	12	-11.1817132196462
"MW"	1949	1	-15.0311898232882
"MW"	1949	2	-15.206298125991
"MW"	1949	3	-7.33381348408978
"MW"	1949	4	1.60381216817567
"MW"	1949	5	7.53212250342958
"MW"	1949	6	17.5486119838825
"MW"	1949	7	19.1541106835474
"MW"	1949	8	16.9085629997362
"MW"	1949	9	10.4708389974995
"MW"	1949	10	4.88270685326891
"MW"	1949	11	-7.53106702268135
"MW"	1949	12	-10.5964596131336
"MW"	1950	1	-17.343836192977
"MW"	1950	2	-16.7337730017326
"MW"	1950	3	-8.06064168361578
"MW"	1950	4	0.586541583753081
"MW"	1950	5	10.7293634069362
"MW"	1950	6	13.9247858561525
"MW"	1950	7	17.463453705856
"MW"	1950	8	17.2340294860299
"MW"	1950	9	9.69471480490878
"MW"	1950	10	1.58137900224706
"MW"	1950	11	-3.05813423340948
"MW"	1950	12	-9.90806731264667
"MW"	1951	1	-15.4549541922765
"MW"	1951	2	-11.5570746613874
"MW"	1951	3	-4.18534211678365
"MW"	1951	4	3.77134504332683
"MW"	1951	5	9.42864534362209
"MW"	1951	6	14.9014910622117
"MW"	1951	7	17.8745301921243
"MW"	1951	8	16.4619134808772
"MW"	1951	9	10.9211579336549
"MW"	1951	10	3.28388826844659
"MW"	1951	11	-5.98344750119623
"MW"	1951	12	-14.0161992218074
"MW"	1952	1	-15.7641499271363
"MW"	1952	2	-11.1755209461534
"MW"	1952	3	-4.20752435883676
"MW"	1952	4	1.65864537887269
"MW"	1952	5	9.42988542416122
"MW"	1952	6	15.3788502543429
"MW"	1952	7	20.8871385110564
"MW"	1952	8	17.4916522731647
"MW"	1952	9	10.8497920632176
"MW"	1952	10	0.490018909002745
"MW"	1952	11	-4.90682803168434
"MW"	1952	12	-9.92077144085039
"MW"	1953	1	-13.871041559532
"MW"	1953	2	-11.788557391869
"MW"	1953	3	-5.52699957183328
"MW"	1953	4	2.64860069109144
"MW"	1953	5	9.13281260291079
"MW"	1953	6	16.157034894136
"MW"	1953	7	18.8010648585557
"MW"	1953	8	16.3226530687723
"MW"	1953	9	10.2802252567864
"MW"	1953	10	4.1996038015605
"MW"	1953	11	-2.02802455508533
"MW"	1953	12	-11.0217197913509
"MW"	1954	1	-19.3753103211069
"MW"	1954	2	-9.09587928853126
"MW"	1954	3	-6.84382995268711
"MW"	1954	4	-0.758809945840082
"MW"	1954	5	8.63699960304499
"MW"	1954	6	16.9361918083176
"MW"	1954	7	17.1158753026566
"MW"	1954	8	15.6542493400844
"MW"	1954	9	10.3120425170259
"MW"	1954	10	2.71263995987793
"MW"	1954	11	-4.94679870880295
"MW"	1954	12	-11.0192237494824
"MW"	1955	1	-13.8767357682212
"MW"	1955	2	-12.6974441487786
"MW"	1955	3	-8.15819611024212
"MW"	1955	4	2.33624478863464
"MW"	1955	5	8.1418966462351
"MW"	1955	6	18.616355615695
"MW"	1955	7	19.5310564229044
"MW"	1955	8	18.0857873048396
"MW"	1955	9	9.34485224210369
"MW"	1955	10	3.62907692952033
"MW"	1955	11	-4.46311891474764
"MW"	1955	12	-14.6137003154674
"MW"	1956	1	-10.4749026449333
"MW"	1956	2	-13.1936031121537
"MW"	1956	3	-9.27023870211028
"MW"	1956	4	0.433639764707152
"MW"	1956	5	4.2468870806026
"MW"	1956	6	13.5973369878015
"MW"	1956	7	15.9461438191954
"MW"	1956	8	15.0166542083576
"MW"	1956	9	9.07831447608654
"MW"	1956	10	4.44884328139481
"MW"	1956	11	-4.67699376946534
"MW"	1956	12	-14.9057101031962
"MW"	1957	1	-21.7695995759883
"MW"	1957	2	-12.9848562250402
"MW"	1957	3	-4.07990437725727
"MW"	1957	4	-0.166848306018002
"MW"	1957	5	7.95141507949418
"MW"	1957	6	14.4786729263034
"MW"	1957	7	17.2606341104493
"MW"	1957	8	14.3461582936113
"MW"	1957	9	10.5122231551023
"MW"	1957	10	4.27178651174654
"MW"	1957	11	-3.98844803400643
"MW"	1957	12	-9.09566336084294
"MW"	1958	1	-11.3609756270549
"MW"	1958	2	-11.2717446602512
"MW"	1958	3	-1.18693430734264
"MW"	1958	4	2.73456166662668
"MW"	1958	5	6.95523358592367
"MW"	1958	6	11.8599778079635
"MW"	1958	7	17.4741975906241
"MW"	1958	8	15.2737395634045
"MW"	1958	9	10.3465181217802
"MW"	1958	10	1.79759250037503
"MW"	1958	11	-5.69752898207342
"MW"	1958	12	-17.9838409665493
"MW"	1959	1	-13.448911588663
"MW"	1959	2	-17.8548918441057
"MW"	1959	3	-8.79131600177202
"MW"	1959	4	0.437683274681106
"MW"	1959	5	9.65820534710223
"MW"	1959	6	14.9410258089531
"MW"	1959	7	20.4866404153149
"MW"	1959	8	16.8990664585878
"MW"	1959	9	12.0811788292636
"MW"	1959	10	1.62583286536914
"MW"	1959	11	-6.20432306032259
"MW"	1959	12	-12.3706762332706
"MW"	1960	1	-14.8335862288419
"MW"	1960	2	-7.935013037913
"MW"	1960	3	-8.29346685832079
"MW"	1960	4	-0.357811928036543
"MW"	1960	5	11.9602543547361
"MW"	1960	6	15.6218814329425
"MW"	1960	7	16.7978007551209
"MW"	1960	8	17.3219423542445
"MW"	1960	9	10.9161741184287
"MW"	1960	10	2.2561703157162
"MW"	1960	11	-4.00882251064512
"MW"	1960	12	-12.956271280758
"MW"	1961	1	-20.0154897661481
"MW"	1961	2	-14.0126207136361
"MW"	1961	3	-6.89369246630743
"MW"	1961	4	2.84774751069302
"MW"	1961	5	7.36112296863601
"MW"	1961	6	14.4026913372351
"MW"	1961	7	18.2073769368724
"MW"	1961	8	17.1421481866172
"MW"	1961	9	13.3513498179723
"MW"	1961	10	4.58840937808192
"MW"	1961	11	-2.31089448875017
"MW"	1961	12	-9.14065717162927
"MW"	1962	1	-18.5951671478869
"MW"	1962	2	-17.8885660914324
"MW"	1962	3	-2.29210216112887
"MW"	1962	4	-0.345921494718456
"MW"	1962	5	7.26022536142858
"MW"	1962	6	16.0835924299035
"MW"	1962	7	17.2151345549591
"MW"	1962	8	17.8593795774273
"MW"	1962	9	9.98643856914812
"MW"	1962	10	3.42240255881582
"MW"	1962	11	-5.01048095592704
"MW"	1962	12	-12.3239359441948
"MW"	1963	1	-14.8728033206314
"MW"	1963	2	-16.863673023893
"MW"	1963	3	-8.28882345524647
"MW"	1963	4	0.960766390868102
"MW"	1963	5	8.05697212275635
"MW"	1963	6	16.2647622780563
"MW"	1963	7	18.5208872856962
"MW"	1963	8	14.9732383971552
"MW"	1963	9	9.02095538586453
"MW"	1963	10	6.15787409993096
"MW"	1963	11	-2.60772470205902
"MW"	1963	12	-16.4065109785584
"MW"	1964	1	-14.6483078468554
"MW"	1964	2	-12.23832598179
"MW"	1964	3	-7.78427882054623
"MW"	1964	4	2.16743052733842
"MW"	1964	5	8.15085455971754
"MW"	1964	6	13.8463051515652
"MW"	1964	7	18.6245220140689
"MW"	1964	8	14.7832367137105
"MW"	1964	9	9.6544379695358
"MW"	1964	10	1.29441188807114
"MW"	1964	11	-5.40283510426159
"MW"	1964	12	-12.9888264358399
"MW"	1965	1	-17.4216463016969
"MW"	1965	2	-13.0125672421559
"MW"	1965	3	-6.97880726109394
"MW"	1965	4	0.273659365019202
"MW"	1965	5	6.9413809606278
"MW"	1965	6	15.1282522811515
"MW"	1965	7	15.1259119592019
"MW"	1965	8	14.6890176130931
"MW"	1965	9	9.68657885995309
"MW"	1965	10	0.0313689948385583
"MW"	1965	11	-7.89617063052757
"MW"	1965	12	-13.1710446478509
"MW"	1966	1	-11.1928772925614
"MW"	1966	2	-10.186472735786
"MW"	1966	3	-2.87260071520727
"MW"	1966	4	1.57892547082846
"MW"	1966	5	7.02807734056228
"MW"	1966	6	15.6107264258376
"MW"	1966	7	16.7249523172312
"MW"	1966	8	15.5904301676414
"MW"	1966	9	10.1171933546672
"MW"	1966	10	2.26822407874935
"MW"	1966	11	-2.088012934436
"MW"	1966	12	-10.9532346406324
"MW"	1967	1	-15.4620594577205
"MW"	1967	2	-16.5602393240961
"MW"	1967	3	-10.2658610451602
"MW"	1967	4	-1.21731299082203
"MW"	1967	5	4.91058078802251
"MW"	1967	6	17.2938778995258
"MW"	1967	7	19.2218066253912
"MW"	1967	8	17.7875227309522
"MW"	1967	9	12.1461956044679
"MW"	1967	10	2.80473529114471
"MW"	1967	11	-4.3784273498276
"MW"	1967	12	-10.4354704779688
"MW"	1968	1	-18.5296096862887
"MW"	1968	2	-14.0342681053309
"MW"	1968	3	-7.25899720111575
"MW"	1968	4	2.58437709803157
"MW"	1968	5	9.288699196835
"MW"	1968	6	15.2777864605154
"MW"	1968	7	17.7167986418372
"MW"	1968	8	12.8804285218289
"MW"	1968	9	14.8735227785935
"MW"	1968	10	4.94077550475937
"MW"	1968	11	-6.76763266208304
"MW"	1968	12	-11.0180157931789
"MW"	1969	1	-10.3960242093874
"MW"	1969	2	-10.0087606880099
"MW"	1969	3	-5.25217505549067
"MW"	1969	4	-1.91647436966938
"MW"	1969	5	5.36249154188024
"MW"	1969	6	13.4623571080719
"MW"	1969	7	17.1102102829537
"MW"	1969	8	16.9692697647607
"MW"	1969	9	8.49890910071696
"MW"	1969	10	1.27620165447722
"MW"	1969	11	-2.1558860069691
"MW"	1969	12	-10.0013980749868
"MW"	1970	1	-18.0617101225798
"MW"	1970	2	-14.3838746370842
"MW"	1970	3	-5.44545050899264
"MW"	1970	4	-0.0203992596846375
"MW"	1970	5	6.33203801032338
"MW"	1970	6	14.5474843679158
"MW"	1970	7	20.2023643963351
"MW"	1970	8	17.9544251127683
"MW"	1970	9	9.72175429263463
"MW"	1970	10	5.91074618236912
"MW"	1970	11	-3.8433378495915
"MW"	1970	12	-16.2863927172995
"MW"	1971	1	-16.2274223458591
"MW"	1971	2	-13.4600091448278
"MW"	1971	3	-6.0389867745286
"MW"	1971	4	1.2722554457209
"MW"	1971	5	9.69764759048926
"MW"	1971	6	14.333216498299
"MW"	1971	7	17.1936415810342
"MW"	1971	8	15.3362804440023
"MW"	1971	9	11.8415554669086
"MW"	1971	10	4.64417513123144
"MW"	1971	11	-5.63032000918844
"MW"	1971	12	-15.8739668773247
"MW"	1972	1	-16.1938488359569
"MW"	1972	2	-16.8375534692383
"MW"	1972	3	-10.0330672084266
"MW"	1972	4	-0.0387600625541608
"MW"	1972	5	7.65979157738529
"MW"	1972	6	14.3197091743588
"MW"	1972	7	18.584304744893
"MW"	1972	8	15.6151204025914
"MW"	1972	9	10.0578943681167
"MW"	1972	10	0.276015418554195
"MW"	1972	11	-6.41726698941972
"MW"	1972	12	-17.6648042368378
"MW"	1973	1	-15.6616046744289
"MW"	1973	2	-14.6168056155721
"MW"	1973	3	-3.52796379814414
"MW"	1973	4	-0.0537137816226759
"MW"	1973	5	7.71885515693696
"MW"	1973	6	17.1072211879185
"MW"	1973	7	19.5746504709097
"MW"	1973	8	18.3913129664585
"MW"	1973	9	10.070278664432
"MW"	1973	10	4.0056510409981
"MW"	1973	11	-5.50452311786993
"MW"	1973	12	-9.65917620316086
"MW"	1974	1	-20.4312821917584
"MW"	1974	2	-14.8977645791447
"MW"	1974	3	-9.52373543419612
"MW"	1974	4	-1.37281239875688
"MW"	1974	5	4.57523214434807
"MW"	1974	6	16.9960639548158
"MW"	1974	7	18.4649379792541
"MW"	1974	8	16.4652839243847
"MW"	1974	9	9.37824221200389
"MW"	1974	10	-0.267376088415694
"MW"	1974	11	-4.69226193249874
"MW"	1974	12	-10.0569670572277
"MW"	1975	1	-17.403398712652
"MW"	1975	2	-14.6802350598474
"MW"	1975	3	-7.5205492110125
"MW"	1975	4	-0.996147377089323
"MW"	1975	5	10.6294241013359
"MW"	1975	6	17.0863805329257
"MW"	1975	7	20.2553040980928
"MW"	1975	8	16.9373273175257
"MW"	1975	9	11.3813936825383
"MW"	1975	10	3.95650804253291
"MW"	1975	11	-3.78055986558688
"MW"	1975	12	-13.958271914701
"MW"	1976	1	-17.1780855167892
"MW"	1976	2	-12.9638538075248
"MW"	1976	3	-8.51837026528236
"MW"	1976	4	-0.123596450522143
"MW"	1976	5	7.88216983882061
"MW"	1976	6	17.978096853493
"MW"	1976	7	19.0457964976844
"MW"	1976	8	16.8076947487053
"MW"	1976	9	9.67943164787487
"MW"	1976	10	0.977092710175574
"MW"	1976	11	-6.46949793180863
"MW"	1976	12	-15.063447097282
"MW"	1977	1	-15.0552395077504
"MW"	1977	2	-11.8481358319649
"MW"	1977	3	-2.81698220284138
"MW"	1977	4	-0.554844871580607
"MW"	1977	5	8.73407811074377
"MW"	1977	6	14.5708988355031
"MW"	1977	7	16.5362766371804
"MW"	1977	8	15.5765987393821
"MW"	1977	9	9.47203196612978
"MW"	1977	10	3.29418917823337
"MW"	1977	11	-1.85919720700977
"MW"	1977	12	-12.3727672330163
"MW"	1978	1	-16.6346445130153
"MW"	1978	2	-11.9326387310564
"MW"	1978	3	-10.216061524217
"MW"	1978	4	-0.189454271617833
"MW"	1978	5	10.9857094480497
"MW"	1978	6	13.5642273752512
"MW"	1978	7	17.8265311473757
"MW"	1978	8	16.4442383362676
"MW"	1978	9	8.05894823924044
"MW"	1978	10	1.10773846273342
"MW"	1978	11	-6.04971392806487
"MW"	1978	12	-13.4863123875222
"MW"	1979	1	-13.1161143368501
"MW"	1979	2	-16.2170848479867
"MW"	1979	3	-3.31546641751873
"MW"	1979	4	1.67314710118111
"MW"	1979	5	10.037517793209
"MW"	1979	6	16.4575538125353
"MW"	1979	7	19.1164714057185
"MW"	1979	8	15.6108830189626
"MW"	1979	9	10.4400908755518
"MW"	1979	10	3.6177291051241
"MW"	1979	11	-3.44127122522006
"MW"	1979	12	-11.1041393115317
"MW"	1980	1	-13.4994792063395
"MW"	1980	2	-13.4012909855895
"MW"	1980	3	-6.01489614066836
"MW"	1980	4	2.13360639904034
"MW"	1980	5	8.5896719120653
"MW"	1980	6	13.5504709371376
"MW"	1980	7	17.1060545379829
"MW"	1980	8	19.0768445173258
"MW"	1980	9	8.21559681130289
"MW"	1980	10	0.724275715171162
"MW"	1980	11	-5.33406784507494
"MW"	1980	12	-17.2262938409518
"MW"	1981	1	-15.3848285194268
"MW"	1981	2	-5.98487965671372
"MW"	1981	3	-3.31424185183512
"MW"	1981	4	-0.307519706554757
"MW"	1981	5	7.54211530204288
"MW"	1981	6	14.5425394682855
"MW"	1981	7	19.3951944353057
"MW"	1981	8	18.0424567648502
"MW"	1981	9	12.4857115175159
"MW"	1981	10	3.12751955640941
"MW"	1981	11	-3.72836534688649
"MW"	1981	12	-8.35285685536078
"MW"	1982	1	-17.6725128436321
"MW"	1982	2	-16.6675676063094
"MW"	1982	3	-7.71356262857424
"MW"	1982	4	-2.34979034545391
"MW"	1982	5	9.29472226978086
"MW"	1982	6	14.7334432464801
"MW"	1982	7	18.1838511979117
"MW"	1982	8	13.9078354605383
"MW"	1982	9	11.5508340310278
"MW"	1982	10	5.22776204425881
"MW"	1982	11	-3.72442081732525
"MW"	1982	12	-11.483679048569
"MW"	1983	1	-13.9629392277889
"MW"	1983	2	-12.5496027242228
"MW"	1983	3	-5.91315970449857
"MW"	1983	4	1.70734696558615
"MW"	1983	5	5.64737580759106
"MW"	1983	6	16.6229641377307
"MW"	1983	7	17.5719121838113
"MW"	1983	8	16.7729743998791
"MW"	1983	9	12.1112379338661
"MW"	1983	10	3.82528797131357
"MW"	1983	11	-4.42257774468201
"MW"	1983	12	-14.4189068729086
"MW"	1984	1	-18.5564243566015
"MW"	1984	2	-8.73113877563262
"MW"	1984	3	-8.41331398136767
"MW"	1984	4	3.66468766623837
"MW"	1984	5	6.19992118334937
"MW"	1984	6	13.8109089726496
"MW"	1984	7	18.1592555085354
"MW"	1984	8	18.338040262248
"MW"	1984	9	8.96704948614142
"MW"	1984	10	4.42017706808956
"MW"	1984	11	-3.92328452506242
"MW"	1984	12	-12.8588505543542
"MW"	1985	1	-17.8533540354564
"MW"	1985	2	-11.5124279670761
"MW"	1985	3	-7.81429208481846
"MW"	1985	4	-1.07705341427093
"MW"	1985	5	5.55241215362719
"MW"	1985	6	15.1970105954242
"MW"	1985	7	17.8458116123997
"MW"	1985	8	17.0031944084143
"MW"	1985	9	12.0182844540999
"MW"	1985	10	3.41236242371028
"MW"	1985	11	-5.82704857609943
"MW"	1985	12	-15.1037172863177
"MW"	1986	1	-14.8539033638831
"MW"	1986	2	-13.2941538716556
"MW"	1986	3	-7.71619401352009
"MW"	1986	4	3.18261474029337
"MW"	1986	5	10.8051527468529
"MW"	1986	6	11.6810876587565
"MW"	1986	7	17.0315347194382
"MW"	1986	8	15.8684367342645
"MW"	1986	9	8.36502779809636
"MW"	1986	10	1.30163110187547
"MW"	1986	11	-7.33442421597538
"MW"	1986	12	-11.6536324778695
"MW"	1987	1	-14.8580611528991
"MW"	1987	2	-12.7772492696844
"MW"	1987	3	-3.71895301954475
"MW"	1987	4	4.94421488078108
"MW"	1987	5	8.05863281999662
"MW"	1987	6	14.8630603290051
"MW"	1987	7	18.516432515285
"MW"	1987	8	15.5337040634929
"MW"	1987	9	11.4073252900713
"MW"	1987	10	3.18773532151066
"MW"	1987	11	-4.84583982968639
"MW"	1987	12	-12.6085601964635
"MW"	1988	1	-13.8658844055203
"MW"	1988	2	-14.7627079189148
"MW"	1988	3	-6.32243559608061
"MW"	1988	4	1.60801971723228
"MW"	1988	5	10.91317496203
"MW"	1988	6	13.24314060703
"MW"	1988	7	19.900607949972
"MW"	1988	8	16.5989945868772
"MW"	1988	9	9.24535426993821
"MW"	1988	10	1.7705440749081
"MW"	1988	11	-3.76148874117056
"MW"	1988	12	-15.0685156348632
"MW"	1989	1	-15.5775779876885
"MW"	1989	2	-15.0515504901004
"MW"	1989	3	-9.02671172907794
"MW"	1989	4	-0.0261078214536012
"MW"	1989	5	10.8689921937102
"MW"	1989	6	16.3216801606266
"MW"	1989	7	17.984128768099
"MW"	1989	8	16.2643960908237
"MW"	1989	9	12.2792962929941
"MW"	1989	10	3.74996262505312
"MW"	1989	11	-6.6815202495999
"MW"	1989	12	-17.5335083977843
"MW"	1990	1	-14.4935397823007
"MW"	1990	2	-16.1446699597022
"MW"	1990	3	-6.7318720855609
"MW"	1990	4	0.341550327245088
"MW"	1990	5	6.92601504711367
"MW"	1990	6	15.6991747172874
"MW"	1990	7	18.7669251868075
"MW"	1990	8	17.9300139662301
"MW"	1990	9	9.4093886734409
"MW"	1990	10	2.22596864804303
"MW"	1990	11	-5.50611791655747
"MW"	1990	12	-12.5032767366227
"MW"	1991	1	-20.0142650727943
"MW"	1991	2	-12.4427467487782
"MW"	1991	3	-4.83780502005429
"MW"	1991	4	0.810757869317911
"MW"	1991	5	7.7839169233838
"MW"	1991	6	15.47606219626
"MW"	1991	7	18.3489001112395
"MW"	1991	8	17.695943298292
"MW"	1991	9	9.43578210099137
"MW"	1991	10	3.39851248922139
"MW"	1991	11	-3.63531075332519
"MW"	1991	12	-14.9771414419587
"MW"	1992	1	-16.7402884932305
"MW"	1992	2	-17.0462294937661
"MW"	1992	3	-8.34436431761022
"MW"	1992	4	-0.918681973181276
"MW"	1992	5	8.54241390001464
"MW"	1992	6	13.1527153847226
"MW"	1992	7	15.0299131666365
"MW"	1992	8	15.6621467283036
"MW"	1992	9	11.358709388963
"MW"	1992	10	1.26757617009859
"MW"	1992	11	-6.26904642570772
"MW"	1992	12	-12.6543101380659
"MW"	1993	1	-16.8718287680508
"MW"	1993	2	-18.25551766025
"MW"	1993	3	-6.75149675857988
"MW"	1993	4	1.75306321473914
"MW"	1993	5	7.50125977767281
"MW"	1993	6	15.9295188689523
"MW"	1993	7	18.8098650451949
"MW"	1993	8	16.8284805990026
"MW"	1993	9	9.27850233860761
"MW"	1993	10	0.033152638914475
"MW"	1993	11	-6.20731201112629
"MW"	1993	12	-12.2338263256212
"MW"	1994	1	-20.8089379051141
"MW"	1994	2	-16.5706424321159
"MW"	1994	3	-6.35903087916685
"MW"	1994	4	-1.3740692603824
"MW"	1994	5	6.46018894284697
"MW"	1994	6	15.8070041181894
"MW"	1994	7	18.3888962129809
"MW"	1994	8	14.4948393228977
"MW"	1994	9	10.595478738661
"MW"	1994	10	5.59541785248707
"MW"	1994	11	-3.44996158052585
"MW"	1994	12	-11.3147144519637
"MW"	1995	1	-14.8514773586604
"MW"	1995	2	-16.4911112626994
"MW"	1995	3	-6.96674225909409
"MW"	1995	4	-0.100154059450548
"MW"	1995	5	7.91900550297087
"MW"	1995	6	16.9856758849827
"MW"	1995	7	19.3671588233412
"MW"	1995	8	17.9611494115003
"MW"	1995	9	9.21004420241253
"MW"	1995	10	4.65476096832016
"MW"	1995	11	-5.69672362536421
"MW"	1995	12	-13.2960786004867
"MW"	1996	1	-15.798919152124
"MW"	1996	2	-12.8160203109916
"MW"	1996	3	-7.57440473191358
"MW"	1996	4	1.27489381494752
"MW"	1996	5	5.47765838001882
"MW"	1996	6	16.8659427477842
"MW"	1996	7	17.0447550978626
"MW"	1996	8	17.1274637160221
"MW"	1996	9	11.5226560448918
"MW"	1996	10	2.61138200142217
"MW"	1996	11	-4.74737832557428
"MW"	1996	12	-9.57714489299072
"MW"	1997	1	-15.4507255989748
"MW"	1997	2	-14.5441682477256
"MW"	1997	3	-9.88173735033264
"MW"	1997	4	0.151252003179081
"MW"	1997	5	4.23619415232194
"MW"	1997	6	15.0480274697633
"MW"	1997	7	17.4217138824959
"MW"	1997	8	15.2937470088882
"MW"	1997	9	10.0338616081269
"MW"	1997	10	2.66529670961756
"MW"	1997	11	-5.80165171535726
"MW"	1997	12	-12.1571956000408
"MW"	1998	1	-14.50639972869
"MW"	1998	2	-8.07431785179643
"MW"	1998	3	-5.9882972423671
"MW"	1998	4	2.82907753618799
"MW"	1998	5	10.8949484260428
"MW"	1998	6	15.8319894104317
"MW"	1998	7	18.098149676759
"MW"	1998	8	16.7599100999508
"MW"	1998	9	9.94417046247454
"MW"	1998	10	2.91651818847536
"MW"	1998	11	-5.55922563145022
"MW"	1998	12	-11.7357758710829
"MW"	1999	1	-15.065513139701
"MW"	1999	2	-9.40526079630705
"MW"	1999	3	-3.29336048459597
"MW"	1999	4	1.30851568837293
"MW"	1999	5	12.9545608363689
"MW"	1999	6	17.5178569585377
"MW"	1999	7	18.474265402336
"MW"	1999	8	16.6259441726115
"MW"	1999	9	13.8541292123208
"MW"	1999	10	0.865088469102482
"MW"	1999	11	-4.01967707653499
"MW"	1999	12	-11.6125698716021
"MW"	2000	1	-15.8277774804912
"MW"	2000	2	-12.2362750365007
"MW"	2000	3	-3.59624201610257
"MW"	2000	4	-0.410461711424475
"MW"	2000	5	6.21542480318523
"MW"	2000	6	13.2055673268434
"MW"	2000	7	18.450283077926
"MW"	2000	8	17.1918426767808
"MW"	2000	9	9.36428015936346
"MW"	2000	10	2.51109841342802
"MW"	2000	11	-2.98250738142044
"MW"	2000	12	-13.4873853266311
"MW"	2001	1	-15.3930032733736
"MW"	2001	2	-13.8670910385633
"MW"	2001	3	-4.09658366278991
"MW"	2001	4	0.672046408471522
"MW"	2001	5	12.4775240187616
"MW"	2001	6	15.5949021109615
"MW"	2001	7	17.8264005881267
"MW"	2001	8	17.5575713405549
"MW"	2001	9	11.2749396209073
"MW"	2001	10	3.75481415534019
"MW"	2001	11	-3.24729128081262
"MW"	2001	12	-9.46013426799321
"MW"	2002	1	-15.9610363100424
"MW"	2002	2	-14.0976054487367
"MW"	2002	3	-8.39437384105159
"MW"	2002	4	-0.0439830435197506
"MW"	2002	5	5.84080594606324
"MW"	2002	6	14.0857513352155
"MW"	2002	7	18.0027985721414
"MW"	2002	8	17.0230181557312
"MW"	2002	9	11.7864412276285
"MW"	2002	10	0.996561325675853
"MW"	2002	11	-6.61378561549702
"MW"	2002	12	-12.4307659141424
"MW"	2003	1	-16.931765845148
"MW"	2003	2	-16.627688985133
"MW"	2003	3	-8.88981523298942
"MW"	2003	4	-2.05853530427094
"MW"	2003	5	9.40494786574882
"MW"	2003	6	16.3780385739488
"MW"	2003	7	17.679687386864
"MW"	2003	8	16.6879634283274
"MW"	2003	9	13.5990624801307
"MW"	2003	10	3.03664763365086
"MW"	2003	11	-4.68186141736414
"MW"	2003	12	-11.5994924258591
"MW"	2004	1	-17.9050683137451
"MW"	2004	2	-12.4570845599241
"MW"	2004	3	-5.38296026514548
"MW"	2004	4	-0.47148166939867
"MW"	2004	5	5.06969200810678
"MW"	2004	6	12.871748109437
"MW"	2004	7	18.8573119452993
"MW"	2004	8	15.4521220200217
"MW"	2004	9	10.71290911501
"MW"	2004	10	4.7755181844124
"MW"	2004	11	-5.65126742508875
"MW"	2004	12	-14.46664812404
"MW"	2005	1	-18.5806986128712
"MW"	2005	2	-11.0852834085887
"MW"	2005	3	-5.77365553520627
"MW"	2005	4	1.21756455962254
"MW"	2005	5	8.33477971987876
"MW"	2005	6	15.8668416790431
"MW"	2005	7	20.0359504823579
"MW"	2005	8	16.6152056942409
"MW"	2005	9	11.1278173784347
"MW"	2005	10	4.31361235257949
"MW"	2005	11	-4.52169806597211
"MW"	2005	12	-14.2326391277356
"MW"	2006	1	-12.8581790718426
"MW"	2006	2	-14.3118362404587
"MW"	2006	3	-3.96180520299824
"MW"	2006	4	3.2091273621964
"MW"	2006	5	10.3001621523476
"MW"	2006	6	17.1634336067337
"MW"	2006	7	18.7158029948964
"MW"	2006	8	14.677005599933
"MW"	2006	9	10.2435407686399
"MW"	2006	10	2.5511927418755
"MW"	2006	11	-2.39277709822311
"MW"	2006	12	-11.1977348397978
"MW"	2007	1	-15.0368404742206
"MW"	2007	2	-14.5364821405126
"MW"	2007	3	-8.04744627055021
"MW"	2007	4	1.70366085797982
"MW"	2007	5	7.46578599188981
"MW"	2007	6	16.1615949692342
"MW"	2007	7	18.096899604407
"MW"	2007	8	15.0373626421084
"MW"	2007	9	9.05979234267155
"MW"	2007	10	5.08838268907271
"MW"	2007	11	-6.76417141106191
"MW"	2007	12	-15.5620900700554
"MW"	2008	1	-14.3162236354689
"MW"	2008	2	-13.5589128823856
"MW"	2008	3	-8.83080412260281
"MW"	2008	4	2.90138595966271
"MW"	2008	5	8.03142725842238
"MW"	2008	6	14.6612096947123
"MW"	2008	7	18.5791951772026
"MW"	2008	8	17.0962923370167
"MW"	2008	9	10.6763310205579
"MW"	2008	10	3.12526596587493
"MW"	2008	11	-4.13569672877695
"MW"	2008	12	-14.5259055652876
"MW"	2009	1	-18.6960338750508
"MW"	2009	2	-11.078709841619
"MW"	2009	3	-6.81198558636936
"MW"	2009	4	1.0023471463862
"MW"	2009	5	6.19686781387154
"MW"	2009	6	15.462058966898
"MW"	2009	7	17.7626357362691
"MW"	2009	8	15.6539535017885
"MW"	2009	9	10.6930418121381
"MW"	2009	10	0.361758038124463
"MW"	2009	11	-2.00706249953308
"MW"	2009	12	-11.9891597067075
"MW"	2010	1	-12.0760673382033
"MW"	2010	2	-6.895467577595
"MW"	2010	3	-3.09087470274456
"MW"	2010	4	3.70638467619892
"MW"	2010	5	8.5619435931046
"MW"	2010	6	14.6639455425217
"MW"	2010	7	18.9471485656374
"MW"	2010	8	17.3105048719449
"MW"	2010	9	9.40982960675485
"MW"	2010	10	2.09776798904483
"MW"	2010	11	-4.37803767396468
"MW"	2010	12	-8.35165495221765
"MW"	2011	1	-14.6560069849046
"MW"	2011	2	-14.5090961148139
"MW"	2011	3	-6.76735346062301
"MW"	2011	4	-0.186791367159654
"MW"	2011	5	6.6266329439538
"MW"	2011	6	14.7666756144188
"MW"	2011	7	18.4326742677768
"MW"	2011	8	15.8661462672402
"MW"	2011	9	11.3266111526469
"MW"	2011	10	3.93342462731928
"MW"	2011	11	-3.04862652327257
"MW"	2011	12	-12.613314887441
"MW"	2012	1	-15.935813831945
"MW"	2012	2	-12.4200534327721
"MW"	2012	3	-3.74156690157492
"MW"	2012	4	0.922298230908262
"MW"	2012	5	8.99094257375637
"MW"	2012	6	16.6701046874825
"MW"	2012	7	18.2190984766756
"MW"	2012	8	17.3210436406291
"MW"	2012	9	11.2433791817133
"MW"	2012	10	3.76895590450711
"MW"	2012	11	-4.71894786288857
"MW"	2012	12	-12.3744412795498
"MW"	2013	1	-16.4156271467291
"MW"	2013	2	-11.4288607810706
"MW"	2013	3	-2.71376359710135
"MW"	2013	4	0.633137513290896
"MW"	2013	5	8.35496791606682
"MW"	2013	6	13.3741071887177
"MW"	2013	7	18.8062736438045
"MW"	2013	8	15.4753825126696
"MW"	2013	9	9.16007612482096
"MW"	2013	10	3.6045102482051
"MW"	2013	11	-6.28926063434506
"MW"	2013	12	-18.5354501054593
"MW"	2014	1	-16.9956005158133
"MW"	2014	2	-14.4361374286963
"MW"	2014	3	-11.3844851447764
"MW"	2014	4	0.0452102598062397
"MW"	2014	5	7.01875511536247
"MW"	2014	6	16.7784878680982
"MW"	2014	7	18.7940347037864
"MW"	2014	8	17.429317271307
"MW"	2014	9	9.2766041222789
"MW"	2014	10	3.84013625173249
"MW"	2014	11	-7.25982516374638
"MW"	2014	12	-13.0966818010689
"MW"	2015	1	-17.7758261016639
"MW"	2015	2	-19.2426617258154
"MW"	2015	3	-8.25453542783216
"MW"	2015	4	-0.641987275849342
"MW"	2015	5	8.28233140828858
"MW"	2015	6	13.9831396610005
"MW"	2015	7	16.3821565253527
"MW"	2015	8	17.183050819073
"MW"	2015	9	12.2929913792203
"MW"	2015	10	0.975794431874234
"MW"	2015	11	-4.53072433520405
"MW"	2015	12	-9.45802111746962
"MW"	2016	1	-13.8562628900031
"MW"	2016	2	-13.5490535333887
"MW"	2016	3	-8.0243687993191
"MW"	2016	4	-1.62887966158395
"MW"	2016	5	8.94579967158329
"MW"	2016	6	14.5878928408919
"MW"	2016	7	17.570391465122
"MW"	2016	8	16.9367198506208
"MW"	2016	9	10.4093641214858
"MW"	2016	10	3.71139904430102
"MW"	2016	11	-3.20180900427323
"MW"	2016	12	-14.0192826028272
