# Created by Octave 6.4.0, Wed Feb 08 18:46:30 2023 GMT <unknown@tumajer>
# name: gM_full
# type: matrix
# rows: 12
# columns: 77
 1 1 1 1 1 1 0.81591831715142282 1 1 1 0.90162237778764798 1 1 0.74691458527567223 1 0.74691458527567223 0.74691458527567223 1 0.74691458527567223 0.86523441389919187 0.97276334717235857 1 0.99045150231466539 1 0.80691873354596022 1 1 1 1 1 1 1 1 0.84135366153734126 1 1 0.87617786378082574 1 1 1 0.85959935563154732 0.87337011640687445 1 0.8379928988384685 1 1 0.79878092864267369 1 1 1 1 1 0.94592896159176987 1 1 0.74691458527567223 0.74691458527567223 1 1 0.74691458527567223 0.83359481157890614 1 1 1 1 1 0.74691458527567223 0.86096221403094719 0.88887356809727913 1 1 0.84929240216801882 0.74691458527567223 1 0.83306536273585041 0.74691458527567223 1
 1 1 0.74691458527567223 1 0.77779081812696682 1 1 0.8356246488262763 1 1 1 0.74691458527567223 0.74691458527567223 1 1 1 1 1 1 1 0.88714870618965491 1 1 1 1 0.98640197640587135 1 1 0.99227663265782229 0.8453775907860569 1 1 1 1 1 1 1 1 1 1 1 1 1 1 0.94880712071783579 1 1 1 0.94722361601499716 1 1 1 1 0.98907706270631857 1 1 1 1 0.98087867167273479 1 1 0.86980760897192155 0.74691458527567223 0.75776741535418013 1 1 1 1 1 1 1 1 1 1 1 1 0.78830855930325028
 0.74691458527567223 0.96139730019961411 1 1 1 1 0.94706785129847859 1 1 0.91122185123399824 1 1 1 0.74691458527567223 1 0.74691458527567223 1 1 1 0.74691458527567223 1 0.95172246841992714 1 1 0.74691458527567223 1 0.8490329158952824 1 1 1 1 1 0.88802551188304746 0.85861953756780907 0.75446176835217738 0.74691458527567223 1 1 0.85452013140151617 0.77684004935267092 0.74691458527567223 1 0.99628389235707582 0.74691458527567223 1 1 1 1 1 1 1 0.74691458527567223 1 1 1 0.74691458527567223 0.85953022962067838 1 0.95119921747370906 0.74691458527567223 1 1 1 1 1 1 1 0.82230063812261101 0.74691458527567223 1 1 0.74691458527567223 1 0.97902908666666733 0.74691458527567223 1 1
 1 1 1 1 1 0.91990214083919575 1 0.96719560625315282 0.941230074062819 1 0.85455947790631792 0.74691458527567223 1 1 0.82707013340689717 1 1 1 0.82966163447387076 1 1 1 0.81811283110197941 0.97336510949265231 1 1 1 1 0.94178813045125687 1 1 0.88563204701412324 1 1 1 1 0.84666630640029461 1 1 1 1 0.878244463721776 0.74691458527567223 1 1 1 0.7970694508528513 1 0.99327240460511534 1 1 1 1 0.86172276029615591 1 1 1 1 1 1 0.95024430960022865 1 1 1 1 0.94197233688010207 1 1 1 0.74691458527567223 1 1 0.81725332962878938 1 1 1 1
 1 1 1 1 1 1 1 1 1 1 1 1 1 1 1 1 0.97627652936298315 1 1 1 1 1 1 1 1 1 1 1 1 1 1 1 1 1 1 1 1 1 1 1 1 1 1 1 1 1 1 1 1 1 1 1 1 1 1 1 1 0.74691458527567223 1 1 1 1 1 1 0.98627592953697218 1 1 1 1 1 1 1 1 1 1 1 1
 0.74691458527567223 1 0.74691458527567223 1 1 1 1 1 1 1 0.74691458527567223 1 0.9373270154098593 1 1 1 1 1 0.74691458527567223 0.74691458527567223 1 1 1 1 1 1 1 1 1 1 1 1 1 1 1 1 1 1 0.74691458527567223 0.81899650781831912 1 1 1 1 1 1 0.74691458527567223 1 0.74691458527567223 1 1 1 0.74691458527567223 1 1 1 1 1 1 1 1 0.74691458527567223 1 1 1 1 1 1 1 1 1 1 1 1 1 1 0.74691458527567223
 0.066214689884259714 1 0.33263443688800637 1 1 1 1 1 1 1 0.2321889972799023 1 0.44451348376046845 1 0.74691458527567223 1 1 1 0.042980450540400415 0 1 1 1 1 1 1 0.74691458527567223 0.74691458527567223 1 1 1 1 1 1 1 1 1 1 0.12573535336844724 0.46861598558510764 1 1 1 1 1 0.85504715520641539 0.25505715019704422 1 0 1 1 1 0.75552877083041625 1 1 1 0.74691458527567223 1 1 1 1 0.36116778767921887 1 0.78073669183741712 0.74691458527567223 1 1 1 1 1 1 1 1 1 1 1 0.21512860598679823
 1 0.83253980352902057 1 1 1 1 1 1 1 0.74691458527567223 1 1 1 1 1 1 1 1 0.74691458527567223 1 1 1 1 1 1 1 0.93800813604394873 0.80671142222000569 0.95566245877106537 1 1 1 1 1 1 1 1 1 1 1 1 1 1 1 1 1 1 1 1 1 1 1 0.74691458527567223 1 1 1 0.89474191580649964 1 1 1 1 1 1 1 1 0.74691458527567223 1 1 1 1 1 1 1 1 1 1 1
 0.98898218399440074 1 1 1 0.99651797225866601 0.74691458527567223 1 1 1 1 1 1 1 0.74691458527567223 0.89274914520806248 0.74691458527567223 0.79079255254851422 0.74691458527567223 1 1 0.74691458527567223 1 0.77858236104786183 1 1 1 1 0.74691458527567223 1 0.75528361060869009 1 1 0.74691458527567223 1 1 1 0.74691458527567223 1 1 1 0.74691458527567223 1 1 0.74691458527567223 1 1 1 1 0.74691458527567223 1 0.74691458527567223 1 1 1 0.86483000953834022 0.91702680162531358 1 0.78385409984722698 0.74691458527567223 0.94601407409839644 1 1 1 1 1 1 0.74691458527567223 0.86880210851017436 1 1 0.74691458527567223 1 1 0.99142094725274144 0.74691458527567223 1 1
 1 0.74691458527567223 0.89024672552596429 0.74691458527567223 0.87716860084483528 1 1 1 0.93037419882218997 1 0.74691458527567223 0.74691458527567223 0.74691458527567223 1 1 1 1 1 0.88963810766081575 0.74691458527567223 1 1 1 1 0.74691458527567223 0.74691458527567223 0.74691458527567223 1 0.74691458527567223 1 1 0.74691458527567223 1 0.74691458527567223 0.74691458527567223 1 1 0.74691458527567223 0.74691458527567223 1 1 0.74691458527567223 1 1 1 0.74691458527567223 0.9955438393883379 0.74691458527567223 1 0.74691458527567223 1 0.74691458527567223 0.89306167704745132 0.74691458527567223 1 1 0.74691458527567223 1 1 0.96665778021548199 0.74691458527567223 0.74691458527567223 0.74691458527567223 0.74691458527567223 1 0.92406400370696196 1 1 0.85538223880328179 0.74691458527567223 1 1 0.74691458527567223 1 1 0.86376309028183318 0.74691458527567223
 0.74691458527567223 1 1 1 1 0.79831381047624128 0.9917993313370741 0.74691458527567223 0.99071633987278063 0.77665990747414648 1 1 1 0.85584399108070963 0.77617633097248728 0.81866588274243313 0.74691458527567223 0.74691458527567223 1 1 0.74691458527567223 1 0.97565653397732843 0.74691458527567223 1 1 1 0.74691458527567223 1 0.74691458527567223 0.82430683294698703 1 0.82330892157259516 1 1 0.74691458527567223 0.92005823288427691 1 1 1 0.87348624261006691 1 0.74691458527567223 0.74691458527567223 0.74691458527567223 1 1 1 0.74691458527567223 1 0.74691458527567223 1 1 1 0.74691458527567223 0.74691458527567223 1 1 0.74691458527567223 0.90215008964192955 1 1 1 1 0.83196396102406667 0.89642983362619288 0.74691458527567223 0.74691458527567223 1 1 0.74691458527567223 0.74691458527567223 1 0.8541298128100514 0.74691458527567223 1 1
 1 0.74691458527567223 0.79259136693572652 1 0.74691458527567223 1 0.91836093579051636 1 1 1 0.74691458527567223 0.78889634403891062 1 1 1 1 1 1 1 1 1 1 0.99691507419228642 1 0.81992654814535493 1 0.79435394712453933 1 0.74691458527567223 1 1 0.82762898854525402 1 0.74691458527567223 0.74691458527567223 1 1 1 0.74691458527567223 1 1 1 1 1 1 1 1 1 1 1 1 1 1 0.84558482460570372 1 1 0.74691458527567223 1 1 1 0.74691458527567223 1 1 0.74691458527567223 1 1 1 1 0.79857955099590783 0.74691458527567223 1 1 0.74691458527567223 1 1 1 1


