# Created by Octave 6.4.0, Sun Jul 23 11:41:25 2023 GMT <unknown@tumajer>
# name: gM_full
# type: matrix
# rows: 12
# columns: 77
 1 1 1 1 1 1 1 1 1 1 1 1 1 0.83173225483625302 1 1 0.91889926398493882 1 0.85354879616261548 0.97457049844889132 1 1 1 1 0.97199432750654047 1 1 1 1 1 1 1 1 1 1 1 1 1 1 1 0.83173225483625302 1 1 0.99863845868743051 1 1 0.88839191627442338 1 1 1 1 1 1 1 1 0.83173225483625302 0.83173225483625302 0.83173225483625302 1 0.83173225483625302 1 1 1 1 1 1 0.83173225483625302 1 1 0.97521810293857858 1 1 0.85333073545385907 1 0.83173225483625302 0.83173225483625302 1
 1 1 0.83173225483625302 1 0.91760919205875213 1 1 1 1 1 1 0.88362413285663455 0.90648565242398416 1 1 1 1 1 1 1 0.95742226165711874 1 1 1 1 1 1 1 1 0.99841439484890049 1 1 1 1 1 1 1 1 1 1 1 1 1 1 1 1 1 1 1 1 1 1 1 1 1 1 1 1 1 1 1 1 0.8455180870995711 0.87928273368158427 1 1 1 1 1 1 1 1 1 1 1 1 0.89395307873129204
 0.83173225483625302 1 1 1 1 1 1 1 1 1 1 1 1 0.83173225483625302 1 0.83173225483625302 1 1 1 0.85202207317470091 1 1 1 1 0.83173225483625302 1 0.95820455368372814 1 1 1 1 1 0.99085660518652474 1 0.88815311666295305 0.91171845959288789 1 1 0.94194909668203664 0.84169067617445226 0.83173225483625302 1 1 0.83173225483625302 1 1 1 1 1 1 1 0.83173225483625302 1 1 1 0.92650328605924148 1 1 1 0.83173225483625302 1 1 1 1 1 1 1 1 0.86747546076359194 1 1 0.87513061038078843 1 1 0.83173225483625302 1 1
 1 1 1 1 1 1 1 1 1 1 0.95229583769191639 1 1 1 0.94275032597168185 1 1 1 1 1 1 1 0.97786276313801468 1 1 1 1 1 1 1 1 0.98008746100951383 1 1 1 1 0.8806371113090623 1 1 1 1 0.89378572065779538 0.83173225483625302 1 1 1 0.92112806493450317 1 1 1 1 1 1 0.97236620612185587 1 1 1 1 1 1 1 1 1 1 1 1 1 1 1 0.83173225483625302 1 1 0.92415777050729442 1 1 1 1
 1 1 1 1 1 1 1 1 1 1 1 1 1 1 1 1 1 1 1 1 1 1 1 1 1 1 1 1 1 1 1 1 1 1 1 1 1 1 1 1 1 1 1 1 1 1 1 1 1 1 1 1 1 1 1 1 1 0.99308932412691708 1 1 1 1 1 1 1 1 1 1 1 1 1 1 1 1 1 1 1
 0.83173225483625302 1 0.83173225483625302 1 1 1 1 0.98291277876682959 1 1 0.83173225483625302 1 1 1 1 0.91247272610675001 1 1 0.83173225483625302 0.97040035339184894 1 1 1 1 1 1 1 1 1 1 1 1 1 1 0.97993666825697356 1 1 1 0.83173225483625302 1 1 1 1 1 1 1 0.83173225483625302 1 0.83173225483625302 1 1 1 0.83173225483625302 1 1 0.99151569448211818 1 0.72073526543776778 1 1 1 0.83173225483625302 1 1 1 1 1 1 1 1 1 1 1 1 1 1 0.83173225483625302
 0.2313196884809999 0.99230324967997607 0.30227358776654828 1 1 1 1 1 1 1 0.28005756261790843 1 0.57063512968254393 1 0.83173225483625302 0.97265275670693818 1 0.59650516028978462 0.23187311489785073 0.22313433319955317 1 1 1 1 0.96470755592837831 1 0.83173225483625302 0.83173225483625302 1 1 1 1 0.95959434103541141 1 1 0.73877112769789566 1 1 0.25391257068322798 0.53398752515421244 1 1 0.85860668409122554 1 1 1 0.28784116483455879 0.94581751320246354 0.17970394225599967 0.89577030261398383 1 1 0.42912844573825737 1 1 1 0.83173225483625302 1 1 1 1 0.31462278154315465 1 1 1 0.69168874325559815 1 1 0.95639632288994136 1 1 1 1 0.71851409792584675 1 1 0.2754180182028359
 0.82772400204196217 1 0.87578083764814163 1 1 1 0.87783575122098789 0.81479383854048315 1 0.83173225483625302 0.93203562764360093 0.87092924016257822 1 0.84726898234824721 0.53042315510380356 1 1 0.88546360276732583 0.83173225483625302 1 1 1 1 1 1 1 0.47121172521352728 0.42615518439525002 1 1 1 1 1 1 1 1 1 1 1 1 1 1 1 1 0.8523873515146303 0.77200109707333764 1 1 1 1 1 1 0.90033572212482094 1 1 0.96317267427811437 0.45046854476655418 1 1 1 1 1 1 0.70722961737580148 1 0.83173225483625302 1 1 1 1 1 1 1 1 1 0.9783889601424165 1
 1 1 1 1 1 0.83173225483625302 1 1 1 1 1 1 1 0.83173225483625302 1 0.83173225483625302 1 0.83173225483625302 1 1 1 1 1 1 1 1 1 0.83173225483625302 0.97814057090243911 1 1 1 0.83173225483625302 1 1 1 0.83173225483625302 1 1 1 0.83173225483625302 1 1 0.83173225483625302 1 1 1 1 0.83173225483625302 1 0.83173225483625302 1 1 1 1 1 0.8783602130472985 1 0.83173225483625302 1 1 1 1 1 1 1 0.83173225483625302 0.90889904020224566 1 1 0.83173225483625302 1 1 1 0.83173225483625302 1 1
 0.83173225483625302 0.83173225483625302 1 0.83173225483625302 0.83173225483625302 1 1 1 1 1 0.83173225483625302 0.83173225483625302 0.83173225483625302 1 1 1 1 1 1 0.83173225483625302 1 1 1 1 0.83173225483625302 0.83173225483625302 0.83173225483625302 1 0.83173225483625302 1 1 0.83173225483625302 1 0.83173225483625302 0.83173225483625302 1 1 1 0.83173225483625302 1 1 0.83173225483625302 1 1 1 0.83173225483625302 1 1 1 0.83173225483625302 1 0.83173225483625302 1 0.83173225483625302 1 1 1 1 1 0.83173225483625302 0.98325642352344766 0.83173225483625302 0.83173225483625302 0.83173225483625302 1 1 1 1 1 0.83173225483625302 1 1 0.83173225483625302 1 1 1 0.83173225483625302
 1 1 1 1 1 0.98475086805572765 1 0.83173225483625302 0.83173225483625302 0.83173225483625302 1 1 1 0.92840379670469242 0.96736159347555994 1 0.91458955800810737 0.83173225483625302 0.9532734778802131 1 0.83173225483625302 1 1 0.83173225483625302 1 1 1 0.83173225483625302 1 1 0.83173225483625302 1 0.97052312970363563 1 1 0.83173225483625302 1 1 1 0.88368161525104694 1 1 0.83173225483625302 0.83173225483625302 0.83173225483625302 1 1 1 0.88388459936527908 1 0.83173225483625302 1 1 1 0.83173225483625302 0.83173225483625302 0.90540689577467048 1 0.83173225483625302 1 1 1 1 1 0.83173225483625302 0.83173225483625302 0.83173225483625302 0.83173225483625302 0.83580495490739704 1 0.83173225483625302 0.83173225483625302 1 0.83173225483625302 0.83173225483625302 0.83173225483625302 1
 1 0.8704262436037431 0.99763935770375456 1 0.83173225483625302 1 1 1 1 1 0.83173225483625302 0.9707237952961707 1 1 1 1 1 1 1 1 1 1 1 1 1 1 0.96960921032943048 1 0.83173225483625302 1 1 1 1 0.83173225483625302 0.9224080431666668 1 1 1 0.83173225483625302 1 1 1 1 1 1 1 1 1 1 1 1 1 1 1 1 1 1 1 1 1 0.91246445843843127 1 1 0.83173225483625302 1 1 1 1 1 0.86797165760491335 1 1 0.83173225483625302 1 1 1 1


