# Created by Octave 6.4.0, Wed Feb 08 17:47:01 2023 GMT <unknown@tumajer>
# name: gINT_full
# type: matrix
# rows: 12
# columns: 77
 0 0 0 0 0 0 0 0 0 0 0 0 0 0 0 0 0 0 0 0 0 0 0 0 0 0 0 0 0 0 0 0 0 0 0 0 0 0 0 0 0 0 0 0 0 0 0 0 0 0 0 0 0 0 0 0 0 0 0 0 0 0 0 0 0 0 0 0 0 0 0 0 0 0 0 0 0
 0 0 0 0 0 0 0 0 0 0 0 0 0 0 0 0 0 0 0 0 0 0 0 0 0 0 0 0 0 0 0 0 0 0 0 0 0 0 0 0 0 0 0 0 0 0 0 0 0 0 0 0 0 0 0 0 0 0 0 0 0 0 0 0 0 0 0 0 0 0 0 0 0 0 0 0 0
 0 0 0 0 0 0 0 0 0 0 0 0 0 0 0 0 0 0 0 0 0 0 0 0 0 0 0 0 0 0 0 0 0 0 0 0 0 0 0 0 0 0 0 0 0 0 0 0 0 0 0 0 0 0 0 0 0 0 0 0 0 0 0 0 0 0 0 0 0 0 0 0 0 0 0 0 0
 0 0 0 0 0 0 0 0 0 0 0 0 0 0 0 0 0 0 0 0 0 0 0 0 0 0 0 0 0 0 0 0 0 0 0 0 0 0 0 0 0 0 0 0 0 0 0 0 0 0 0 0 0 0 0 0 0 0 0 0 0 0 0 0 0 0 0 0 0 0 0 0 0 0 0 0 0
 0 0 0 0 0 0 0 0 0 0 0 0 0 0 0 0 0 0 0 0 0 0 0 0 0 0 0 0 0 0 0 0 0 0 0 0 0 0 0 0 0 0 0 0 0 0 0 0 0 0 0 0 0 0 0 0 0 0 0 0 0 0 0 0 0 0 0 0 0 0 0 0 0 0 0 0 0
 0.28298586802303749 0.23263422799695066 0.34899625533810941 0.20882507293676678 0.42003899331712669 0.30197352148157752 0.23100916285768663 0.33135427685655472 0.35731802012211605 0.66168366886275687 0.28606396867068701 0.37909406194763534 0.43849310824923693 0.41626468003460537 0.57666619603058999 0.68949645104264579 0.16979059632415697 0.26945885768966987 0 0.35391601729961192 0.49261032255248766 0.27728941916385785 0.39575201070985189 0.38731276258137842 0.20609391620532863 0.36277988324496946 0.37449330100496547 0.51785141169634841 0.29247870678613058 0.21019425464188912 0.28710993276001617 0.25297125830968159 0.3026233132014633 0.63002475499135546 0.57762737260789832 0.60000636875702573 0.63266774136380677 0.40995932923586703 0.24224628794484904 0.55637313425652302 0.19167653962867284 0.28701214057690133 0.37479029946226372 0.51542391412995381 0.2251857660219416 0.36076446021043307 0 0.31126224476476616 0.15084201109550593 0.5220252056218796 0.38143683044320059 0.34033037683612205 0.19637269853670825 0.41104163013613226 0.44125519050893336 0.46152396754247127 0.48708203446124299 0.28844214517245331 0.52176838536153203 0.60754504744100968 0.14129648214271015 0.42918685008158169 0.1892733115706893 0.44627077031045048 0.15448107679326403 0.42476898733953283 0.56325397146542633 0.45142489392245955 0.40174326182792508 0.39579905874672755 0.265334680576013 0.31950022509579384 0.55184357137412932 0.17208930799640482 0.51173366923223906 0.24141910195803365 0.3589085511665473
 0 0.88130144345077766 0.68275784027185338 0.81093761912877893 0.83640583984269701 0.81139175723249779 0.58275405958040971 0.94053869802389589 0.83287141780356433 0.88488565517913376 0.38843192381768749 0.72154643954255315 0 0.82034000067014212 0.70072909623462976 0.87493350778669898 0.57553660856101485 0.71180728503610191 0 0 0.66377300962953312 0.78030795462748015 0.66498970107731403 0.91095464628036316 0.80745490153292709 0.45330254415057764 0.64659761655857406 0.94053869802389589 0.70990102312877235 0.69004474089386414 0.94053869802389589 0.72718956998957851 0.82889773649522058 0.94053869802389589 0.8401351185761865 0.94053869802389589 0.90920148643596077 0.63313969136732828 0.019548099246475756 0.88156815451239134 0.72742933019046274 0.85410925691560124 0.78309232350783475 0.69910704978706961 0.86438095962991379 0.7797983139800535 0.34543622744116004 0.86585408636165473 0 0.67733305904733765 0.83381308020403744 0.78701312508750521 0.43720364352385332 0.86959665597614166 0.8410855290847854 0.93161258921372858 0.73995166336887896 0.71184947247850017 0.81403670742678669 0.83504405237550716 0.80088789328278931 0.77769712990292283 0.79229148050604248 0.7755197509265338 0.85227644590821117 0.89893157585982664 0.8498045835335869 0.78599663355136462 0.8893090407553309 0.79508535217992538 0.89945050948444494 0.75566568878348994 0.79842765218362621 0.80361839246833322 0.92053468217157863 0.64995144253762505 0.33905220456670682
 0.54910285041208695 0.28223610466233412 0.53836391396174033 0.44496093720429919 0.65957034941315362 0.5397601929865663 0.5404698140508879 0.5836660699637789 0.60217196285368135 0.53029232758638589 0.47830174266900327 0.486549492548636 0.61692988344847965 0.42172290825684278 0.44632812623531581 0.61357392881494921 0.33246000673839737 0.31832303751053259 0.39524267517767525 0.56359647540711577 0.54310232634198896 0.57181371606247511 0.59417106838193878 0.36875598461258291 0.39100360953798002 0.33147296993406167 0.48841384742321398 0.63300015383492303 0.16339133840957129 0.55025507529885809 0.68349797642133059 0.42399945188530369 0.39530756157358177 0.7202778705159677 0.48273236003831993 0.54464348416572106 0.49959646106471961 0.4336834095647531 0.46300546485427307 0.45006659362424223 0.73173056315051532 0.60754467012462254 0.27982761173540682 0.50738283761811465 0.63462603655951899 0.54296656709281643 0.45692726453697385 0.4024013812918904 0.49727502204426977 0.498609206803306 0.62309760251221225 0.5738445234606685 0.43284973529509529 0.56010294877186551 0.33054507542609035 0.56872889610048671 0.54407942705606538 0.37596217876005245 0.48140852424747971 0.49117861578226601 0.58372135360174637 0.58415168029849407 0.5214492516359962 0.50712353123902609 0.45140347682429394 0.48747103611536108 0.31810724523952832 0.36503670734268412 0.56853696509966667 0.44109845091008482 0.56235223244849608 0.49117284521339299 0.59742257047605196 0.41296964864872426 0.57288428512895517 0.58989519536470159 0.50533342193857478
 0 0 0 0.0052297630265492759 0.12083382790557699 0 0.13050346076199523 0 0.079817448474596361 0 0 0 0 0 0 0 0 0 0 0.085734286410853608 0 0.13635278573948889 0 0 0 0 0 0.057611947154561749 0.31350329378353192 0 0 0.077330316752511175 0 0 0 0.074442643785222584 0 0 0 0 0 0.14061304610504025 0 0.10322810513016051 0 0.072430156275426191 0 0.037209205698279763 0 0.037706270380305121 0 0 0.0026243519306859819 0 0 0 0 0 0 0.15249704276454268 0 0 0.015497589137671089 0.11405186462248527 0 0 0 0 0 0 0 0 0.0053598502877379821 0 0 0.033974373822586078 0
 0 0 0 0 0 0 0 0 0 0 0 0 0 0 0 0 0 0 0 0 0 0 0 0 0 0 0 0 0 0 0 0 0 0 0 0 0 0 0 0 0 0 0 0 0 0 0 0 0 0 0 0 0 0 0 0 0 0 0 0 0 0 0 0 0 0 0 0 0 0 0 0 0 0 0 0 0
 0 0 0 0 0 0 0 0 0 0 0 0 0 0 0 0 0 0 0 0 0 0 0 0 0 0 0 0 0 0 0 0 0 0 0 0 0 0 0 0 0 0 0 0 0 0 0 0 0 0 0 0 0 0 0 0 0 0 0 0 0 0 0 0 0 0 0 0 0 0 0 0 0 0 0 0 0
 0 0 0 0 0 0 0 0 0 0 0 0 0 0 0 0 0 0 0 0 0 0 0 0 0 0 0 0 0 0 0 0 0 0 0 0 0 0 0 0 0 0 0 0 0 0 0 0 0 0 0 0 0 0 0 0 0 0 0 0 0 0 0 0 0 0 0 0 0 0 0 0 0 0 0 0 0


