# Created by Octave 6.4.0, Sat Jul 15 13:44:37 2023 GMT <unknown@tumajer>
# name: gINT_full
# type: matrix
# rows: 12
# columns: 77
 0 0 0 0 0 0 0 0 0 0 0 0 0 0 0 0 0 0 0 0 0 0 0 0 0 0 0 0 0 0 0 0 0 0 0 0 0 0 0 0 0 0 0 0 0 0 0 0 0 0 0 0 0 0 0 0 0 0 0 0 0 0 0 0 0 0 0 0 0 0 0 0 0 0 0 0 0
 0 0 0 0 0 0 0 0 0 0 0 0 0 0 0 0 0 0 0 0 0 0 0 0 0 0 0 0 0 0 0 0 0 0 0 0 0 0 0 0 0 0 0 0 0 0 0 0 0 0 0 0 0 0 0 0 0 0 0 0 0 0 0 0 0 0 0 0 0 0 0 0 0 0 0 0 0
 0 0 0 0 0 0 0 0 0 0 0 0 0 0 0 0 0 0 0 0 0 0 0 0 0 0 0 0 0 0 0 0 0 0 0 0 0 0 0 0 0 0 0 0 0 0 0 0 0 0 0 0 0 0 0 0 0 0 0 0 0 0 0 0 0 0 0 0 0 0 0 0 0 0 0 0 0
 0 0 0 0 0 0 0 0 0 0 0 0 0 0 0 0 0 0 0 0 0 0 0 0 0 0 0 0 0 0 0 0 0 0 0 0 0 0 0 0 0 0 0 0 0 0 0 0 0 0 0 0 0 0 0 0 0 0 0 0 0 0 0 0 0 0 0 0 0 0 0 0 0 0 0 0 0
 0 0 0 0 0 0 0 0 0 0 0 0 0 0 0 0 0 0 0 0 0 0 0 0 0 0 0 0 0 0 0 0 0 0 0 0 0 0 0 0 0 0 0 0 0 0 0 0 0 0 0 0 0 0 0 0 0 0 0 0 0 0 0 0 0 0 0 0 0 0 0 0 0 0 0 0 0
 0.16767122778289462 0.1350996968974173 0.19674196321988677 0.12096604241198296 0.2414635578795486 0.17350767109368614 0.13694903744635081 0.19460968864048728 0.21302792860761274 0.38458868509671829 0.16754492064218987 0.23321663325422254 0.25576451093791452 0.24696877293631808 0.33245424600759854 0.40229055571946382 0.10313240118142158 0.15336932605850628 0 0.21054149625674118 0.29204974654694715 0.16151654655394326 0.22330056722599262 0.22615040660249933 0.11903185839457574 0.21208738193605831 0.21874167742295794 0.30389128475660915 0.16918345339480129 0.12083604870698855 0.16278223754486501 0.14585754094189934 0.17608349013129754 0.37519226427551705 0.33885688418939852 0.35760667972957821 0.36863079064295828 0.2423623329759011 0.1397296670929373 0.33158044649990098 0.10730942040658685 0.16567650675723736 0.22006703127294305 0.29793824368464022 0.12838366048322178 0.20995329645479646 0 0.17632560211390522 0.084668802326476306 0.30692415150665231 0.22283424295700327 0.19751859633490382 0.10929239911235671 0.23690824582216774 0.26240182907488296 0.27216812167907067 0.28978350641632211 0.1582294047885012 0.31328066156048967 0.36629011600474332 0.073856308259318562 0.26039065618449564 0.09361414523970879 0.26446913194170102 0.074164038778657987 0.24898272261924281 0.34924887035480923 0.26505278575819252 0.23979647943474844 0.23028958056392959 0.15015433659275029 0.18389441908165963 0.33543108637351143 0.078700698917295017 0.30878163781631141 0.12273144291297779 0.22719259591229979
 0.19960611167362 0.51559163059472723 0.2550399145130342 0.47045278195815643 0.48156569543417704 0.47051736255006915 0.33693624141386319 0.59749227599501964 0.48646128067662864 0.51307809447873898 0.23406642317606358 0.43649812408657701 0.27630796763549298 0.47914080854142549 0.40572945603570693 0.50701765721388248 0.33320832592087385 0.41210384226352131 0.19479247622958298 0.13086388736020957 0.38439850185470975 0.44807301054538468 0.3852468409872824 0.52673426056142647 0.46365092311138117 0.26661591864949469 0.37796186125176362 0.55980863291222294 0.4107325381137592 0.39910803499728537 0.56212906708990595 0.42403337696290638 0.47921785473970457 0.61619216088718476 0.48556784905496919 0.51366465757947377 0.52924013271178594 0.36897949316788775 0.21392598725056167 0.29521882873239913 0.41967773244726775 0.49721928610783334 0.4483208632202324 0.40678374802181239 0.5026940228028528 0.45354326174442777 0.23882275926850224 0.50360664158217427 0.15370590156471636 0.38966313285867171 0.48119142025967804 0.45735876084753058 0.25868704815978344 0.50593309965714961 0.48542848714508174 0.54288057066828044 0.42925572771299275 0.41219222198461869 0.47683064694573629 0.48193474065779246 0.46097205433776783 0.26202979837330598 0.45984255700412385 0.44996510633632048 0.49585036740242888 0.52317176622356132 0.49477050008575352 0.45525827240579309 0.51986849513294264 0.45814282415149898 0.52655982173424465 0.43146457866469168 0.46278379659575153 0.46439296535068764 0.54036592450056853 0.37102502298924378 0.23200730605627529
 0.32160890947440629 0.16875137337366983 0.31513640059131304 0.26334777649321017 0.38263241002305476 0.31595036101371826 0.31657986278388478 0.34178732687912622 0.35188747711132856 0.3132927396226472 0.28090660489834007 0.26690724836979457 0.36281622315825296 0.25123814070078676 0.26476973900492395 0.35760865458435204 0.19710149479369057 0.19518894661856814 0.23283713211341006 0.32834632989097445 0.31387371917061241 0.33589193085436347 0.34556630130646027 0.21776661936086528 0.23017376126869529 0.19967932097561494 0.28496544014841119 0.29113947292022041 0.1040840495209621 0.32008658089049113 0.39557142102251308 0.25121457572528177 0.23491178402588778 0.41686328703912134 0.28136015009360388 0.31972151781896002 0.29697746365484851 0.24975080554950746 0.27264528334792582 0.26801600565849393 0.42507394408640559 0.35322089842081172 0.16536568686259653 0.29788458675289342 0.37237866147545989 0.31561216983364448 0.26490466774361904 0.23245621669465352 0.29455405252176986 0.29556723139026864 0.36977033647011859 0.3371187062542918 0.25253580928138386 0.32962541859236216 0.18997749311265533 0.33405024921332876 0.30495233892002127 0.21913086257196449 0.28055142333642502 0.28695350750796589 0.34514774629663958 0.34527902469003313 0.30565542898465226 0.29950883876799511 0.26274578282619787 0.28385393801985698 0.17362550325210332 0.20365195825691645 0.33732211049627397 0.25423222646113186 0.32974834174618378 0.28619001421696355 0.36159958658582242 0.23557028277476144 0.34144276417801722 0.35880832988023376 0.29682985554147545
 0 0 0 0.0070903715609409593 0.076700611399543844 0 0.081150780745700882 0 0.053467663515535918 0.0060192498387025449 0 0 0 0 0 0 0 0 0 0.052686180891424392 0 0.074693873726565468 0 0 0 0 0 0.031300952084425994 0.1565698192674024 0 0 0.03462256257843619 0 0 0 0.035881070388623752 0 0 0 0 0 0.073382243623355548 0 0.053064863068256314 0 0.038649136943440986 0 0.025801357269271408 0 0.023278387491814507 0 0 0.006515432205122451 0 0 0 0 0 0.0054566305096851418 0.1178600143703403 0 0.0047064916523505296 0.016883686114331185 0.090171282464628646 0 0.014420054044618982 0 0 0 0 0 0.0013421774824117221 0.020266158697272385 0 0 0.044325355796575476 0
 0 0 0 0 0 0 0 0 0 0 0 0 0 0 0 0 0 0 0 0 0 0 0 0 0 0 0 0 0 0 0 0 0 0 0 0 0 0 0 0 0 0 0 0 0 0 0 0 0 0 0 0 0 0 0 0 0 0 0 0 0 0 0 0 0 0 0 0 0 0 0 0 0 0 0 0 0
 0 0 0 0 0 0 0 0 0 0 0 0 0 0 0 0 0 0 0 0 0 0 0 0 0 0 0 0 0 0 0 0 0 0 0 0 0 0 0 0 0 0 0 0 0 0 0 0 0 0 0 0 0 0 0 0 0 0 0 0 0 0 0 0 0 0 0 0 0 0 0 0 0 0 0 0 0
 0 0 0 0 0 0 0 0 0 0 0 0 0 0 0 0 0 0 0 0 0 0 0 0 0 0 0 0 0 0 0 0 0 0 0 0 0 0 0 0 0 0 0 0 0 0 0 0 0 0 0 0 0 0 0 0 0 0 0 0 0 0 0 0 0 0 0 0 0 0 0 0 0 0 0 0 0


