# Created by Octave 6.4.0, Sat Jul 15 14:47:04 2023 GMT <unknown@tumajer>
# name: gINT_full
# type: matrix
# rows: 12
# columns: 77
 0 0 0 0 0 0 0 0 0 0 0 0 0 0 0 0 0 0 0 0 0 0 0 0 0 0 0 0 0 0 0 0 0 0 0 0 0 0 0 0 0 0 0 0 0 0 0 0 0 0 0 0 0 0 0 0 0 0 0 0 0 0 0 0 0 0 0 0 0 0 0 0 0 0 0 0 0
 0 0 0 0 0 0 0 0 0 0 0 0 0 0 0 0 0 0 0 0 0 0 0 0 0 0 0 0 0 0 0 0 0 0 0 0 0 0 0 0 0 0 0 0 0 0 0 0 0 0 0 0 0 0 0 0 0 0 0 0 0 0 0 0 0 0 0 0 0 0 0 0 0 0 0 0 0
 0 0 0 0 0 0 0 0 0 0 0 0 0 0 0 0 0 0 0 0 0 0 0 0 0 0 0 0 0 0 0 0 0 0 0 0 0 0 0 0 0 0 0 0 0 0 0 0 0 0 0 0 0 0 0 0 0 0 0 0 0 0 0 0 0 0 0 0 0 0 0 0 0 0 0 0 0
 0 0 0 0 0 0 0 0 0 0 0 0 0 0 0 0 0 0 0 0 0 0 0 0 0 0 0 0 0 0 0 0 0 0 0 0 0 0 0 0 0 0 0 0 0 0 0 0 0 0 0 0 0 0 0 0 0 0 0 0 0 0 0 0 0 0 0 0 0 0 0 0 0 0 0 0 0
 0 0 0 0 0 0 0 0 0 0 0 0 0 0 0 0 0 0 0 0 0 0 0 0 0 0 0 0 0 0 0 0 0 0 0 0 0 0 0 0 0 0 0 0 0 0 0 0 0 0 0 0 0 0 0 0 0 0 0 0 0 0 0 0 0 0 0 0 0 0 0 0 0 0 0 0 0
 0.17381873466754624 0.12148279531445715 0.20981866812633118 0.10679800358692605 0.27949200698655463 0.18767585534869119 0.12960923795190349 0.21785279958694273 0.23858761743476833 0.47883814492607096 0.16767139483313387 0.24486921998009631 0.30526326644332646 0.2813294012677931 0.40941734296858956 0.50381291235838599 0.080529371248652962 0.14682215179324118 0 0.22858591151478874 0.35095502492217795 0.16375095277585294 0.25785156884230409 0.25059621753759426 0.10822341769864668 0.24153838181338261 0.24538206329094281 0.36174984537385846 0.17422710813264861 0.10487464102156512 0.1649577142034574 0.14628613302326923 0.17832477548437328 0.46370497269886413 0.42285027433998545 0.43845084642489801 0.45423562367069442 0.28447911134854315 0.13172492971558333 0.4123524589671263 0.085246093086525407 0.17454102043051248 0.2412559629381284 0.35288473688510624 0.11547235675453781 0.23240207755947737 0 0.18420574629598496 0.05282243377757441 0.37140887099813719 0.24523887960509816 0.22019622264061731 0.082461525584287723 0.26537207401026963 0.30189194137760234 0.32149041388200927 0.34108134344380925 0.15809966179069326 0.38594652486461217 0.45626847274923343 0.037048741247105242 0.31002753015668894 0.065306190849918358 0.31018743997956216 0.037372278349313899 0.28794075268015012 0.4316458861686911 0.31656679839311974 0.27472187855965458 0.26108223974686007 0.15183038371533869 0.18892971301594721 0.40613699953573351 0.038119196209662219 0.37353952665722268 0.11246266199626274 0.25655973015287425
 0.64530390426141404 0.67134132843005423 0.55907653487112563 0.60687168431888938 0.61757122349459836 0.60714645352569252 0.41573764782978401 0.78394847710831395 0.6301602567996869 0.67366369087046185 0.54679580946684203 0.54258126110654592 0.8421573140344002 0.62496665067536628 0.5090388025029543 0.66483235502110727 0.42096102907283051 0.52333169962195747 0.55099721798126833 0.44800861693563865 0.48873371776234076 0.57992906708288572 0.48979305980550508 0.6871921968778506 0.59135155405312789 0.31948183828171606 0.4683336697252965 0.73422276353317206 0.52575745374721994 0.50898733613148328 0.74255613401127674 0.54449833575005846 0.61816386859761763 0.81972536265270968 0.63237914049204469 0.84470430481600833 0.69477133190191742 0.46494970050958334 0.56547534038487868 0.66597863858587913 0.53200137235858391 0.64838499615559853 0.57820124414116891 0.51324382450880524 0.65596550957146016 0.5854298792387872 0.48278127000468168 0.6570426609774026 0.52315877849036652 0.49891308853996552 0.62472520285716959 0.58518042596690512 0.30567742103413165 0.66003558551440178 0.63059752319955908 0.7129062775824927 0.55532044729127417 0.52016460508969842 0.61277918766985251 0.62538515656721405 0.60595582264236691 0.57582145637938442 0.59360921475477835 0.57941604096786059 0.64515455241114728 0.6896117246872423 0.64353874975219794 0.58153860878456975 0.67944477232765688 0.59092945797064889 0.68363380969354837 0.5579404268938789 0.59746715850667131 0.6050634821787737 0.70859828865720953 0.46582415539350025 0.56938756913549626
 0.41236818912225492 0.19320210849333977 0.4029616245853469 0.32866920744612593 0.4952158111587206 0.39958194824102627 0.4048076426871936 0.43651857097501856 0.45532837733602971 0.39997251181736232 0.35352252223775837 0.35967937000204397 0.46651901546948321 0.30220422374638051 0.32159411455204984 0.45903584705412132 0.22896761710027227 0.2305979704664001 0.28456017358261021 0.4170853063048845 0.40071605633957019 0.43227890778074807 0.44177633523562571 0.26734791221441645 0.28076692965298916 0.24144298857004048 0.35495439023801495 0.47259072718547779 0.10446447571903376 0.40534240570360291 0.51792953237131445 0.31102890857137977 0.28330078922282975 0.54411512412940255 0.34989942244654471 0.40489233076880404 0.37667115821225045 0.30898219734614385 0.3374275518948851 0.33954355677513309 0.56029432834637161 0.45293340522261771 0.1924224443134831 0.37800267318758646 0.48041313561201548 0.40342822948152685 0.32638016877539178 0.28425224457701709 0.36889541584262053 0.37910453242118192 0.47672531797410073 0.434306843565339 0.31307791360191817 0.42358415203828087 0.22342629982918102 0.42994207296586467 0.40451151376749789 0.26085514401687787 0.35326650312135466 0.36243802950798631 0.44146727961244842 0.44163926394788494 0.38482137690982549 0.37598118724645174 0.32324956521633774 0.35346190218088702 0.19978965593573739 0.24277489712865033 0.43431563051192168 0.31953202736713199 0.42333825469574232 0.36083994594916829 0.46448999232199673 0.28815146076960518 0.43546265785408095 0.46465831127195417 0.38012455582054239
 0 0 0 0 0.076092586732939352 0 0.082394684631437176 0 0.045755317430303602 0 0 0 0 0 0 0 0 0 0 0.040746070006636777 0 0.075240374227210916 0 0 0 0 0 0.0093823325761653482 0.18571054583676841 0 0 0.01692209111294796 0 0 0 0.018455449620157032 0 0 0 0 0 0.06890784084711768 0 0.039783343265578287 0 0.025384545109139348 0 0 0 0.00026535546004559845 0 0 0 0 0 0 0 0 0 0.13265981967118379 0 0 0 0.095986157441289355 0 0 0 0 0 0 0 0 0 0 0 0.029703100254859966 0
 0 0 0 0 0 0 0 0 0 0 0 0 0 0 0 0 0 0 0 0 0 0 0 0 0 0 0 0 0 0 0 0 0 0 0 0 0 0 0 0 0 0 0 0 0 0 0 0 0 0 0 0 0 0 0 0 0 0 0 0 0 0 0 0 0 0 0 0 0 0 0 0 0 0 0 0 0
 0 0 0 0 0 0 0 0 0 0 0 0 0 0 0 0 0 0 0 0 0 0 0 0 0 0 0 0 0 0 0 0 0 0 0 0 0 0 0 0 0 0 0 0 0 0 0 0 0 0 0 0 0 0 0 0 0 0 0 0 0 0 0 0 0 0 0 0 0 0 0 0 0 0 0 0 0
 0 0 0 0 0 0 0 0 0 0 0 0 0 0 0 0 0 0 0 0 0 0 0 0 0 0 0 0 0 0 0 0 0 0 0 0 0 0 0 0 0 0 0 0 0 0 0 0 0 0 0 0 0 0 0 0 0 0 0 0 0 0 0 0 0 0 0 0 0 0 0 0 0 0 0 0 0


