# Created by Octave 6.4.0, Sun Jul 23 11:41:25 2023 GMT <unknown@tumajer>
# name: gINT_full
# type: matrix
# rows: 12
# columns: 77
 0 0 0 0 0 0 0 0 0 0 0 0 0 0 0 0 0 0 0 0 0 0 0 0 0 0 0 0 0 0 0 0 0 0 0 0 0 0 0 0 0 0 0 0 0 0 0 0 0 0 0 0 0 0 0 0 0 0 0 0 0 0 0 0 0 0 0 0 0 0 0 0 0 0 0 0 0
 0 0 0 0 0 0 0 0 0 0 0 0 0 0 0 0 0 0 0 0 0 0 0 0 0 0 0 0 0 0 0 0 0 0 0 0 0 0 0 0 0 0 0 0 0 0 0 0 0 0 0 0 0 0 0 0 0 0 0 0 0 0 0 0 0 0 0 0 0 0 0 0 0 0 0 0 0
 0 0 0 0 0 0 0 0 0 0 0 0 0 0 0 0 0 0 0 0 0 0 0 0 0 0 0 0 0 0 0 0 0 0 0 0 0 0 0 0 0 0 0 0 0 0 0 0 0 0 0 0 0 0 0 0 0 0 0 0 0 0 0 0 0 0 0 0 0 0 0 0 0 0 0 0 0
 0 0 0 0 0 0 0 0 0 0 0 0 0 0 0 0 0 0 0 0 0 0 0 0 0 0 0 0 0 0 0 0 0 0 0 0 0 0 0 0 0 0 0 0 0 0 0 0 0 0 0 0 0 0 0 0 0 0 0 0 0 0 0 0 0 0 0 0 0 0 0 0 0 0 0 0 0
 0.38699913305858397 0.28740132923485268 0.54160994450648148 0.10044836650617117 0.41882928218846127 0.30844932942988446 0.2098260345277384 0 0.34339418938774902 0.23359172534180381 0.44275755484555879 0.43762517784307398 0.49063285147513197 0.35251064303465596 0.41738398099509527 0.34320538465347655 0 0.16000702053723537 0.22479077444291212 0.41699659782005744 0.64967149901042398 0.27358133787674987 0.22191637437693826 0.2047914945852137 0.32649343465848046 0.20440637546673449 0.13410990523254082 0.069196396120568229 0.31106887871270966 0.071400406769068669 0.086361184524582163 0.47191211668725452 0.080384529974379643 0.37834336665546153 0.067413956201387293 0.43448041530675863 0.30870576069615679 0.31617301589859048 0.49750905161709547 0.55713417677337562 0.34435923652926848 0.23015668810785581 0.37101792719105636 0.1640889429843852 0.20060009458214365 0 0.47644412696861194 0.27527779776718975 0.5088890993438544 0.56285793224679459 0.13575424204243072 0.24193932594293349 0.22058122469421299 0.34409907006123513 0.090790695729659573 0.27215913096260896 0.047707700021312846 0.037678077859149624 0.55511955966566839 0.67843728249979995 0.14102114203684876 0.6702374939278869 0.057596758387416597 0.32606163287185846 0.026475985407840172 0.35291335941581559 0.51125206012873081 0.15369942834472869 0.34100573141249901 0.093543448174200863 0.36193560598780172 0.16656955610655932 0.3653365913460736 0.30903354756208073 0.22373064875204618 0.30071666257971441 0.34291626652730045
 0.82616728293672848 0.98204749809923764 0.82616728293672848 0.96572072250997965 0.99330917868440716 0.99330917868440716 0.98522183492143089 0.97633628499528791 0.99330917868440716 0.90119518208854121 0.82616728293672848 0.99330917868440716 0.99330917868440716 0.99330917868440716 0.96910036940068267 0.87672062852494215 0.93654699717805323 0.99330917868440716 0.76930210233002627 0.96390757802271587 0.99330917868440716 0.99330917868440716 0.99330917868440716 0.99330917868440716 0.96753491095786803 0.99330917868440716 0.99330917868440716 0.99330917868440716 0.99330917868440716 0.96367827406015583 0.99330917868440716 0.99330917868440716 0.99330917868440716 0.91630962449551479 0.96185001279479709 0.94112715554014126 0.92573771070530386 0.99330917868440716 0.82616728293672848 0.96694060727106179 0.94728100675580296 0.99330917868440716 0.99330917868440716 0.99330917868440716 0.98087250000030168 0.99330917868440716 0.73108461719599516 0.99330917868440716 0.82616728293672848 0.99330917868440716 0.99330917868440716 0.99330917868440716 0.82616728293672848 0.99330917868440716 0.99330917868440716 0.98488164013873236 0.99330917868440716 0.71591295456087733 0.99330917868440716 0.92528251275106232 0.89162743391666177 0.82616728293672848 0.92321666314693129 0.99330917868440716 0.89166247652332009 0.99330917868440716 0.94438731251214236 0.99330917868440716 0.99330917868440716 0.99330917868440716 0.99330917868440716 0.99330917868440716 0.96992666535431993 0.89154075940008981 0.99330917868440716 0.96850874543076859 0.82616728293672848
 0.21754591644584487 0.63891007340757511 0.28427491451272863 0.70187025894770261 0.69135228464612553 0.70673686839361882 0.88883308440650699 0.52846365798300188 0.67898263398341574 0.63642811424293744 0.26338172732887261 0.78044820467741249 0.47689347565879486 0.68432180915544238 0.78220732875828536 0.64550474796831103 0.88950908994933953 0.56098667005846148 0.21806638946666618 0.20984795252487309 0.82371279528759733 0.72939017130701289 0.81775077770238058 0.62991837454855149 0.72386038358707328 0.94045568656259715 0.78220732875828536 0.57922010241623278 0.77814565779713984 0.79466570673284931 0.57660039958080855 0.7600943384188833 0.68807389496129212 0.49608689887162055 0.67949500058709611 0.476954177232982 0.61851344695559662 0.83825015585192364 0.23879352098876916 0.50219160458476697 0.77787373559833495 0.66396561362382212 0.73264202197247508 0.7857675756998912 0.65127748451695688 0.73070986632611323 0.27070186029546267 0.65534248681971252 0.16900359439237148 0.81003540915376293 0.69208798746531619 0.72554667657824545 0.40357628706031307 0.65223638676332407 0.68624000615684355 0.60045105256354536 0.75466047003629144 0.7838350816669184 0.69839148971691023 0.68082212129552333 0.70503447914532447 0.29588878402440155 0.71708421868633643 0.73095973930191638 0.66660878479574714 0.62308798942611798 0.67338557932375043 0.72363036381467882 0.63302386183839077 0.73008460647060558 0.62893338448113667 0.75195876537861195 0.71328814618671033 0.67573066926975733 0.60455976682783941 0.842179661153448 0.25901844140065794
 0.63896790684473148 0.77195768791097408 0.66606977252214783 0.74303875128547814 0.58005316137928553 0.66935141273930154 0.65995491928133465 0.62898636772381888 0.61908319028357373 0.64206210840437494 0.71873172156543341 0.67232052256996533 0.6039261785529404 0.65405580465223678 0.40946423242837621 0.6113618874314265 0.77195768791097408 0.68354043552158605 0.64206210840437494 0.65690058455548228 0.66870051281174425 0.6421596813347249 0.62865339012526322 0.77195768791097408 0.77195768791097408 0.77195768791097408 0.36375551391237576 0.328973770837032 0.77195768791097408 0.66480740636831159 0.55470700770633241 0.75724771370801047 0.77195768791097408 0.53359111428972594 0.72372364317371429 0.6614300131064893 0.69340924759276923 0.76401145012235328 0.7319800004587752 0.72571385364050534 0.51405930204833061 0.62348327897935452 0.77195768791097408 0.68841095123184159 0.58827363252715204 0.59595218196146915 0.7391515142950208 0.77195768791097408 0.6976777901037764 0.69202596047594178 0.59655072750635119 0.63810818481603726 0.69502108239513405 0.64868080266707351 0.77195768791097408 0.64251507332479652 0.34774265629461026 0.77195768791097408 0.71757995201787983 0.70431971179759512 0.6269706303424637 0.63106006339623189 0.6823483639781508 0.54595134025158654 0.7425116046410084 0.64206210840437494 0.77195768791097408 0.77195768791097408 0.63784503987281616 0.75009206642397208 0.65271254317175187 0.70951120862040773 0.60800217073044982 0.77195768791097408 0.63624501804568756 0.60759368089656762 0.69023412215169078
 0.42341342063456988 0.34865003498783176 0.42501986567683336 0.44542475925440744 0.55154085862192448 0.40969185486257476 0.55154085862192448 0.3257739489724279 0.52287268976013568 0.446362572408327 0.32089503534445368 0.42728634160357026 0.41797787292502742 0.41932998412508077 0.42430261184306456 0.34862338973955675 0.31513993159568249 0.41862239770060539 0.3852462933071451 0.52042281904648224 0.43448216201369294 0.55154085862192448 0.40661071842128726 0.27506214868719497 0.37866901547102827 0.35231898680727258 0.39258754977925825 0.45873432197593628 0.53948449032847068 0.26358098332434249 0.3665943093759384 0.49049060394120492 0.3684455916706641 0.38307440707594176 0.31669756117591519 0.49576933040604837 0.35508120154206074 0.32991577031095831 0.23771049733827995 0.37334305917954946 0.28747955336733833 0.55154085862192448 0.43078447982585039 0.45873432197593628 0.34834062044839631 0.50332811140284228 0.27893437780006453 0.46853585202443387 0.35248732774347247 0.47141533203861674 0.33385916647289426 0.35055666287127191 0.44780161844766647 0.32019988022407497 0.42764819791716929 0.31380675901544086 0.41751782213308952 0.42638210473031013 0.44926242597811805 0.55154085862192448 0.34412507822067867 0.44432842270902456 0.46033755233956092 0.55154085862192448 0.35915750523932877 0.45960757471405389 0.38457344578761254 0.3200964409553223 0.41009470589428032 0.39127519026583535 0.3935240498049723 0.43790358448511779 0.46473561427062288 0.35114988096604555 0.32532329227361023 0.51012289738724625 0.38599872306365068
 0 0 0.018414532217762524 0.03701852049312291 0 0 0.034529649234451461 0.075236624256267329 0.03993893254222685 0.02218061878223037 0 0 0 0 0 0.0073689648599507239 0.020893446450478099 0.023655354475450321 0 0 0 0.024767170243772542 0 0.052960141190205742 0 0 0 0 0.089127075694130128 0 0.07397635746209387 0.04241531907834916 0 0 0 0.0044236769652530716 0 0 0 0.0033466619230758036 0 0 0.033041741810641866 0.0020578319148076745 0 0 0 0 0 0 0 0 0 0 0.073734540770327442 0.051932401081617015 0 0 0 0 0 0.010465940287504171 0 0 0.017033561318055758 0.033670474158726045 0 0.032131372432380838 0 0 0 0.016035803558820529 6.3906315803989331e-05 0 0.00078714608394562862 0 0
 0 0 0 0 0 0 0 0 0 0 0 0 0 0 0 0 0 0 0 0 0 0 0 0 0 0 0 0 0 0 0 0 0 0 0 0 0 0 0 0 0 0 0 0 0 0 0 0 0 0 0 0 0 0 0 0 0 0 0 0 0 0 0 0 0 0 0 0 0 0 0 0 0 0 0 0 0
 0 0 0 0 0 0 0 0 0 0 0 0 0 0 0 0 0 0 0 0 0 0 0 0 0 0 0 0 0 0 0 0 0 0 0 0 0 0 0 0 0 0 0 0 0 0 0 0 0 0 0 0 0 0 0 0 0 0 0 0 0 0 0 0 0 0 0 0 0 0 0 0 0 0 0 0 0


