# Created by Octave 6.4.0, Wed Feb 08 14:34:09 2023 GMT <unknown@tumajer>
# name: gINT_full
# type: matrix
# rows: 12
# columns: 77
 0 0 0 0 0 0 0 0 0 0 0 0 0 0 0 0 0 0 0 0 0 0 0 0 0 0 0 0 0 0 0 0 0 0 0 0 0 0 0 0 0 0 0 0 0 0 0 0 0 0 0 0 0 0 0 0 0 0 0 0 0 0 0 0 0 0 0 0 0 0 0 0 0 0 0 0 0
 0 0 0 0 0 0 0 0 0 0 0 0 0 0 0 0 0 0 0 0 0 0 0 0 0 0 0 0 0 0 0 0 0 0 0 0 0 0 0 0 0 0 0 0 0 0 0 0 0 0 0 0 0 0 0 0 0 0 0 0 0 0 0 0 0 0 0 0 0 0 0 0 0 0 0 0 0
 0 0 0 0 0 0 0 0 0 0 0 0 0 0 0 0 0 0 0 0 0 0 0 0 0 0 0 0 0 0 0 0 0 0 0 0 0 0 0 0 0 0 0 0 0 0 0 0 0 0 0 0 0 0 0 0 0 0 0 0 0 0 0 0 0 0 0 0 0 0 0 0 0 0 0 0 0
 0 0 0 0 0 0 0 0 0 0 0 0 0 0 0 0 0 0 0 0 0 0 0 0 0 0 0 0 0 0 0 0 0 0 0 0 0 0 0 0 0 0 0 0 0 0 0 0 0 0 0 0 0 0 0 0 0 0 0 0 0 0 0 0 0 0 0 0 0 0 0 0 0 0 0 0 0
 0 0 0 0 0 0 0 0 0 0 0 0 0 0 0 0 0 0 0 0 0 0 0 0 0 0 0 0 0 0 0 0 0 0 0 0 0 0 0 0 0 0 0 0 0 0 0 0 0 0 0 0 0 0 0 0 0 0 0 0.010646567316602339 0 0.013600136445895205 0 0 0 0 0 0 0 0 0 0 0 0 0 0 0
 0.33220815777874335 0.29862855061829602 0.33220815777874335 0.27156971410333558 0.52427991941269647 0.3870529628011124 0.30410474372251395 0.4282854755858137 0.46210902122951386 0.81435708943319263 0.33220815777874335 0.47950398756055984 0.44077213662893133 0.52830653198932753 0.70950409793772196 0.84705318355543624 0.23790723296270064 0.33873361188154044 0.022563992364475535 0.33673229147716977 0.62188500827023152 0.35741709423710816 0.49061743827206117 0.48852359973221304 0.27720697171061903 0.4640417952662968 0.47483311697166786 0.63960210360740777 0.37674483460493707 0.27881761674127137 0.36418180336584849 0.33277422526812678 0.384153801745938 0.77795651174044844 0.71336964601128749 0.55741954620889089 0.76877583506572977 0.51912585531460875 0.31360754940336327 0.37942527373778562 0.25755710233665979 0.37320141553750175 0.47048437538890625 0.62848865289590639 0.29782322810296968 0.4609815697080572 0 0.39430086543904819 0.21390862200597996 0.64556149022082177 0.47692695551151598 0.43811041027279329 0.256268586312138 0.50881772711843343 0.55214407844298286 0.57662588290889916 0.60658388047903367 0.36547031939037022 0.64894384478519163 0.74944809469790119 0.20537220334352227 0.33220815777874335 0.25063132870485466 0.55826452955946204 0.20955988042321846 0.52911185450465348 0.70950409793772196 0.56357965816061473 0.50140875997743228 0.49577150237014889 0.35596751370952123 0.40509218714441919 0.67648587480934774 0.22469994371135102 0.63412591050318956 0.30845348530527561 0.33220815777874335
 0.45488655162300773 0.94049445874060333 0.62310055921866281 0.94049445874060333 0.94049445874060333 0.94049445874060333 0.71478130727255718 0.54478877057627761 0.94049445874060333 0.94049445874060333 0.56257390739065993 0.45695155696089146 0.80963917409335262 0.6972024119881296 0.31454304112406589 0.94049445874060333 0.6770191146000325 0.869416229591499 0.44340169931415413 0.25419287045819267 0.81329625778344117 0.94049445874060333 0.81604125640448766 0.68925328286463139 0.94049445874060333 0.57112637943780087 0.31454304112406589 0.31454304112406589 0.86987372936167351 0.84760874054652002 0.94049445874060333 0.89595121626161323 0.94049445874060333 0.870068568975219 0.94049445874060333 0.94049445874060333 0.74302797656528974 0.78294877302854049 0.49427437662224105 0.83027591268133394 0.88237872307977316 0.94049445874060333 0.94049445874060333 0.85736873564357352 0.46021424582366571 0.38817773718727144 0.57264401673204723 0.94049445874060333 0.31875099803839224 0.83098624889685069 0.94049445874060333 0.94049445874060333 0.55831638587291788 0.94049445874060333 0.8262324639633345 0.78204204518996945 0.31454304112406589 0.8707887289020223 0.94049445874060333 0.94049445874060333 0.87443624485860794 0.64863958686466128 0.94049445874060333 0.34506330294925186 0.31454304112406589 0.94049445874060333 0.94049445874060333 0.94049445874060333 0.94049445874060333 0.78805064351728271 0.94049445874060333 0.62477369237802238 0.94049445874060333 0.94049445874060333 0.69535915377477875 0.58978386828252105 0.55098646878995006
 0.68344118635364692 0.31325219940482224 0.67079667541358812 0.35124713443683564 0.77208884574703851 0.66891877774922281 0.67455247074231839 0.72074875328570187 0.67914293132027959 0.25822073835974074 0.59618154154947811 0.58691724640527654 0.45139648052370163 0.53007954376382349 0.55937474732792036 0.7201289543018442 0.41990954745439957 0.41577817259279592 0.25822073835974074 0.69458337916221369 0.66992032317021766 0.68364655773550831 0.73164055973901998 0.47011201168176214 0.43946567723436591 0.42942422895384963 0.60519545033843092 0.7575935471966756 0.229615917465394 0.59373097384545603 0.69438658471304016 0.40144237232243829 0.49915682889061019 0.77208884574703851 0.59618154154947811 0.67705633429480527 0.62985850633042717 0.53621400946741637 0.57852930350444542 0.57539947406383662 0.77208884574703851 0.7436591047909572 0.3665772537864283 0.63536700614589836 0.77208884574703851 0.66766684597297943 0.56638556527488393 0.5027874310417163 0.6228476883834636 0.46864240965321707 0.77095121751306439 0.65230600807665817 0.25822073835974074 0.41606043977221652 0.42116147923064295 0.70497441290503438 0.67054628905833935 0.47824956822734449 0.60068849594395457 0.61458493866025699 0.72137471917382368 0.72074875328570187 0.64688477848733794 0.63298833577103575 0.56325573583427524 0.25822073835974074 0.40538713884997524 0.46022175064943871 0.70497441290503438 0.5543670202229467 0.69132835654398073 0.60682296164754734 0.59116759069297731 0.52119082815249507 0.70622634468127787 0.73364365058100944 0.63461584708015228
 0.00072404540157543511 0 0.0042132509265622262 0.028548222793136339 0.17258978420925555 0 0.1809101973842239 0 0.12526184260110212 0.027027287051475505 0 0 0 0 0 0 0 0 0 0.127230112384428 0.015843936009851345 0.17992606249256107 0 0 0 0 0 0.087954183526243929 0.36968516296683968 0 0 0.10191100562619085 0 0 0 0.1054896779595106 0 0 0 0 0 0.18216273270088576 0.013159931759861522 0.13689252768439131 0 0.10575807838450958 0 0.066482149526325529 0 0.065140147401330659 0 0 0.028816623218135332 0 0.0015292466765724053 0 0 0 0.013428332184860512 0.21580225263409133 0 0.020227809618167968 0.042773445318082338 0.166595508050945 0 0.030158625343130279 0 0 0 0 0 0.012802064526529587 0.035705567459775808 0 0 0.072476425684636095 0
 0 0 0 0 0 0 0 0 0 0 0 0 0 0 0 0 0 0 0 0 0 0 0 0 0 0 0 0 0 0 0 0 0 0 0 0 0 0 0 0 0 0 0 0 0 0 0 0 0 0 0 0 0 0 0 0 0 0 0 0 0 0 0 0 0 0 0 0 0 0 0 0 0 0 0 0 0
 0 0 0 0 0 0 0 0 0 0 0 0 0 0 0 0 0 0 0 0 0 0 0 0 0 0 0 0 0 0 0 0 0 0 0 0 0 0 0 0 0 0 0 0 0 0 0 0 0 0 0 0 0 0 0 0 0 0 0 0 0 0 0 0 0 0 0 0 0 0 0 0 0 0 0 0 0
 0 0 0 0 0 0 0 0 0 0 0 0 0 0 0 0 0 0 0 0 0 0 0 0 0 0 0 0 0 0 0 0 0 0 0 0 0 0 0 0 0 0 0 0 0 0 0 0 0 0 0 0 0 0 0 0 0 0 0 0 0 0 0 0 0 0 0 0 0 0 0 0 0 0 0 0 0


