# Created by Octave 6.4.0, Wed Feb 08 22:43:31 2023 GMT <unknown@tumajer>
# name: gINT_full
# type: matrix
# rows: 12
# columns: 77
 0 0 0 0 0 0 0 0 0 0 0 0 0 0 0 0 0 0 0 0 0 0 0 0 0 0 0 0 0 0 0 0 0 0 0 0 0 0 0 0 0 0 0 0 0 0 0 0 0 0 0 0 0 0 0 0 0 0 0 0 0 0 0 0 0 0 0 0 0 0 0 0 0 0 0 0 0
 0 0 0 0 0 0 0 0 0 0 0 0 0 0 0 0 0 0 0 0 0 0 0 0 0 0 0 0 0 0 0 0 0 0 0 0 0 0 0 0 0 0 0 0 0 0 0 0 0 0 0 0 0 0 0 0 0 0 0 0 0 0 0 0 0 0 0 0 0 0 0 0 0 0 0 0 0
 0 0 0 0 0 0 0 0 0 0 0 0 0 0 0 0 0 0 0 0 0 0 0 0 0 0 0 0 0 0 0 0 0 0 0 0 0 0 0 0 0 0 0 0 0 0 0 0 0 0 0 0 0 0 0 0 0 0 0 0 0 0 0 0 0 0 0 0 0 0 0 0 0 0 0 0 0
 0 0 0 0 0 0 0 0 0 0 0 0 0 0 0 0 0 0 0 0 0 0 0 0 0 0 0 0 0 0 0 0 0 0 0 0 0 0 0 0 0 0 0 0 0 0 0 0 0 0 0 0 0 0 0 0 0 0 0 0 0 0 0 0 0 0 0 0 0 0 0 0 0 0 0 0 0
 0 0 0 0 0 0 0 0 0 0 0 0 0 0 0 0 0 0 0 0 0 0 0 0 0 0 0 0 0 0 0 0 0 0 0 0 0 0 0 0 0 0 0 0 0 0 0 0 0 0 0 0 0 0 0 0 0 0 0 0 0 0 0 0 0 0 0 0 0 0 0 0 0 0 0 0 0
 0.16058982470741434 0.16978532782736644 0.2623194243439701 0.14010839999646388 0.29649303179681086 0.19785666836261936 0.14100324091014593 0.22552480063224287 0.23041532398339218 0.47802577910414845 0.17406568152049473 0.22591968815932059 0.3112649885883963 0.30850194572783585 0.39856850276277439 0.51977143952419125 0.11211770126149843 0.1748531529704429 0 0.23647964739622715 0.34723960659808856 0.18032506218880096 0.28422896542553105 0.29307850654883455 0.12847300849686727 0.26383641980920547 0.2671704855850599 0.36998394639282578 0.2064816228736262 0.12680168395513061 0.20336279028371337 0.17094365077381102 0.19521780931678603 0.45645745518069469 0.40391462546115081 0.44823276715390803 0.46341645074214333 0.26109300699142951 0.16336959433030335 0.38313393988900718 0.10714904993648235 0.19333998011874451 0.22795378699385868 0.36015254000228025 0.154821616431883 0.22598968916683607 0 0.21762007941018871 0.094454467245895096 0.34469231533130712 0.26786100602446511 0.26019430926563958 0.11635624086545644 0.27618563444885569 0.32052057252258798 0.34601490678025765 0.35688378544483967 0.19842659123732714 0.35554264178780687 0.44321979099660802 0.065869348725801385 0.30118831072255875 0.10878308738369614 0.3150076545546962 0.067204442601310851 0.30249512781178745 0.40805888504522936 0.31338162369741335 0.26038864470672651 0.27825860486717119 0.18353833231291031 0.22331884901481627 0.39292483977654413 0.098653003090336672 0.36648918297869099 0.15017003025101813 0.25161146986536476
 0.16891958134328125 0.66739209833777458 0.53644870734365591 0.60685063086643853 0.61701148609455392 0.597109037631118 0.41088427705849201 0.76479490087166557 0.61421199937163418 0.67032020244431423 0.54018839575556643 0.51518644156336468 0.82026679724492746 0.60342012823586155 0.49350833563337615 0.6563013737922585 0.39914924474715918 0.52203520423127048 0 0 0.47318382603266773 0.58037310660675423 0.47871506235029654 0.70416793404887479 0.60114875102587628 0.31098711351961728 0.47384818958696551 0.72296958283322854 0.52340263123978259 0.49758574289549085 0.73014300998046244 0.536993668805547 0.60681001749188967 0.78404994916179771 0.61553693307271662 0.82273268055119364 0.65966503386218256 0.45686671706295501 0.54322158820601318 0.65253759453919136 0.52087030075557539 0.63049406888307868 0.56947747460551601 0.52836302024118786 0.63862896713397221 0.57176136346691009 0.46980833538796674 0.64455021963775916 0 0.50561185694634292 0.61411845963208911 0.57723814717310717 0.30137649335890138 0.63261647200586357 0.62513975955810164 0.70659414464611614 0.54562033447085245 0.53826682166577977 0.59451081102646353 0.61621687590720353 0.57949920479738504 0.57118402833134208 0.57811972739389839 0.57002103415149563 0.63067415822155504 0.66294663430004386 0.63405304166908627 0.56460118617107158 0.6513905406571453 0.58186677685573773 0.67910710942027019 0.5651621169493295 0.58959559203886835 0.58924485291725726 0.66818050106113924 0.48182500067354239 0.55578787250652939
 0.40207906207131272 0.19577136864096636 0.39386664798207255 0.32026205295244325 0.49402892304742513 0.39133051903700949 0.38814526015339368 0.43883988317023559 0.43713465624036607 0.3845442879114892 0.33946680561210169 0.32517457165089092 0.44529695875198277 0.29927932148474934 0.31058637571394881 0.45552905140727168 0.23321264372485823 0.2010745097724112 0.27904435645913284 0.40382154937559545 0.39588481441888212 0.41890834429476359 0.44060221652445997 0.25379891521369086 0.27174712476518437 0.22857974936791284 0.34453172760542838 0.46301567178109054 0.099791707661333398 0.40603380681885448 0.49881593857454826 0.30188177168658059 0.27454735086524712 0.53219155635838922 0.35223391380898661 0.39704969168971116 0.36968275694666258 0.30498860723107718 0.34054029666333974 0.31796023991588196 0.53247392008148231 0.43811606533293362 0.17030598899831861 0.37538609854816829 0.4718713351847923 0.38273010559064463 0.31456975344004628 0.27530258481004122 0.35441711255711739 0.37192589735077092 0.46217143953487361 0.41880734341508441 0.30704899500076599 0.41193637860027982 0.22572850140710748 0.41828713031101689 0.38672351624314683 0.26145197376749651 0.34888035379233739 0.35663198243068933 0.41806380094063988 0.42994509116306606 0.38772564267083576 0.36105304940610422 0.31702399593304098 0.3532680089722085 0.21483375107018304 0.24811795446923948 0.40920870423635264 0.3158278916977269 0.40464105143730972 0.35221544101454516 0.43195840868404717 0.29238131180434979 0.41676461162775263 0.42970264955839582 0.36988190351864964
 0 0 0 0 0.07697974589410915 0 0.089347864237989377 0 0.04663488818017817 0 0 0 0 0 0 0 0 0 0 0.053572086765903831 0 0.095940653101722145 0 0 0 0 0 0.025215894888806142 0.2169677931047489 0 0 0.038737454027336478 0 0 0 0.029626683111340129 0 0 0 0 0 0.072298170740615827 0 0.062587930403081582 0 0.037215787853007443 0 0.0038907993537744311 0 0.019841242349017039 0 0 0 0 0 0 0 0 0 0.11000362518933963 0 0 0 0.069459089659054771 0 0 0 0 0 0 0 0 0 0 0 0.017015385638462797 0
 0 0 0 0 0 0 0 0 0 0 0 0 0 0 0 0 0 0 0 0 0 0 0 0 0 0 0 0 0 0 0 0 0 0 0 0 0 0 0 0 0 0 0 0 0 0 0 0 0 0 0 0 0 0 0 0 0 0 0 0 0 0 0 0 0 0 0 0 0 0 0 0 0 0 0 0 0
 0 0 0 0 0 0 0 0 0 0 0 0 0 0 0 0 0 0 0 0 0 0 0 0 0 0 0 0 0 0 0 0 0 0 0 0 0 0 0 0 0 0 0 0 0 0 0 0 0 0 0 0 0 0 0 0 0 0 0 0 0 0 0 0 0 0 0 0 0 0 0 0 0 0 0 0 0
 0 0 0 0 0 0 0 0 0 0 0 0 0 0 0 0 0 0 0 0 0 0 0 0 0 0 0 0 0 0 0 0 0 0 0 0 0 0 0 0 0 0 0 0 0 0 0 0 0 0 0 0 0 0 0 0 0 0 0 0 0 0 0 0 0 0 0 0 0 0 0 0 0 0 0 0 0


