# Created by Octave 6.4.0, Wed Feb 08 14:40:04 2023 GMT <unknown@tumajer>
# name: gINT_full
# type: matrix
# rows: 12
# columns: 77
 0 0 0 0 0 0 0 0 0 0 0 0 0 0 0 0 0 0 0 0 0 0 0 0 0 0 0 0 0 0 0 0 0 0 0 0 0 0 0 0 0 0 0 0 0 0 0 0 0 0 0 0 0 0 0 0 0 0 0 0 0 0 0 0 0 0 0 0 0 0 0 0 0 0 0 0 0
 0 0 0 0 0 0 0 0 0 0 0 0 0 0 0 0 0 0 0 0 0 0 0 0 0 0 0 0 0 0 0 0 0 0 0 0 0 0 0 0 0 0 0 0 0 0 0 0 0 0 0 0 0 0 0 0 0 0 0 0 0 0 0 0 0 0 0 0 0 0 0 0 0 0 0 0 0
 0 0 0 0 0 0 0 0 0 0 0 0 0 0 0 0 0 0 0 0 0 0 0 0 0 0 0 0 0 0 0 0 0 0 0 0 0 0 0 0 0 0 0 0 0 0 0 0 0 0 0 0 0 0 0 0 0 0 0 0 0 0 0 0 0 0 0 0 0 0 0 0 0 0 0 0 0
 0 0 0 0 0 0 0 0 0 0 0 0 0 0 0 0 0 0 0 0 0 0 0 0 0 0 0 0 0 0 0 0 0 0 0 0 0 0 0 0 0 0 0 0 0 0 0 0 0 0 0 0 0 0 0 0 0 0 0 0 0 0 0 0 0 0 0 0 0 0 0 0 0 0 0 0 0
 0 0 0 0 0 0 0 0 0 0 0 0 0 0 0 0 0 0 0 0 0 0 0 0 0 0 0 0 0 0 0 0 0 0 0 0 0 0 0 0 0 0 0 0 0 0 0 0 0 0 0 0 0 0 0 0 0 0 0 0 0 0 0 0 0 0 0 0 0 0 0 0 0 0 0 0 0
 0.1760728782773551 0.18574158322878645 0.25684596897870948 0.15453747668682563 0.31896968274361176 0.21525747873619067 0.15547836623468386 0.24434941682620348 0.24949160716897559 0.50984412972509852 0.19024220450059373 0.24476462531871443 0.33450180642515709 0.33159657700612161 0.42629797122049506 0.55373802746390344 0.12510637281763423 0.19107019933762495 0 0.25586800148301103 0.37232768313237696 0.19682369374278993 0.30607450586183904 0.31537944556558689 0.14230332637047205 0.28463255709613799 0.2881381943467477 0.39624244972228362 0.22432627457026527 0.1405459952422736 0.22104694643439135 0.18695951363036989 0.21248282364774662 0.48716589694191403 0.43191920611438533 0.47851796535935309 0.4944830033540662 0.28174796788453771 0.17899569522016587 0.34660501333426025 0.1198820340249169 0.21050836110576218 0.24690339915377804 0.38590511783213943 0.17000783722554938 0.24483822858752322 0 0.23603791758332601 0.10653418639594722 0.36964930791325185 0.28886424906114994 0.28080302305249999 0.12956302824159976 0.29761726398766225 0.3442336839576367 0.37103996009664808 0.38246815272405688 0.21585672991894159 0.38105799363344683 0.47324702077250097 0.076478073819268341 0.25684596897870948 0.12160015925967647 0.33843707048715294 0.077881871805781488 0.32528064742949764 0.43627672985592542 0.33672736386252261 0.28100735902161067 0.29979690974345008 0.20020231918111445 0.24202994664085253 0.42036388457538515 0.11094877946153316 0.39256784531124167 0.16511687979208897 0.25684596897870948
 0.39399463473137036 0.70857363432294995 0.54379277858342623 0.64491673773737879 0.65560046473463629 0.63467384771405544 0.43886606801236544 0.3771001189231819 0.65265691803422043 0.71165241698361192 0.46598219606300278 0.30732650275403861 0.68173270998452729 0.53413770509704228 0.2432848622291845 0.69691218746774719 0.42652715768409283 0.55573675800312083 0.37290610949086767 0.24615835694504229 0.50437151596429164 0.61707669529971099 0.51018738652323292 0.3432040463216075 0.63892144243790705 0.33382825386296722 0.2432848622291845 0.2432848622291845 0.557174552019435 0.53002914144160396 0.69971877408179417 0.57146497656562067 0.64487403442192193 0.68001573730703579 0.6540500320619318 0.87190795360062257 0.58414528779418029 0.48721473794677361 0.43592193350074915 0.69295472629789934 0.55451190926420291 0.66977685348309002 0.60562038033896703 0.56239019978740767 0.27830644630512846 0.2432848622291845 0.47394634539675973 0.68455632567552616 0.27795144785990628 0.53846827470775727 0.65255856479344909 0.61378041265571803 0.32372307671337874 0.67200847425052479 0.3989321087811788 0.55420749869494501 0.2432848622291845 0.5728036451401779 0.63194191786189791 0.65476496436382081 0.61615782300558797 0.53661426343631957 0.61470735848790103 0.29546638263135 0.2432848622291845 0.70389940926128147 0.67351896896281493 0.60049316090478644 0.6917486456824592 0.56009547516639946 0.72089149314145851 0.44936648995207151 0.62677376453068046 0.6264049765754911 0.53008410738049305 0.35509517626927228 0.47544599407868693
 0.42839017802026369 0.20000112010742688 0.419755178303931 0.21544397362573772 0.52507149667001662 0.41708854794612982 0.41373938541516292 0.46704259816274579 0.46524962548799986 0.20000112010742688 0.36255608698574154 0.34752841852434374 0.35985530781964969 0.32030067825099839 0.33218955879218021 0.48459053978218342 0.25083441199645823 0.21704254829508535 0.20000112010742688 0.43022232837394692 0.4218771933923075 0.44608544346188045 0.46889561578319783 0.27247998984174948 0.291351759177989 0.2459631231131521 0.36788163432180743 0.49246239866578678 0.11054804400013186 0.43254842179634567 0.5301048373259567 0.24180235966390504 0.29429607631993498 0.56519786197914434 0.37598015139122853 0.4231020116727629 0.39432685845043181 0.32630374632139614 0.36368481659218832 0.33994285941731445 0.56549475527292081 0.46628153488076052 0.1846907738632089 0.4003236765085561 0.50177374733232438 0.40804558361643245 0.33637790891202651 0.2950901722858954 0.3782756908472219 0.29871308013795095 0.49157472481892689 0.42062678407598464 0.20000112010742688 0.20759209451607463 0.24296515868208357 0.44543226371288769 0.41224448292628763 0.28052685130332283 0.37245402746739825 0.38060453112758053 0.44519744249845566 0.45769010745488231 0.41329817570465854 0.3852530926423503 0.33895843919222596 0.20000112010742688 0.23150979792621104 0.26650670429090206 0.43588668969194533 0.33770078710352119 0.43108399949690063 0.37596072804347369 0.42332645944103364 0.3130477181607918 0.44383140089042933 0.45743519054923121 0.39453625249387997
 0 0 0 0 0.084967496032386375 0 0.097971986286039411 0 0.053061316335734153 0 0 0 0 0 0 0 0 0 0 0.060355451861237377 0 0.10490399131210928 0 0 0 0 0 0.030540260039524723 0.23215829296387422 0 0 0.044757538621615356 0 0 0 0.035177994806936022 0 0 0 0 0 0.080045041640973452 0 0.069835184141301757 0 0.043157578758426733 0 0.008117932783838407 0 0.024889067624710642 0 0 0 0 0 0 0 0 0 0.1196905399499873 0 0 0 0.077059882441493435 0 0 0 0 0 0 0 0 0 0 0 0.021917813224577413 0
 0 0 0 0 0 0 0 0 0 0 0 0 0 0 0 0 0 0 0 0 0 0 0 0 0 0 0 0 0 0 0 0 0 0 0 0 0 0 0 0 0 0 0 0 0 0 0 0 0 0 0 0 0 0 0 0 0 0 0 0 0 0 0 0 0 0 0 0 0 0 0 0 0 0 0 0 0
 0 0 0 0 0 0 0 0 0 0 0 0 0 0 0 0 0 0 0 0 0 0 0 0 0 0 0 0 0 0 0 0 0 0 0 0 0 0 0 0 0 0 0 0 0 0 0 0 0 0 0 0 0 0 0 0 0 0 0 0 0 0 0 0 0 0 0 0 0 0 0 0 0 0 0 0 0
 0 0 0 0 0 0 0 0 0 0 0 0 0 0 0 0 0 0 0 0 0 0 0 0 0 0 0 0 0 0 0 0 0 0 0 0 0 0 0 0 0 0 0 0 0 0 0 0 0 0 0 0 0 0 0 0 0 0 0 0 0 0 0 0 0 0 0 0 0 0 0 0 0 0 0 0 0


