# Created by Octave 6.4.0, Wed Feb 08 23:42:35 2023 GMT <unknown@tumajer>
# name: gINT_full
# type: matrix
# rows: 12
# columns: 77
 0 0 0 0 0 0 0 0 0 0 0 0 0 0 0 0 0 0 0 0 0 0 0 0 0 0 0 0 0 0 0 0 0 0 0 0 0 0 0 0 0 0 0 0 0 0 0 0 0 0 0 0 0 0 0 0 0 0 0 0 0 0 0 0 0 0 0 0 0 0 0 0 0 0 0 0 0
 0 0 0 0 0 0 0 0 0 0 0 0 0 0 0 0 0 0 0 0 0 0 0 0 0 0 0 0 0 0 0 0 0 0 0 0 0 0 0 0 0 0 0 0 0 0 0 0 0 0 0 0 0 0 0 0 0 0 0 0 0 0 0 0 0 0 0 0 0 0 0 0 0 0 0 0 0
 0 0 0 0 0 0 0 0 0 0 0 0 0 0 0 0 0 0 0 0 0 0 0 0 0 0 0 0 0 0 0 0 0 0 0 0 0 0 0 0 0 0 0 0 0 0 0 0 0 0 0 0 0 0 0 0 0 0 0 0 0 0 0 0 0 0 0 0 0 0 0 0 0 0 0 0 0
 0 0 0 0 0 0 0 0 0 0 0 0 0 0 0 0 0 0 0 0 0 0 0 0 0 0 0 0 0 0 0 0 0 0 0 0 0 0 0 0 0 0 0 0 0 0 0 0 0 0 0 0 0 0 0 0 0 0 0 0 0 0 0 0 0 0 0 0 0 0 0 0 0 0 0 0 0
 0 0 0 0 0 0 0 0 0 0 0 0 0 0 0 0 0 0 0 0 0 0 0 0 0 0 0 0 0 0 0 0 0 0 0 0 0 0 0 0 0 0 0 0 0 0 0 0 0 0 0 0 0 0 0 0 0 0 0 0 0 0 0 0 0 0 0 0 0 0 0 0 0 0 0 0 0
 0.071043083950516714 0.080061791233663221 0.17081679607759834 0.050955442002021838 0.20433337025586146 0.10759342273120001 0.051833078403228754 0.13472959818088151 0.13952609468466803 0.38237590788688625 0.084259849406565016 0.13511689346750397 0.21882131643615604 0.2161113967672568 0.3044463038738035 0.42331895219439136 0.023502901858388332 0.085032180665472218 0 0.1454738233752299 0.25410427433635574 0.090398885116177607 0.19230509695087356 0.2009844938191177 0.039543756454116834 0.17230462527762694 0.17557458918313043 0.2764113238018801 0.11605255096491751 0.037904565360335728 0.11299368209970768 0.081197843873422396 0.10500529927722436 0.36122226381583428 0.30968964021848128 0.35315570640824179 0.36804746338726868 0.16961395823770514 0.073769408787384264 0.28930849109879664 0.018629779495446704 0.10316357385513888 0.13711188403347793 0.26676893933836993 0.065385777188000913 0.13518554861209714 0 0.1269768557885812 0.0061792671227532663 0.25160595814850401 0.17625183344424245 0.16873253917675751 0.027659949873866573 0.18441640976172952 0.22789894939959343 0.25290312100927193 0.26356303095582106 0.10815238807696845 0.26224767257796544 0.34823911141715486 0 0.20893837616925923 0.020232400388929456 0.22249202464737022 0 0.21022006795345263 0.31375422087346266 0.22089725640642657 0.16892313825927008 0.18644952455333286 0.093550375827778059 0.13256605893144263 0.29891114785095352 0.010297080504454791 0.27298375188495649 0.060823623968072657 0.16031471633448344
 0.064120813203839236 0.57266506626852487 0.44423950803736562 0.51328771474958401 0.52325319292202044 0.50373343682987493 0.32108948167159113 0.66819496811180412 0.5205075358680662 0.57553686759875144 0.4479072881999534 0.4233860817486283 0.72260022830700665 0.50992317521841291 0.40212481125367044 0.56178759868400274 0.30958009533294578 0.43010315362328311 0 0 0.38219110958740798 0.48731931109199311 0.38761598904414857 0.60873376125770184 0.5076954729729517 0.22311318141092651 0.38284269848915681 0.62717388429457432 0.43144428718928657 0.40612381647109591 0.63420937786794174 0.4447739907586889 0.5132478823055141 0.68707977250440777 0.52180699320523294 0.72501869660644425 0.56508658093045505 0.36618775262341935 0.45970243536070854 0.55809619090874729 0.42896064938526252 0.5364765271267371 0.47663318473298399 0.4363092958141036 0.54445500424645366 0.47887315805073349 0.37888052424928076 0.55026240049954633 0 0.41399560113760059 0.52041579474866595 0.484244631932995 0.21368735816229073 0.53855811981931867 0.531225172638496 0.6111133196910945 0.45323477938902296 0.44602266291806753 0.50118516998280072 0.52247386182243682 0.48646221302193854 0.47830692414989373 0.48510926077085476 0.47716629249500486 0.53665315363418975 0.56830508142081482 0.53996706653695503 0.47185065955523137 0.55697119304513154 0.48878426044211037 0.5841548163546616 0.47240080452841332 0.49636446282440239 0.49602046785723025 0.57343830926376405 0.39066612820882962 0.46320681186928009
 0.32702109321492212 0.12468186860122815 0.31896665049689299 0.24677788991958396 0.41720223606951462 0.31647930571720034 0.31335531745487077 0.36307479491475736 0.36140236918480428 0.30982361236347339 0.26561322609847937 0.25159591297929979 0.3694076642554921 0.22619877556443296 0.23728833091430962 0.37944293564853704 0.16140293529077676 0.12988300020573526 0.20635304385520425 0.32873006259064153 0.32094599612950414 0.34352665274728023 0.36480322858814818 0.18159321584443783 0.19919617937657294 0.15685915780814993 0.27058072087203022 0.3867855457869564 0.030548441687311932 0.33089976575716956 0.4218971700967753 0.22875116586640723 0.20194254122284611 0.45463078516995931 0.27813475028482293 0.32208846619366216 0.29524795305578666 0.23179823931589025 0.26666606781914248 0.24452035382250795 0.45490771743477065 0.36236490020590745 0.099706332857931568 0.30084158700209074 0.39547086448133578 0.30804432707360374 0.24119508566029363 0.20268324772899088 0.28027595371998959 0.29744794512840494 0.38595755292225464 0.34342759468822398 0.23381899412532312 0.33668879755536318 0.15406275554133139 0.34291738823706974 0.31196092175582851 0.18909906261123835 0.27484569827623462 0.28244821906495643 0.34269835475904387 0.35435110028221378 0.31294377160001979 0.28678424380982459 0.24360211912952376 0.27914895392417355 0.14337757313790669 0.17602153224417882 0.33401359186323032 0.24242902277278366 0.32953380097276141 0.27811663282714799 0.35632569027119065 0.21943345379236323 0.34142415623631767 0.3541133222067217 0.29544326890799905
 0 0 0 0 0.027270150950285958 0 0.03940020407469802 0 0 0 0 0 0 0 0 0 0 0 0 0.0043130494051061771 0 0.045866092978055759 0 0 0 0 0 0 0.16456366660361632 0 0 0 0 0 0 0 0 0 0 0 0 0.022678688147385131 0 0.01315535340314896 0 0 0 0 0 0 0 0 0 0 0 0 0 0 0 0.059658376797391097 0 0 0 0.019894254542665545 0 0 0 0 0 0 0 0 0 0 0 0 0
 0 0 0 0 0 0 0 0 0 0 0 0 0 0 0 0 0 0 0 0 0 0 0 0 0 0 0 0 0 0 0 0 0 0 0 0 0 0 0 0 0 0 0 0 0 0 0 0 0 0 0 0 0 0 0 0 0 0 0 0 0 0 0 0 0 0 0 0 0 0 0 0 0 0 0 0 0
 0 0 0 0 0 0 0 0 0 0 0 0 0 0 0 0 0 0 0 0 0 0 0 0 0 0 0 0 0 0 0 0 0 0 0 0 0 0 0 0 0 0 0 0 0 0 0 0 0 0 0 0 0 0 0 0 0 0 0 0 0 0 0 0 0 0 0 0 0 0 0 0 0 0 0 0 0
 0 0 0 0 0 0 0 0 0 0 0 0 0 0 0 0 0 0 0 0 0 0 0 0 0 0 0 0 0 0 0 0 0 0 0 0 0 0 0 0 0 0 0 0 0 0 0 0 0 0 0 0 0 0 0 0 0 0 0 0 0 0 0 0 0 0 0 0 0 0 0 0 0 0 0 0 0


