# Created by Octave 6.4.0, Sun Jul 23 15:47:20 2023 GMT <unknown@tumajer>
# name: gINT_full
# type: matrix
# rows: 12
# columns: 77
 0 0 0 0 0 0 0 0 0 0 0 0 0 0 0 0 0 0 0 0 0 0 0 0 0 0 0 0 0 0 0 0 0 0 0 0 0 0 0 0 0 0 0 0 0 0 0 0 0 0 0 0 0 0 0 0 0 0 0 0 0 0 0 0 0 0 0 0 0 0 0 0 0 0 0 0 0
 0 0 0 0 0 0 0 0 0 0 0 0 0 0 0 0 0 0 0 0 0 0 0 0 0 0 0 0 0 0 0 0 0 0 0 0 0 0 0 0 0 0 0 0 0 0 0 0 0 0 0 0 0 0 0 0 0 0 0 0 0 0 0 0 0 0 0 0 0 0 0 0 0 0 0 0 0
 0 0 0 0 0 0 0 0 0 0 0 0 0 0 0 0 0 0 0 0 0 0 0 0 0 0 0 0 0 0 0 0 0 0 0 0 0 0 0 0 0 0 0 0 0 0 0 0 0 0 0 0 0 0 0 0 0 0 0 0 0 0 0 0 0 0 0 0 0 0 0 0 0 0 0 0 0
 0 0 0 0 0 0 0 0 0 0 0 0 0 0 0 0 0 0 0 0 0 0 0 0 0 0 0 0 0 0 0 0 0 0 0 0 0 0 0 0 0 0 0 0 0 0 0 0 0 0 0 0 0 0 0 0 0 0 0 0 0 0 0 0 0 0 0 0 0 0 0 0 0 0 0 0 0
 0 0 0 0 0 0 0 0 0 0 0 0 0 0 0 0 0 0 0 0 0 0 0 0 0 0 0 0 0 0 0 0 0 0 0 0 0 0 0 0 0 0 0 0 0 0 0 0 0 0 0 0 0 0 0 0 0 0 0 0 0 0 0 0 0 0 0 0 0 0 0 0 0 0 0 0 0
 0.1458046639995903 0.15308463053721499 0.22323604788604551 0.12984230482134801 0.25024781647354599 0.17356277311002169 0.13039072578697675 0.19620729871843987 0.19912297605311718 0.39072148483032626 0.15468191030838391 0.19539281471171771 0.26129357331786268 0.26015076336908394 0.33032914071202207 0.42570498884443869 0.10602021237048229 0.15528807363725644 0 0.20337600488075888 0.29023219952936258 0.15902198878762361 0.2416048463367321 0.2486867972998188 0.11738181481452246 0.2250433881102572 0.22787606087456111 0.31037418801750061 0.17905361807358455 0.11483237968959135 0.17641495590505973 0.14998561670627777 0.16973493752651661 0.38243886163020163 0.3395020479606769 0.37636189893536365 0.38819879450236416 0.22405393633542389 0.14384264345595349 0.32362227859502951 0.096707388359930355 0.16744285973217643 0.19618282133330694 0.30449259529277145 0.13596281065072385 0.19369645941517352 0 0.18704791169752422 0.084921307978114383 0.2928960567719916 0.22820309438074224 0.22209301282107144 0.10268167398606433 0.23476081126887549 0.27455303280388804 0.29336460656849922 0.30379648109920304 0.16750087843319417 0.30795334354293513 0.38135324525276459 0.052275824982789508 0.25988597730195057 0.085961431690753501 0.26842563095057531 0.052585216741434328 0.26022926443745631 0.35470128778103949 0.26893179795578831 0.22933203798760271 0.2400893162068799 0.15025596978961062 0.19042537875282395 0.34801574073434177 0.073771744395273675 0.31944179185729182 0.12068612167152408 0.22381076595156427
 0.51069555635007635 0.54208447012649963 0.43860611404532213 0.49413269770490459 0.50214334120433202 0.48645719147201122 0.33983554366554969 0.53469546743306595 0.49966360476769844 0.54399186645440456 0.44146561534960899 0.42240631661983896 0.66153913187590974 0.49165660266285344 0.34711162428539755 0.53314541798237347 0.33143641393793172 0.42751097706313779 0.44407411951691161 0.35801880335888958 0.38956011241611727 0.47334820378018205 0.39419125483209677 0.47822109129730761 0.48967210270004774 0.26319228297338076 0.34711162428539755 0.34711162428539755 0.42891109205629024 0.40851157003040811 0.59059790629836395 0.43905998655173206 0.49402780499068305 0.63241029317200137 0.5007726243312377 0.66305820003952842 0.53547067558685935 0.37613224774110549 0.45110204498697287 0.53002349942103744 0.42622891012430408 0.51301431909759776 0.46471406309735835 0.43222813467039178 0.39189814779533627 0.34711162428539755 0.38587255259557146 0.52377907557246361 0.39867395528585037 0.41404733727492021 0.49999326441046521 0.47064439385227369 0.25053812258918834 0.51480958501346219 0.5089117953734571 0.57440266589150224 0.34711162428539755 0.43905980758751706 0.48446700321477776 0.5020190239566733 0.47187155064763375 0.46552071629424718 0.47106416377181431 0.42789748004940598 0.34711162428539755 0.53934518040166024 0.51715270197620067 0.4592612605257006 0.53247215362624101 0.47467667434219007 0.55592880178096904 0.458514920386553 0.48028141300150068 0.4782508183815245 0.54772967129741512 0.39085591762328498 0.45241390508790597
 0.3302707437476109 0.16684897693012385 0.32358111217945118 0.26503795321796286 0.40258528635297719 0.32159271020886532 0.31914929775495043 0.35932928051585927 0.35723123374781468 0.28535411374151526 0.28160369421225734 0.27004377109833677 0.36300645649549473 0.25030547325497704 0.25838796914301426 0.37089955714764927 0.19930041218687194 0.17451392491767725 0.2344864612345611 0.33023660457723936 0.32463992192400415 0.34175450005035646 0.35871831127910397 0.21554203323665722 0.22889384996594836 0.19634432030291182 0.2843962155653022 0.37552378340313514 0.097547773511945254 0.331972572067603 0.40300350893318626 0.25189338435040898 0.23125229068209702 0.42924375801916809 0.29086790767599574 0.32544260020064208 0.3044366432832829 0.25397141050412309 0.28178809590073739 0.26383019299042931 0.43190781800378847 0.35834038114870143 0.14759934265163449 0.30898750982656253 0.38543541454887792 0.31491540425187636 0.26066375021532368 0.22920348815456751 0.29235765819499965 0.30647828396442089 0.37930899592335104 0.34434731654993611 0.25382503059177075 0.30619514060697811 0.18683466193411755 0.34420703131432184 0.31866347730572753 0.21467425622941971 0.28688965370084102 0.29371568607336834 0.34615996548288802 0.35607634431568735 0.32019854634835943 0.29728539372412466 0.26120764835783494 0.28535411374151526 0.16910779345216087 0.19795915631869807 0.34095976052653326 0.2585877780730737 0.33610762948339995 0.29276457056868138 0.36364097423795944 0.23532989045165401 0.34859062436678206 0.36389624643933172 0.30410907528031689
 0 0 0 0 0.071349212275998136 0 0.081014425145393892 0 0.046859583557998345 0 0 0 0 0 0 0 0 0 0 0.046710701616480034 0 0.077363481625913263 0 0 0 0 0 0.023851375241463371 0.15350778099470269 0 0 0.029742880341245441 0 0 0 0.021739256112858964 0 0 0 0 0 0.054960474432216203 0 0.049545169009337711 0 0.03408075238043231 0 0.010935683013064978 0 0.024581806608210008 0 0 0 0 0 0 0 0 0 0.11873911735669988 0 0 0.012608778794645361 0.084110381399244205 0 0.0027083761771534557 0 0 0 0 0 0 0.0035026009656433368 0 0 0.045254992050199783 0
 0 0 0 0 0 0 0 0 0 0 0 0 0 0 0 0 0 0 0 0 0 0 0 0 0 0 0 0 0 0 0 0 0 0 0 0 0 0 0 0 0 0 0 0 0 0 0 0 0 0 0 0 0 0 0 0 0 0 0 0 0 0 0 0 0 0 0 0 0 0 0 0 0 0 0 0 0
 0 0 0 0 0 0 0 0 0 0 0 0 0 0 0 0 0 0 0 0 0 0 0 0 0 0 0 0 0 0 0 0 0 0 0 0 0 0 0 0 0 0 0 0 0 0 0 0 0 0 0 0 0 0 0 0 0 0 0 0 0 0 0 0 0 0 0 0 0 0 0 0 0 0 0 0 0
 0 0 0 0 0 0 0 0 0 0 0 0 0 0 0 0 0 0 0 0 0 0 0 0 0 0 0 0 0 0 0 0 0 0 0 0 0 0 0 0 0 0 0 0 0 0 0 0 0 0 0 0 0 0 0 0 0 0 0 0 0 0 0 0 0 0 0 0 0 0 0 0 0 0 0 0 0


