"YEAR"	"BAND"	"WEEK"	"DOY"	"NDVI"	"SITE"
1987	1	15	102	11156	"J01"
1987	2	16	109	11403	"J01"
1987	3	17	116	11688	"J01"
1987	4	18	123	11620	"J01"
1987	5	19	130	11567	"J01"
1987	6	20	137	12249	"J01"
1987	7	21	144	12907	"J01"
1987	8	22	151	13522	"J01"
1987	9	23	158	14047	"J01"
1987	10	24	165	14121	"J01"
1987	11	25	172	14041	"J01"
1987	12	26	179	13974	"J01"
1987	13	27	186	14751	"J01"
1987	14	28	193	15307	"J01"
1987	15	29	200	15529	"J01"
1987	16	30	207	15178	"J01"
1987	17	31	214	15055	"J01"
1987	18	32	221	15097	"J01"
1987	19	33	228	15145	"J01"
1987	20	34	235	15162	"J01"
1987	21	35	242	15108	"J01"
1987	22	36	249	14737	"J01"
1987	23	37	256	14354	"J01"
1987	24	38	263	14020	"J01"
1987	25	39	270	13885	"J01"
1987	26	40	277	12895	"J01"
1987	27	41	284	11861	"J01"
1987	28	42	291	11172	"J01"
1988	1	14	95	10869	"J01"
1988	2	15	102	11391	"J01"
1988	3	16	109	11665	"J01"
1988	4	17	116	11782	"J01"
1988	5	18	123	11735	"J01"
1988	6	19	130	11688	"J01"
1988	7	20	137	11785	"J01"
1988	8	21	144	12026	"J01"
1988	9	22	151	12026	"J01"
1988	10	23	158	12794	"J01"
1988	11	24	165	14195	"J01"
1988	12	25	172	13832	"J01"
1988	13	26	179	13986	"J01"
1988	14	27	186	14426	"J01"
1988	15	28	193	14867	"J01"
1988	16	29	200	15001	"J01"
1988	17	30	207	15089	"J01"
1988	18	31	214	15224	"J01"
1988	19	32	221	15133	"J01"
1988	20	33	228	15000	"J01"
1988	21	34	235	14908	"J01"
1988	22	35	242	14816	"J01"
1988	23	36	249	14382	"J01"
1988	24	37	256	13331	"J01"
1988	25	38	263	12279	"J01"
1988	26	39	270	11616	"J01"
1988	27	40	277	11290	"J01"
1988	28	41	284	10299	"J01"
1989	1	14	95	10428	"J01"
1989	2	15	102	10671	"J01"
1989	3	16	109	10930	"J01"
1989	4	17	116	11197	"J01"
1989	5	18	123	11456	"J01"
1989	6	19	130	12316	"J01"
1989	7	20	137	13059	"J01"
1989	8	21	144	13300	"J01"
1989	9	22	151	13653	"J01"
1989	10	23	158	13963	"J01"
1989	11	24	165	14159	"J01"
1989	12	25	172	14357	"J01"
1989	13	26	179	14290	"J01"
1989	14	27	186	13995	"J01"
1989	15	28	193	14158	"J01"
1989	16	29	200	14315	"J01"
1989	17	30	207	14440	"J01"
1989	18	31	214	14406	"J01"
1989	19	32	221	14606	"J01"
1989	20	33	228	14807	"J01"
1989	21	34	235	14527	"J01"
1989	22	35	242	14267	"J01"
1989	23	36	249	14012	"J01"
1989	24	37	256	13747	"J01"
1989	25	38	263	12965	"J01"
1989	26	39	270	12042	"J01"
1989	27	40	277	11118	"J01"
1989	28	41	284	10687	"J01"
1990	1	14	95	10414	"J01"
1990	2	15	102	10768	"J01"
1990	3	16	109	11059	"J01"
1990	4	17	116	11264	"J01"
1990	5	18	123	11550	"J01"
1990	6	19	130	11733	"J01"
1990	7	20	137	11953	"J01"
1990	8	21	144	12522	"J01"
1990	9	22	151	13304	"J01"
1990	10	23	158	13998	"J01"
1990	11	24	165	14061	"J01"
1990	12	25	172	14269	"J01"
1990	13	26	179	14516	"J01"
1990	14	27	186	14764	"J01"
1990	15	28	193	14750	"J01"
1990	16	29	200	14718	"J01"
1990	17	30	207	14711	"J01"
1990	18	31	214	15047	"J01"
1990	19	32	221	15366	"J01"
1990	20	33	228	15589	"J01"
1990	21	34	235	15099	"J01"
1990	22	35	242	14610	"J01"
1990	23	36	249	14152	"J01"
1990	24	37	256	14100	"J01"
1990	25	38	263	13465	"J01"
1990	26	39	270	12506	"J01"
1990	27	40	277	11547	"J01"
1990	28	41	284	10756	"J01"
1991	1	14	95	11441	"J01"
1991	2	15	102	11217	"J01"
1991	3	16	109	11050	"J01"
1991	4	17	116	11092	"J01"
1991	5	18	123	11134	"J01"
1991	6	19	130	11559	"J01"
1991	7	20	137	12347	"J01"
1991	8	21	144	12865	"J01"
1991	9	22	151	13171	"J01"
1991	10	23	158	13423	"J01"
1991	11	24	165	13891	"J01"
1991	12	25	172	14240	"J01"
1991	13	26	179	14481	"J01"
1991	14	27	186	14722	"J01"
1991	15	28	193	15113	"J01"
1991	16	29	200	15187	"J01"
1991	17	30	207	14580	"J01"
1991	18	31	214	14476	"J01"
1991	19	32	221	14470	"J01"
1991	20	33	228	14581	"J01"
1991	21	34	235	14687	"J01"
1991	22	35	242	14654	"J01"
1991	23	36	249	14435	"J01"
1991	24	37	256	14262	"J01"
1991	25	38	263	14091	"J01"
1991	26	39	270	13934	"J01"
1991	27	40	277	13934	"J01"
1991	28	41	284	13934	"J01"
1992	1	15	102	10640	"J01"
1992	2	16	109	11446	"J01"
1992	3	17	116	11404	"J01"
1992	4	18	123	11364	"J01"
1992	5	19	130	11375	"J01"
1992	6	20	137	11566	"J01"
1992	7	21	144	11751	"J01"
1992	8	22	151	12109	"J01"
1992	9	23	158	12903	"J01"
1992	10	24	165	12739	"J01"
1992	11	25	172	12445	"J01"
1992	12	26	179	12976	"J01"
1992	13	27	186	13506	"J01"
1992	14	28	193	14104	"J01"
1992	15	29	200	14719	"J01"
1992	16	30	207	14687	"J01"
1992	17	31	214	14652	"J01"
1992	18	32	221	14609	"J01"
1992	19	33	228	14390	"J01"
1992	20	34	235	14178	"J01"
1992	21	35	242	13858	"J01"
1992	22	36	249	12860	"J01"
1992	23	37	256	12478	"J01"
1992	24	38	263	12625	"J01"
1992	25	39	270	13451	"J01"
1992	26	40	277	12791	"J01"
1992	27	41	284	11726	"J01"
1992	28	42	291	10662	"J01"
1993	1	14	95	11589	"J01"
1993	2	15	102	11797	"J01"
1993	3	16	109	11088	"J01"
1993	4	17	116	10654	"J01"
1993	5	18	123	10606	"J01"
1993	6	19	130	11090	"J01"
1993	7	20	137	11559	"J01"
1993	8	21	144	12099	"J01"
1993	9	22	151	13108	"J01"
1993	10	23	158	13788	"J01"
1993	11	24	165	14237	"J01"
1993	12	25	172	14506	"J01"
1993	13	26	179	14775	"J01"
1993	14	27	186	14975	"J01"
1993	15	28	193	15050	"J01"
1993	16	29	200	14938	"J01"
1993	17	30	207	14933	"J01"
1993	18	31	214	15057	"J01"
1993	19	32	221	15197	"J01"
1993	20	33	228	15026	"J01"
1993	21	34	235	14544	"J01"
1993	22	35	242	14019	"J01"
1993	23	36	249	13547	"J01"
1993	24	37	256	13119	"J01"
1993	25	38	263	12600	"J01"
1993	26	39	270	11651	"J01"
1993	27	40	277	10559	"J01"
1993	28	41	284	9821	"J01"
1994	1	14	95	11092	"J01"
1994	2	15	102	10614	"J01"
1994	3	16	109	10833	"J01"
1994	4	17	116	11242	"J01"
1994	5	18	123	11651	"J01"
1994	6	19	130	12033	"J01"
1994	7	20	137	12342	"J01"
1994	8	21	144	12581	"J01"
1994	9	22	151	12820	"J01"
1994	10	23	158	13020	"J01"
1994	11	24	165	13217	"J01"
1994	12	25	172	13889	"J01"
1994	13	26	179	14167	"J01"
1994	14	27	186	14216	"J01"
1994	15	28	193	14226	"J01"
1994	16	29	200	14168	"J01"
1994	17	30	207	14085	"J01"
1994	18	31	214	14014	"J01"
1994	19	32	221	14219	"J01"
1994	20	33	228	14495	"J01"
1994	21	34	235	14763	"J01"
1994	22	35	242	13522	"J01"
1994	23	36	249	12348	"J01"
1994	24	37	256	11746	"J01"
1994	25	38	263	11144	"J01"
1994	26	39	270	10767	"J01"
1994	27	40	277	10613	"J01"
1994	28	41	284	10459	"J01"
1995	1	14	95	11763	"J01"
1995	2	15	102	12141	"J01"
1995	3	16	109	11963	"J01"
1995	4	17	116	11589	"J01"
1995	5	18	123	11621	"J01"
1995	6	19	130	11655	"J01"
1995	7	20	137	11914	"J01"
1995	8	21	144	12580	"J01"
1995	9	22	151	12784	"J01"
1995	10	23	158	13290	"J01"
1995	11	24	165	14481	"J01"
1995	12	25	172	14748	"J01"
1995	13	26	179	14914	"J01"
1995	14	27	186	15051	"J01"
1995	15	28	193	15189	"J01"
1995	16	29	200	15458	"J01"
1995	17	30	207	15784	"J01"
1995	18	31	214	15920	"J01"
1995	19	32	221	15697	"J01"
1995	20	33	228	15295	"J01"
1995	21	34	235	14994	"J01"
1995	22	35	242	14884	"J01"
1995	23	36	249	14850	"J01"
1995	24	37	256	14815	"J01"
1995	25	38	263	13700	"J01"
1995	26	39	270	12443	"J01"
1995	27	40	277	11457	"J01"
1995	28	41	284	10853	"J01"
1996	1	14	95	12409	"J01"
1996	2	15	102	11931	"J01"
1996	3	16	109	11530	"J01"
1996	4	17	116	11503	"J01"
1996	5	18	123	11737	"J01"
1996	6	19	130	11991	"J01"
1996	7	20	137	12257	"J01"
1996	8	21	144	12688	"J01"
1996	9	22	151	13119	"J01"
1996	10	23	158	13655	"J01"
1996	11	24	165	14196	"J01"
1996	12	25	172	14330	"J01"
1996	13	26	179	14319	"J01"
1996	14	27	186	14790	"J01"
1996	15	28	193	15262	"J01"
1996	16	29	200	15488	"J01"
1996	17	30	207	15256	"J01"
1996	18	31	214	15092	"J01"
1996	19	32	221	14983	"J01"
1996	20	33	228	14990	"J01"
1996	21	34	235	14997	"J01"
1996	22	35	242	14864	"J01"
1996	23	36	249	14542	"J01"
1996	24	37	256	14127	"J01"
1996	25	38	263	13911	"J01"
1996	26	39	270	13762	"J01"
1996	27	40	277	11774	"J01"
1996	28	41	284	11027	"J01"
1997	1	15	102	12102	"J01"
1997	2	16	109	12212	"J01"
1997	3	17	116	11332	"J01"
1997	4	18	123	11150	"J01"
1997	5	19	130	11266	"J01"
1997	6	20	137	11653	"J01"
1997	7	21	144	12023	"J01"
1997	8	22	151	12241	"J01"
1997	9	23	158	12255	"J01"
1997	10	24	165	12279	"J01"
1997	11	25	172	13059	"J01"
1997	12	26	179	14512	"J01"
1997	13	27	186	14837	"J01"
1997	14	28	193	15162	"J01"
1997	15	29	200	15388	"J01"
1997	16	30	207	15259	"J01"
1997	17	31	214	15119	"J01"
1997	18	32	221	15016	"J01"
1997	19	33	228	14962	"J01"
1997	20	34	235	15081	"J01"
1997	21	35	242	15150	"J01"
1997	22	36	249	14976	"J01"
1997	23	37	256	14734	"J01"
1997	24	38	263	14474	"J01"
1997	25	39	270	14214	"J01"
1997	26	40	277	13563	"J01"
1997	27	41	284	12882	"J01"
1997	28	42	291	13223	"J01"
1998	1	15	102	11737	"J01"
1998	2	16	109	11666	"J01"
1998	3	17	116	11668	"J01"
1998	4	18	123	11670	"J01"
1998	5	19	130	11805	"J01"
1998	6	20	137	12426	"J01"
1998	7	21	144	13401	"J01"
1998	8	22	151	14236	"J01"
1998	9	23	158	14474	"J01"
1998	10	24	165	14703	"J01"
1998	11	25	172	15070	"J01"
1998	12	26	179	15375	"J01"
1998	13	27	186	15348	"J01"
1998	14	28	193	14983	"J01"
1998	15	29	200	14365	"J01"
1998	16	30	207	14547	"J01"
1998	17	31	214	14742	"J01"
1998	18	32	221	14866	"J01"
1998	19	33	228	14393	"J01"
1998	20	34	235	13493	"J01"
1998	21	35	242	12490	"J01"
1998	22	36	249	12304	"J01"
1998	23	37	256	12568	"J01"
1998	24	38	263	13083	"J01"
1998	25	39	270	13598	"J01"
1998	26	40	277	12880	"J01"
1998	27	41	284	12217	"J01"
1998	28	42	291	12261	"J01"
1999	1	14	95	12367	"J01"
1999	2	15	102	12350	"J01"
1999	3	16	109	12302	"J01"
1999	4	17	116	12253	"J01"
1999	5	18	123	12248	"J01"
1999	6	19	130	12814	"J01"
1999	7	20	137	13299	"J01"
1999	8	21	144	13737	"J01"
1999	9	22	151	14177	"J01"
1999	10	23	158	14358	"J01"
1999	11	24	165	14358	"J01"
1999	12	25	172	14219	"J01"
1999	13	26	179	14267	"J01"
1999	14	27	186	14366	"J01"
1999	15	28	193	14465	"J01"
1999	16	29	200	14604	"J01"
1999	17	30	207	14709	"J01"
1999	18	31	214	14754	"J01"
1999	19	32	221	14651	"J01"
1999	20	33	228	14348	"J01"
1999	21	34	235	13856	"J01"
1999	22	35	242	13773	"J01"
1999	23	36	249	13688	"J01"
1999	24	37	256	13547	"J01"
1999	25	38	263	12687	"J01"
1999	26	39	270	12164	"J01"
1999	27	40	277	11749	"J01"
1999	28	41	284	11041	"J01"
2000	1	14	95	9924	"J01"
2000	2	15	102	10711	"J01"
2000	3	16	109	11150	"J01"
2000	4	17	116	11222	"J01"
2000	5	18	123	10651	"J01"
2000	6	19	130	11059	"J01"
2000	7	20	137	11723	"J01"
2000	8	21	144	12367	"J01"
2000	9	22	151	12158	"J01"
2000	10	23	158	12209	"J01"
2000	11	24	165	12984	"J01"
2000	12	25	172	13760	"J01"
2000	13	26	179	14128	"J01"
2000	14	27	186	14111	"J01"
2000	15	28	193	14376	"J01"
2000	16	29	200	14633	"J01"
2000	17	30	207	14789	"J01"
2000	18	31	214	14530	"J01"
2000	19	32	221	14243	"J01"
2000	20	33	228	13992	"J01"
2000	21	34	235	13890	"J01"
2000	22	35	242	13198	"J01"
2000	23	36	249	12325	"J01"
2000	24	37	256	11649	"J01"
2000	25	38	263	10974	"J01"
2000	26	39	270	10484	"J01"
2000	27	40	277	10329	"J01"
2000	28	41	284	10174	"J01"
2001	1	14	95	11313	"J01"
2001	2	15	102	12123	"J01"
2001	3	16	109	12318	"J01"
2001	4	17	116	11914	"J01"
2001	5	18	123	12534	"J01"
2001	6	19	130	13155	"J01"
2001	7	20	137	13723	"J01"
2001	8	21	144	14100	"J01"
2001	9	22	151	14330	"J01"
2001	10	23	158	14503	"J01"
2001	11	24	165	14684	"J01"
2001	12	25	172	15103	"J01"
2001	13	26	179	15381	"J01"
2001	14	27	186	15288	"J01"
2001	15	28	193	15144	"J01"
2001	16	29	200	14935	"J01"
2001	17	30	207	14668	"J01"
2001	18	31	214	14683	"J01"
2001	19	32	221	14710	"J01"
2001	20	33	228	14748	"J01"
2001	21	34	235	14783	"J01"
2001	22	35	242	14704	"J01"
2001	23	36	249	14539	"J01"
2001	24	37	256	14366	"J01"
2001	25	38	263	13991	"J01"
2001	26	39	270	13608	"J01"
2001	27	40	277	13608	"J01"
2001	28	41	284	13608	"J01"
2002	1	14	95	10924	"J01"
2002	2	15	102	11145	"J01"
2002	3	16	109	11373	"J01"
2002	4	17	116	11501	"J01"
2002	5	18	123	11413	"J01"
2002	6	19	130	11308	"J01"
2002	7	20	137	11231	"J01"
2002	8	21	144	11507	"J01"
2002	9	22	151	11782	"J01"
2002	10	23	158	12246	"J01"
2002	11	24	165	13079	"J01"
2002	12	25	172	13751	"J01"
2002	13	26	179	14228	"J01"
2002	14	27	186	14600	"J01"
2002	15	28	193	14972	"J01"
2002	16	29	200	15384	"J01"
2002	17	30	207	15898	"J01"
2002	18	31	214	15614	"J01"
2002	19	32	221	15364	"J01"
2002	20	33	228	15338	"J01"
2002	21	34	235	15314	"J01"
2002	22	35	242	15285	"J01"
2002	23	36	249	15252	"J01"
2002	24	37	256	15017	"J01"
2002	25	38	263	14498	"J01"
2002	26	39	270	13747	"J01"
2002	27	40	277	13458	"J01"
2002	28	41	284	13169	"J01"
2003	1	15	102	11195	"J01"
2003	2	16	109	11765	"J01"
2003	3	17	116	12195	"J01"
2003	4	18	123	12549	"J01"
2003	5	19	130	12587	"J01"
2003	6	20	137	12054	"J01"
2003	7	21	144	12729	"J01"
2003	8	22	151	13498	"J01"
2003	9	23	158	14071	"J01"
2003	10	24	165	14436	"J01"
2003	11	25	172	14487	"J01"
2003	12	26	179	14465	"J01"
2003	13	27	186	14444	"J01"
2003	14	28	193	14537	"J01"
2003	15	29	200	14685	"J01"
2003	16	30	207	14796	"J01"
2003	17	31	214	14958	"J01"
2003	18	32	221	15112	"J01"
2003	19	33	228	15288	"J01"
2003	20	34	235	15253	"J01"
2003	21	35	242	15161	"J01"
2003	22	36	249	15069	"J01"
2003	23	37	256	14586	"J01"
2003	24	38	263	13997	"J01"
2003	25	39	270	13408	"J01"
2003	26	40	277	13140	"J01"
2003	27	41	284	12897	"J01"
2003	28	42	291	13019	"J01"
2004	1	15	102	9890	"J01"
2004	2	16	109	10724	"J01"
2004	3	17	116	10518	"J01"
2004	4	18	123	10330	"J01"
2004	5	19	130	10241	"J01"
2004	6	20	137	10195	"J01"
2004	7	21	144	10827	"J01"
2004	8	22	151	11716	"J01"
2004	9	23	158	11897	"J01"
2004	10	24	165	12083	"J01"
2004	11	25	172	12386	"J01"
2004	12	26	179	13101	"J01"
2004	13	27	186	13489	"J01"
2004	14	28	193	13884	"J01"
2004	15	29	200	14452	"J01"
2004	16	30	207	14598	"J01"
2004	17	31	214	14721	"J01"
2004	18	32	221	14827	"J01"
2004	19	33	228	15248	"J01"
2004	20	34	235	15370	"J01"
2004	21	35	242	15170	"J01"
2004	22	36	249	14970	"J01"
2004	23	37	256	14793	"J01"
2004	24	38	263	14610	"J01"
2004	25	39	270	14061	"J01"
2004	26	40	277	13272	"J01"
2004	27	41	284	12303	"J01"
2004	28	42	291	11159	"J01"
2005	1	14	95	10722	"J01"
2005	2	15	102	10866	"J01"
2005	3	16	109	10952	"J01"
2005	4	17	116	11022	"J01"
2005	5	18	123	11092	"J01"
2005	6	19	130	11833	"J01"
2005	7	20	137	12607	"J01"
2005	8	21	144	13362	"J01"
2005	9	22	151	14783	"J01"
2005	10	23	158	15483	"J01"
2005	11	24	165	15461	"J01"
2005	12	25	172	15440	"J01"
2005	13	26	179	15720	"J01"
2005	14	27	186	15996	"J01"
2005	15	28	193	15643	"J01"
2005	16	29	200	15605	"J01"
2005	17	30	207	15655	"J01"
2005	18	31	214	15699	"J01"
2005	19	32	221	15659	"J01"
2005	20	33	228	15597	"J01"
2005	21	34	235	15537	"J01"
2005	22	35	242	15333	"J01"
2005	23	36	249	15100	"J01"
2005	24	37	256	14861	"J01"
2005	25	38	263	14337	"J01"
2005	26	39	270	14081	"J01"
2005	27	40	277	14115	"J01"
2005	28	41	284	14149	"J01"
2006	1	14	95	11494	"J01"
2006	2	15	102	11718	"J01"
2006	3	16	109	11942	"J01"
2006	4	17	116	12175	"J01"
2006	5	18	123	12445	"J01"
2006	6	19	130	12714	"J01"
2006	7	20	137	13069	"J01"
2006	8	21	144	13576	"J01"
2006	9	22	151	14107	"J01"
2006	10	23	158	14566	"J01"
2006	11	24	165	14888	"J01"
2006	12	25	172	15663	"J01"
2006	13	26	179	16063	"J01"
2006	14	27	186	16053	"J01"
2006	15	28	193	16043	"J01"
2006	16	29	200	15792	"J01"
2006	17	30	207	15472	"J01"
2006	18	31	214	15513	"J01"
2006	19	32	221	15559	"J01"
2006	20	33	228	15576	"J01"
2006	21	34	235	15485	"J01"
2006	22	35	242	15104	"J01"
2006	23	36	249	14671	"J01"
2006	24	37	256	14473	"J01"
2006	25	38	263	13711	"J01"
2006	26	39	270	13168	"J01"
2006	27	40	277	13297	"J01"
2006	28	41	284	13427	"J01"
2007	1	14	95	11873	"J01"
2007	2	15	102	12575	"J01"
2007	3	16	109	12979	"J01"
2007	4	17	116	13052	"J01"
2007	5	18	123	13393	"J01"
2007	6	19	130	13734	"J01"
2007	7	20	137	14032	"J01"
2007	8	21	144	14176	"J01"
2007	9	22	151	14525	"J01"
2007	10	23	158	14809	"J01"
2007	11	24	165	14552	"J01"
2007	12	25	172	14429	"J01"
2007	13	26	179	14486	"J01"
2007	14	27	186	14803	"J01"
2007	15	28	193	15120	"J01"
2007	16	29	200	15390	"J01"
2007	17	30	207	15628	"J01"
2007	18	31	214	15836	"J01"
2007	19	32	221	15833	"J01"
2007	20	33	228	15605	"J01"
2007	21	34	235	15387	"J01"
2007	22	35	242	15140	"J01"
2007	23	36	249	14851	"J01"
2007	24	37	256	14311	"J01"
2007	25	38	263	14123	"J01"
2007	26	39	270	14132	"J01"
2007	27	40	277	14142	"J01"
2007	28	41	284	13804	"J01"
2008	1	16	109	12085	"J01"
2008	2	17	116	12097	"J01"
2008	3	18	123	12599	"J01"
2008	4	19	130	12741	"J01"
2008	5	20	137	12884	"J01"
2008	6	21	144	13258	"J01"
2008	7	22	151	13632	"J01"
2008	8	23	158	14035	"J01"
2008	9	24	165	14438	"J01"
2008	10	25	172	14997	"J01"
2008	11	26	179	14275	"J01"
2008	12	27	186	14960	"J01"
2008	13	28	193	15646	"J01"
2008	14	29	200	15652	"J01"
2008	15	30	207	15658	"J01"
2008	16	31	214	11925	"J01"
2008	17	32	221	11874	"J01"
2008	18	33	228	13643	"J01"
2008	19	34	235	15413	"J01"
2008	20	35	242	14520	"J01"
2008	21	36	249	14504	"J01"
2008	22	37	256	13668	"J01"
2008	23	38	263	14090	"J01"
2008	24	39	270	14512	"J01"
2008	25	40	277	13448	"J01"
2008	26	41	284	12385	"J01"
2009	1	15	102	11762	"J01"
2009	2	16	109	12575	"J01"
2009	3	17	116	12603	"J01"
2009	4	18	123	12453	"J01"
2009	5	19	130	12014	"J01"
2009	6	20	137	11575	"J01"
2009	7	21	144	11842	"J01"
2009	8	22	151	12110	"J01"
2009	9	23	158	12988	"J01"
2009	10	24	165	13018	"J01"
2009	11	25	172	13049	"J01"
2009	12	26	179	14335	"J01"
2009	13	27	186	14907	"J01"
2009	14	28	193	15480	"J01"
2009	15	29	200	15300	"J01"
2009	16	30	207	15120	"J01"
2009	17	31	214	15117	"J01"
2009	18	32	221	15122	"J01"
2009	19	33	228	15127	"J01"
2009	20	34	235	15046	"J01"
2009	21	35	242	15097	"J01"
2009	22	36	249	15148	"J01"
2009	23	37	256	15075	"J01"
2009	24	38	263	15030	"J01"
2009	25	39	270	14985	"J01"
2009	26	40	277	12857	"J01"
2009	27	41	284	13011	"J01"
2009	28	42	291	13166	"J01"
2010	1	16	109	10520	"J01"
2010	2	17	116	10215	"J01"
2010	3	18	123	10241	"J01"
2010	4	19	130	10432	"J01"
2010	5	20	137	11668	"J01"
2010	6	21	144	11754	"J01"
2010	7	22	151	13031	"J01"
2010	8	23	158	14309	"J01"
2010	9	24	165	14513	"J01"
2010	10	25	172	14717	"J01"
2010	11	26	179	14774	"J01"
2010	12	27	186	14996	"J01"
2010	13	28	193	15998	"J01"
2010	14	29	200	15267	"J01"
2010	15	30	207	14537	"J01"
2010	16	31	214	14341	"J01"
2010	17	32	221	14600	"J01"
2010	18	33	228	14859	"J01"
2010	19	34	235	14933	"J01"
2010	20	35	242	15007	"J01"
2010	21	36	249	15258	"J01"
2010	22	37	256	14856	"J01"
2010	23	38	263	14454	"J01"
2010	24	39	270	14292	"J01"
2010	25	40	277	14131	"J01"
2010	26	41	284	14131	"J01"
2011	1	16	109	12484	"J01"
2011	2	17	116	12581	"J01"
2011	3	18	123	12131	"J01"
2011	4	19	130	12676	"J01"
2011	5	20	137	13221	"J01"
2011	6	21	144	13167	"J01"
2011	7	22	151	13114	"J01"
2011	8	23	158	13684	"J01"
2011	9	24	165	14125	"J01"
2011	10	25	172	14566	"J01"
2011	11	26	179	13240	"J01"
2011	12	27	186	13934	"J01"
2011	13	28	193	14628	"J01"
2011	14	29	200	15504	"J01"
2011	15	30	207	16380	"J01"
2011	16	31	214	15747	"J01"
2011	17	32	221	15114	"J01"
2011	18	33	228	14391	"J01"
2011	19	34	235	13999	"J01"
2011	20	35	242	14569	"J01"
2011	21	36	249	15139	"J01"
2011	22	37	256	14839	"J01"
2011	23	38	263	14540	"J01"
2011	24	39	270	14499	"J01"
2011	25	40	277	14160	"J01"
2011	26	41	284	14031	"J01"
2012	1	16	109	10687	"J01"
2012	2	17	116	11417	"J01"
2012	3	18	123	12148	"J01"
2012	4	19	130	11838	"J01"
2012	5	20	137	12728	"J01"
2012	6	21	144	13619	"J01"
2012	7	22	151	14043	"J01"
2012	8	23	158	14672	"J01"
2012	9	24	165	15415	"J01"
2012	10	25	172	15438	"J01"
2012	11	26	179	13781	"J01"
2012	12	27	186	13812	"J01"
2012	13	28	193	13844	"J01"
2012	14	29	200	14755	"J01"
2012	15	30	207	15607	"J01"
2012	16	31	214	14752	"J01"
2012	17	32	221	14790	"J01"
2012	18	33	228	15053	"J01"
2012	19	34	235	15231	"J01"
2012	20	35	242	15410	"J01"
2012	21	36	249	13706	"J01"
2012	22	37	256	14184	"J01"
2012	23	38	263	14663	"J01"
2012	24	39	270	14144	"J01"
2012	25	40	277	13545	"J01"
2012	26	41	284	13545	"J01"
2013	1	16	109	12402	"J01"
2013	2	17	116	12946	"J01"
2013	3	18	123	12025	"J01"
2013	4	19	130	12358	"J01"
2013	5	20	137	12692	"J01"
2013	6	21	144	12902	"J01"
2013	7	22	151	13113	"J01"
2013	8	23	158	13953	"J01"
2013	9	24	165	14757	"J01"
2013	10	25	172	14968	"J01"
2013	11	26	179	15180	"J01"
2013	12	27	186	15399	"J01"
2013	13	28	193	15267	"J01"
2013	14	29	200	15108	"J01"
2013	15	30	207	14986	"J01"
2013	16	31	214	14536	"J01"
2013	17	32	221	14655	"J01"
2013	18	33	228	14775	"J01"
2013	19	34	235	15856	"J01"
2013	20	35	242	15898	"J01"
2013	21	36	249	14992	"J01"
2013	22	37	256	14087	"J01"
2013	23	38	263	14256	"J01"
2013	24	39	270	14425	"J01"
2013	25	40	277	14129	"J01"
2013	26	41	284	13833	"J01"
2014	1	16	109	10565	"J01"
2014	2	17	116	9519	"J01"
2014	3	18	123	9510	"J01"
2014	4	19	130	9501	"J01"
2014	5	20	137	11530	"J01"
2014	6	21	144	11985	"J01"
2014	7	22	151	12441	"J01"
2014	8	23	158	13322	"J01"
2014	9	24	165	11668	"J01"
2014	10	25	172	13086	"J01"
2014	11	26	179	14504	"J01"
2014	12	27	186	14921	"J01"
2014	13	28	193	15277	"J01"
2014	14	29	200	14557	"J01"
2014	15	30	207	13840	"J01"
2014	16	31	214	12996	"J01"
2014	17	32	221	13582	"J01"
2014	18	33	228	14169	"J01"
2014	19	34	235	14739	"J01"
2014	20	35	242	14547	"J01"
2014	21	36	249	14000	"J01"
2014	22	37	256	12546	"J01"
2014	23	38	263	12104	"J01"
2014	24	39	270	12924	"J01"
2014	25	40	277	13745	"J01"
2014	26	41	284	13272	"J01"
2015	1	16	109	11814	"J01"
2015	2	17	116	11681	"J01"
2015	3	18	123	11549	"J01"
2015	4	19	130	11777	"J01"
2015	5	20	137	12006	"J01"
2015	6	21	144	12661	"J01"
2015	7	22	151	13317	"J01"
2015	8	23	158	13521	"J01"
2015	9	24	165	13726	"J01"
2015	10	25	172	12597	"J01"
2015	11	26	179	13164	"J01"
2015	12	27	186	13731	"J01"
2015	13	28	193	12869	"J01"
2015	14	29	200	12369	"J01"
2015	15	30	207	12808	"J01"
2015	16	31	214	13247	"J01"
2015	17	32	221	12671	"J01"
2015	18	33	228	12962	"J01"
2015	19	34	235	13253	"J01"
2015	20	35	242	14508	"J01"
2015	21	36	249	14823	"J01"
2015	22	37	256	14147	"J01"
2015	23	38	263	14209	"J01"
2015	24	39	270	14271	"J01"
2015	25	40	277	13643	"J01"
2015	26	41	284	13015	"J01"
2016	1	16	109	12387	"J01"
2016	2	17	116	12026	"J01"
2016	3	18	123	12120	"J01"
2016	4	19	130	12215	"J01"
2016	5	20	137	12359	"J01"
2016	6	21	144	12503	"J01"
2016	7	22	151	13970	"J01"
2016	8	23	158	14139	"J01"
2016	9	24	165	14309	"J01"
2016	10	25	172	14079	"J01"
2016	11	26	179	13850	"J01"
2016	12	27	186	14426	"J01"
2016	13	28	193	15002	"J01"
2016	14	29	200	12809	"J01"
2016	15	30	207	13784	"J01"
2016	16	31	214	14760	"J01"
2016	17	32	221	14426	"J01"
2016	18	33	228	13894	"J01"
2016	19	34	235	13762	"J01"
2016	20	35	242	13631	"J01"
2016	21	36	249	13674	"J01"
2016	22	37	256	12888	"J01"
2016	23	38	263	13219	"J01"
2016	24	39	270	13550	"J01"
2016	25	40	277	12596	"J01"
2016	26	41	284	12596	"J01"
2017	1	16	109	10962	"J01"
2017	2	17	116	11467	"J01"
2017	3	18	123	11973	"J01"
2017	4	19	130	12794	"J01"
2017	5	20	137	13175	"J01"
2017	6	21	144	13557	"J01"
2017	7	22	151	13794	"J01"
2017	8	23	158	14032	"J01"
2017	9	24	165	13962	"J01"
2017	10	25	172	15114	"J01"
2017	11	26	179	14338	"J01"
2017	12	27	186	15041	"J01"
2017	13	28	193	15745	"J01"
2017	14	29	200	14552	"J01"
2017	15	30	207	14449	"J01"
2017	16	31	214	13687	"J01"
2017	17	32	221	12956	"J01"
2017	18	33	228	12006	"J01"
2017	19	34	235	11745	"J01"
2017	20	35	242	11765	"J01"
2017	21	36	249	11785	"J01"
2017	22	37	256	13713	"J01"
2017	23	38	263	17698	"J01"
2017	24	39	270	15199	"J01"
2017	25	40	277	12700	"J01"
2017	26	41	284	12700	"J01"
2018	1	16	109	11489	"J01"
2018	2	17	116	11801	"J01"
2018	3	18	123	12113	"J01"
2018	4	19	130	12036	"J01"
2018	5	20	137	11983	"J01"
2018	6	21	144	12272	"J01"
2018	7	22	151	12561	"J01"
2018	8	23	158	12767	"J01"
2018	9	24	165	13315	"J01"
2018	10	25	172	13389	"J01"
2018	11	26	179	13463	"J01"
2018	12	27	186	13740	"J01"
2018	13	28	193	14018	"J01"
2018	14	29	200	12399	"J01"
2018	15	30	207	13703	"J01"
2018	16	31	214	15008	"J01"
2018	17	32	221	14610	"J01"
2018	18	33	228	14213	"J01"
2018	19	34	235	14219	"J01"
2018	20	35	242	14225	"J01"
2018	21	36	249	13875	"J01"
2018	22	37	256	13525	"J01"
2018	23	38	263	13606	"J01"
2018	24	39	270	13688	"J01"
2018	25	40	277	10918	"J01"
2018	26	41	284	10918	"J01"
2019	1	16	109	11807	"J01"
2019	2	17	116	12502	"J01"
2019	3	18	123	12214	"J01"
2019	4	19	130	11601	"J01"
2019	5	20	137	10989	"J01"
2019	6	21	144	10733	"J01"
2019	7	22	151	11765	"J01"
2019	8	23	158	12798	"J01"
2019	9	24	165	12883	"J01"
2019	10	25	172	13077	"J01"
2019	11	26	179	13271	"J01"
2019	12	27	186	13733	"J01"
2019	13	28	193	14195	"J01"
2019	14	29	200	13929	"J01"
2019	15	30	207	13664	"J01"
2019	16	31	214	13151	"J01"
2019	17	32	221	13486	"J01"
2019	18	33	228	13822	"J01"
2019	19	34	235	13111	"J01"
2019	20	35	242	12511	"J01"
2019	21	36	249	12248	"J01"
2019	22	37	256	12247	"J01"
2019	23	38	263	12246	"J01"
2019	24	39	270	10397	"J01"
2019	25	40	277	10683	"J01"
2019	26	41	284	10969	"J01"
2020	1	16	109	11492	"J01"
2020	2	17	116	11544	"J01"
2020	3	18	123	11596	"J01"
2020	4	19	130	11655	"J01"
2020	5	20	137	11612	"J01"
2020	6	21	144	12201	"J01"
2020	7	22	151	11697	"J01"
2020	8	23	158	9614	"J01"
2020	9	24	165	10249	"J01"
2020	10	25	172	10885	"J01"
2020	11	26	179	11813	"J01"
2020	12	27	186	14631	"J01"
2020	13	28	193	13682	"J01"
2020	14	29	200	13256	"J01"
2020	15	30	207	13112	"J01"
2020	16	31	214	13060	"J01"
2020	17	32	221	13314	"J01"
2020	18	33	228	13569	"J01"
2020	19	34	235	13877	"J01"
2020	20	35	242	13113	"J01"
2020	21	36	249	12349	"J01"
2020	22	37	256	12067	"J01"
2020	23	38	263	11786	"J01"
2020	24	39	270	11053	"J01"
2020	25	40	277	10320	"J01"
2020	26	41	284	9778	"J01"
2021	1	16	109	11383	"J01"
2021	2	17	116	11032	"J01"
2021	3	18	123	11142	"J01"
2021	4	19	130	11252	"J01"
2021	5	20	137	12079	"J01"
2021	6	21	144	12896	"J01"
2021	7	22	151	12843	"J01"
2021	8	23	158	13792	"J01"
2021	9	24	165	20000	"J01"
2021	10	25	172	17443	"J01"
2021	11	26	179	14887	"J01"
2021	12	27	186	14495	"J01"
2021	13	28	193	14589	"J01"
2021	14	29	200	14683	"J01"
2021	15	30	207	14489	"J01"
2021	16	31	214	14296	"J01"
2021	17	32	221	13435	"J01"
2021	18	33	228	11980	"J01"
2021	19	34	235	11699	"J01"
2021	20	35	242	11267	"J01"
2021	21	36	249	11625	"J01"
2021	22	37	256	11984	"J01"
2021	23	38	263	10146	"J01"
2021	24	39	270	10140	"J01"
2021	25	40	277	10135	"J01"
2021	26	41	284	9887	"J01"
