"YEAR"	"BAND"	"WEEK"	"DOY"	"NDVI"	"SITE"
1987	1	15	102	11814	"MN"
1987	2	16	109	11898	"MN"
1987	3	17	116	11995	"MN"
1987	4	18	123	11992	"MN"
1987	5	19	130	11937	"MN"
1987	6	20	137	11882	"MN"
1987	7	21	144	12819	"MN"
1987	8	22	151	13776	"MN"
1987	9	23	158	14105	"MN"
1987	10	24	165	14225	"MN"
1987	11	25	172	14326	"MN"
1987	12	26	179	14410	"MN"
1987	13	27	186	14846	"MN"
1987	14	28	193	14720	"MN"
1987	15	29	200	14074	"MN"
1987	16	30	207	14317	"MN"
1987	17	31	214	14579	"MN"
1987	18	32	221	14789	"MN"
1987	19	33	228	14789	"MN"
1987	20	34	235	14789	"MN"
1987	21	35	242	14740	"MN"
1987	22	36	249	14399	"MN"
1987	23	37	256	14048	"MN"
1987	24	38	263	13736	"MN"
1987	25	39	270	13594	"MN"
1987	26	40	277	12535	"MN"
1987	27	41	284	11598	"MN"
1987	28	42	291	11331	"MN"
1988	1	14	95	10965	"MN"
1988	2	15	102	10913	"MN"
1988	3	16	109	10862	"MN"
1988	4	17	116	10853	"MN"
1988	5	18	123	10920	"MN"
1988	6	19	130	11238	"MN"
1988	7	20	137	11386	"MN"
1988	8	21	144	11345	"MN"
1988	9	22	151	11702	"MN"
1988	10	23	158	12760	"MN"
1988	11	24	165	14352	"MN"
1988	12	25	172	13778	"MN"
1988	13	26	179	13205	"MN"
1988	14	27	186	12850	"MN"
1988	15	28	193	13293	"MN"
1988	16	29	200	13719	"MN"
1988	17	30	207	14277	"MN"
1988	18	31	214	14945	"MN"
1988	19	32	221	14835	"MN"
1988	20	33	228	14605	"MN"
1988	21	34	235	14566	"MN"
1988	22	35	242	14528	"MN"
1988	23	36	249	13610	"MN"
1988	24	37	256	11106	"MN"
1988	25	38	263	10867	"MN"
1988	26	39	270	11017	"MN"
1988	27	40	277	11224	"MN"
1988	28	41	284	9370	"MN"
1989	1	14	95	11441	"MN"
1989	2	15	102	11235	"MN"
1989	3	16	109	11325	"MN"
1989	4	17	116	11579	"MN"
1989	5	18	123	11833	"MN"
1989	6	19	130	12155	"MN"
1989	7	20	137	12787	"MN"
1989	8	21	144	13942	"MN"
1989	9	22	151	14363	"MN"
1989	10	23	158	14525	"MN"
1989	11	24	165	14442	"MN"
1989	12	25	172	14360	"MN"
1989	13	26	179	14413	"MN"
1989	14	27	186	14599	"MN"
1989	15	28	193	14785	"MN"
1989	16	29	200	14752	"MN"
1989	17	30	207	14616	"MN"
1989	18	31	214	14602	"MN"
1989	19	32	221	14586	"MN"
1989	20	33	228	14553	"MN"
1989	21	34	235	14458	"MN"
1989	22	35	242	14341	"MN"
1989	23	36	249	14215	"MN"
1989	24	37	256	14085	"MN"
1989	25	38	263	12861	"MN"
1989	26	39	270	11709	"MN"
1989	27	40	277	11221	"MN"
1989	28	41	284	10906	"MN"
1990	1	14	95	10402	"MN"
1990	2	15	102	10905	"MN"
1990	3	16	109	11276	"MN"
1990	4	17	116	11487	"MN"
1990	5	18	123	11846	"MN"
1990	6	19	130	12276	"MN"
1990	7	20	137	12742	"MN"
1990	8	21	144	13190	"MN"
1990	9	22	151	13714	"MN"
1990	10	23	158	14245	"MN"
1990	11	24	165	14688	"MN"
1990	12	25	172	14538	"MN"
1990	13	26	179	14225	"MN"
1990	14	27	186	13913	"MN"
1990	15	28	193	13927	"MN"
1990	16	29	200	13966	"MN"
1990	17	30	207	14058	"MN"
1990	18	31	214	14761	"MN"
1990	19	32	221	15140	"MN"
1990	20	33	228	15117	"MN"
1990	21	34	235	14808	"MN"
1990	22	35	242	14499	"MN"
1990	23	36	249	14200	"MN"
1990	24	37	256	14028	"MN"
1990	25	38	263	13476	"MN"
1990	26	39	270	12714	"MN"
1990	27	40	277	11952	"MN"
1990	28	41	284	11147	"MN"
1991	1	14	95	12199	"MN"
1991	2	15	102	12175	"MN"
1991	3	16	109	12144	"MN"
1991	4	17	116	12110	"MN"
1991	5	18	123	12076	"MN"
1991	6	19	130	12284	"MN"
1991	7	20	137	12706	"MN"
1991	8	21	144	12776	"MN"
1991	9	22	151	13289	"MN"
1991	10	23	158	14091	"MN"
1991	11	24	165	14158	"MN"
1991	12	25	172	14159	"MN"
1991	13	26	179	14182	"MN"
1991	14	27	186	14446	"MN"
1991	15	28	193	14710	"MN"
1991	16	29	200	14823	"MN"
1991	17	30	207	14652	"MN"
1991	18	31	214	14505	"MN"
1991	19	32	221	14408	"MN"
1991	20	33	228	14423	"MN"
1991	21	34	235	14438	"MN"
1991	22	35	242	14337	"MN"
1991	23	36	249	14080	"MN"
1991	24	37	256	13336	"MN"
1991	25	38	263	12422	"MN"
1991	26	39	270	11450	"MN"
1991	27	40	277	11450	"MN"
1991	28	41	284	11450	"MN"
1992	1	15	102	10741	"MN"
1992	2	16	109	11260	"MN"
1992	3	17	116	11087	"MN"
1992	4	18	123	11035	"MN"
1992	5	19	130	11113	"MN"
1992	6	20	137	11444	"MN"
1992	7	21	144	11904	"MN"
1992	8	22	151	12434	"MN"
1992	9	23	158	13054	"MN"
1992	10	24	165	13251	"MN"
1992	11	25	172	13305	"MN"
1992	12	26	179	13195	"MN"
1992	13	27	186	13087	"MN"
1992	14	28	193	13024	"MN"
1992	15	29	200	13040	"MN"
1992	16	30	207	13449	"MN"
1992	17	31	214	13845	"MN"
1992	18	32	221	14120	"MN"
1992	19	33	228	13842	"MN"
1992	20	34	235	13574	"MN"
1992	21	35	242	13306	"MN"
1992	22	36	249	13006	"MN"
1992	23	37	256	13013	"MN"
1992	24	38	263	13192	"MN"
1992	25	39	270	13370	"MN"
1992	26	40	277	12186	"MN"
1992	27	41	284	11027	"MN"
1992	28	42	291	10581	"MN"
1993	1	14	95	11213	"MN"
1993	2	15	102	11999	"MN"
1993	3	16	109	11987	"MN"
1993	4	17	116	11914	"MN"
1993	5	18	123	11860	"MN"
1993	6	19	130	12043	"MN"
1993	7	20	137	12221	"MN"
1993	8	21	144	12501	"MN"
1993	9	22	151	13405	"MN"
1993	10	23	158	13925	"MN"
1993	11	24	165	14187	"MN"
1993	12	25	172	14295	"MN"
1993	13	26	179	14402	"MN"
1993	14	27	186	14472	"MN"
1993	15	28	193	14474	"MN"
1993	16	29	200	14477	"MN"
1993	17	30	207	14385	"MN"
1993	18	31	214	14210	"MN"
1993	19	32	221	14302	"MN"
1993	20	33	228	14413	"MN"
1993	21	34	235	14521	"MN"
1993	22	35	242	13704	"MN"
1993	23	36	249	13248	"MN"
1993	24	37	256	13124	"MN"
1993	25	38	263	12620	"MN"
1993	26	39	270	12116	"MN"
1993	27	40	277	11469	"MN"
1993	28	41	284	10299	"MN"
1994	1	14	95	11423	"MN"
1994	2	15	102	11476	"MN"
1994	3	16	109	11530	"MN"
1994	4	17	116	11580	"MN"
1994	5	18	123	11623	"MN"
1994	6	19	130	11667	"MN"
1994	7	20	137	11772	"MN"
1994	8	21	144	11937	"MN"
1994	9	22	151	12101	"MN"
1994	10	23	158	12706	"MN"
1994	11	24	165	13709	"MN"
1994	12	25	172	14168	"MN"
1994	13	26	179	14249	"MN"
1994	14	27	186	14121	"MN"
1994	15	28	193	13994	"MN"
1994	16	29	200	13809	"MN"
1994	17	30	207	13660	"MN"
1994	18	31	214	13642	"MN"
1994	19	32	221	13622	"MN"
1994	20	33	228	13560	"MN"
1994	21	34	235	13423	"MN"
1994	22	35	242	12948	"MN"
1994	23	36	249	12306	"MN"
1994	24	37	256	11463	"MN"
1994	25	38	263	10620	"MN"
1994	26	39	270	10152	"MN"
1994	27	40	277	10058	"MN"
1994	28	41	284	9965	"MN"
1995	1	14	95	11145	"MN"
1995	2	15	102	11993	"MN"
1995	3	16	109	12095	"MN"
1995	4	17	116	11783	"MN"
1995	5	18	123	11470	"MN"
1995	6	19	130	11748	"MN"
1995	7	20	137	12180	"MN"
1995	8	21	144	12599	"MN"
1995	9	22	151	13268	"MN"
1995	10	23	158	13960	"MN"
1995	11	24	165	14617	"MN"
1995	12	25	172	14660	"MN"
1995	13	26	179	14745	"MN"
1995	14	27	186	14908	"MN"
1995	15	28	193	14944	"MN"
1995	16	29	200	14978	"MN"
1995	17	30	207	15035	"MN"
1995	18	31	214	15152	"MN"
1995	19	32	221	15283	"MN"
1995	20	33	228	15327	"MN"
1995	21	34	235	15042	"MN"
1995	22	35	242	14757	"MN"
1995	23	36	249	14506	"MN"
1995	24	37	256	14384	"MN"
1995	25	38	263	13861	"MN"
1995	26	39	270	13175	"MN"
1995	27	40	277	12391	"MN"
1995	28	41	284	11609	"MN"
1996	1	14	95	12462	"MN"
1996	2	15	102	12207	"MN"
1996	3	16	109	11689	"MN"
1996	4	17	116	10819	"MN"
1996	5	18	123	10764	"MN"
1996	6	19	130	11008	"MN"
1996	7	20	137	11527	"MN"
1996	8	21	144	12557	"MN"
1996	9	22	151	13401	"MN"
1996	10	23	158	14098	"MN"
1996	11	24	165	14269	"MN"
1996	12	25	172	14526	"MN"
1996	13	26	179	14788	"MN"
1996	14	27	186	14946	"MN"
1996	15	28	193	15106	"MN"
1996	16	29	200	15117	"MN"
1996	17	30	207	14845	"MN"
1996	18	31	214	14832	"MN"
1996	19	32	221	14839	"MN"
1996	20	33	228	14847	"MN"
1996	21	34	235	14668	"MN"
1996	22	35	242	14475	"MN"
1996	23	36	249	14281	"MN"
1996	24	37	256	14037	"MN"
1996	25	38	263	13930	"MN"
1996	26	39	270	13920	"MN"
1996	27	40	277	13313	"MN"
1996	28	41	284	12705	"MN"
1997	1	15	102	11798	"MN"
1997	2	16	109	11781	"MN"
1997	3	17	116	11762	"MN"
1997	4	18	123	11437	"MN"
1997	5	19	130	11245	"MN"
1997	6	20	137	11444	"MN"
1997	7	21	144	11636	"MN"
1997	8	22	151	12269	"MN"
1997	9	23	158	13182	"MN"
1997	10	24	165	13624	"MN"
1997	11	25	172	14030	"MN"
1997	12	26	179	14752	"MN"
1997	13	27	186	14919	"MN"
1997	14	28	193	15086	"MN"
1997	15	29	200	15130	"MN"
1997	16	30	207	14743	"MN"
1997	17	31	214	14775	"MN"
1997	18	32	221	14944	"MN"
1997	19	33	228	15137	"MN"
1997	20	34	235	14822	"MN"
1997	21	35	242	14369	"MN"
1997	22	36	249	13916	"MN"
1997	23	37	256	13750	"MN"
1997	24	38	263	13664	"MN"
1997	25	39	270	13577	"MN"
1997	26	40	277	13033	"MN"
1997	27	41	284	12612	"MN"
1997	28	42	291	12744	"MN"
1998	1	15	102	11781	"MN"
1998	2	16	109	12240	"MN"
1998	3	17	116	12226	"MN"
1998	4	18	123	12213	"MN"
1998	5	19	130	12207	"MN"
1998	6	20	137	12224	"MN"
1998	7	21	144	13282	"MN"
1998	8	22	151	14285	"MN"
1998	9	23	158	14438	"MN"
1998	10	24	165	14593	"MN"
1998	11	25	172	14846	"MN"
1998	12	26	179	15056	"MN"
1998	13	27	186	15090	"MN"
1998	14	28	193	14919	"MN"
1998	15	29	200	14581	"MN"
1998	16	30	207	14558	"MN"
1998	17	31	214	14533	"MN"
1998	18	32	221	14495	"MN"
1998	19	33	228	14222	"MN"
1998	20	34	235	13958	"MN"
1998	21	35	242	13725	"MN"
1998	22	36	249	13645	"MN"
1998	23	37	256	13563	"MN"
1998	24	38	263	13402	"MN"
1998	25	39	270	12958	"MN"
1998	26	40	277	12515	"MN"
1998	27	41	284	12063	"MN"
1998	28	42	291	11592	"MN"
1999	1	14	95	11668	"MN"
1999	2	15	102	11276	"MN"
1999	3	16	109	11203	"MN"
1999	4	17	116	11147	"MN"
1999	5	18	123	11151	"MN"
1999	6	19	130	12039	"MN"
1999	7	20	137	12858	"MN"
1999	8	21	144	13614	"MN"
1999	9	22	151	14219	"MN"
1999	10	23	158	14266	"MN"
1999	11	24	165	14004	"MN"
1999	12	25	172	13743	"MN"
1999	13	26	179	13419	"MN"
1999	14	27	186	13446	"MN"
1999	15	28	193	14135	"MN"
1999	16	29	200	14795	"MN"
1999	17	30	207	15037	"MN"
1999	18	31	214	14788	"MN"
1999	19	32	221	14508	"MN"
1999	20	33	228	14323	"MN"
1999	21	34	235	14233	"MN"
1999	22	35	242	13846	"MN"
1999	23	36	249	13450	"MN"
1999	24	37	256	13058	"MN"
1999	25	38	263	12837	"MN"
1999	26	39	270	11635	"MN"
1999	27	40	277	10229	"MN"
1999	28	41	284	10075	"MN"
2000	1	14	95	10127	"MN"
2000	2	15	102	10691	"MN"
2000	3	16	109	10824	"MN"
2000	4	17	116	10753	"MN"
2000	5	18	123	10809	"MN"
2000	6	19	130	10865	"MN"
2000	7	20	137	10986	"MN"
2000	8	21	144	11225	"MN"
2000	9	22	151	11465	"MN"
2000	10	23	158	12110	"MN"
2000	11	24	165	13483	"MN"
2000	12	25	172	13759	"MN"
2000	13	26	179	13950	"MN"
2000	14	27	186	14141	"MN"
2000	15	28	193	14331	"MN"
2000	16	29	200	14515	"MN"
2000	17	30	207	14420	"MN"
2000	18	31	214	13340	"MN"
2000	19	32	221	12884	"MN"
2000	20	33	228	12981	"MN"
2000	21	34	235	13660	"MN"
2000	22	35	242	13775	"MN"
2000	23	36	249	13355	"MN"
2000	24	37	256	11796	"MN"
2000	25	38	263	11688	"MN"
2000	26	39	270	11976	"MN"
2000	27	40	277	12264	"MN"
2000	28	41	284	10796	"MN"
2001	1	14	95	11101	"MN"
2001	2	15	102	11420	"MN"
2001	3	16	109	11445	"MN"
2001	4	17	116	11245	"MN"
2001	5	18	123	12264	"MN"
2001	6	19	130	13283	"MN"
2001	7	20	137	14095	"MN"
2001	8	21	144	14146	"MN"
2001	9	22	151	14243	"MN"
2001	10	23	158	14359	"MN"
2001	11	24	165	14481	"MN"
2001	12	25	172	15031	"MN"
2001	13	26	179	15392	"MN"
2001	14	27	186	15201	"MN"
2001	15	28	193	15011	"MN"
2001	16	29	200	14789	"MN"
2001	17	30	207	14519	"MN"
2001	18	31	214	14285	"MN"
2001	19	32	221	14188	"MN"
2001	20	33	228	14206	"MN"
2001	21	34	235	13701	"MN"
2001	22	35	242	13446	"MN"
2001	23	36	249	13380	"MN"
2001	24	37	256	13310	"MN"
2001	25	38	263	13322	"MN"
2001	26	39	270	13369	"MN"
2001	27	40	277	13369	"MN"
2001	28	41	284	13369	"MN"
2002	1	14	95	10269	"MN"
2002	2	15	102	10892	"MN"
2002	3	16	109	11449	"MN"
2002	4	17	116	11579	"MN"
2002	5	18	123	11446	"MN"
2002	6	19	130	11355	"MN"
2002	7	20	137	11326	"MN"
2002	8	21	144	11298	"MN"
2002	9	22	151	12074	"MN"
2002	10	23	158	13450	"MN"
2002	11	24	165	13837	"MN"
2002	12	25	172	13991	"MN"
2002	13	26	179	14003	"MN"
2002	14	27	186	14101	"MN"
2002	15	28	193	14198	"MN"
2002	16	29	200	14466	"MN"
2002	17	30	207	15078	"MN"
2002	18	31	214	14213	"MN"
2002	19	32	221	13701	"MN"
2002	20	33	228	14175	"MN"
2002	21	34	235	14628	"MN"
2002	22	35	242	14744	"MN"
2002	23	36	249	14411	"MN"
2002	24	37	256	14350	"MN"
2002	25	38	263	13995	"MN"
2002	26	39	270	13317	"MN"
2002	27	40	277	12505	"MN"
2002	28	41	284	12111	"MN"
2003	1	15	102	11136	"MN"
2003	2	16	109	11524	"MN"
2003	3	17	116	11658	"MN"
2003	4	18	123	11769	"MN"
2003	5	19	130	11998	"MN"
2003	6	20	137	12437	"MN"
2003	7	21	144	13182	"MN"
2003	8	22	151	13837	"MN"
2003	9	23	158	14213	"MN"
2003	10	24	165	14577	"MN"
2003	11	25	172	14748	"MN"
2003	12	26	179	14874	"MN"
2003	13	27	186	15000	"MN"
2003	14	28	193	14738	"MN"
2003	15	29	200	14194	"MN"
2003	16	30	207	13453	"MN"
2003	17	31	214	13761	"MN"
2003	18	32	221	14377	"MN"
2003	19	33	228	15080	"MN"
2003	20	34	235	14943	"MN"
2003	21	35	242	14656	"MN"
2003	22	36	249	14564	"MN"
2003	23	37	256	14236	"MN"
2003	24	38	263	13844	"MN"
2003	25	39	270	13452	"MN"
2003	26	40	277	12775	"MN"
2003	27	41	284	12386	"MN"
2003	28	42	291	12427	"MN"
2004	1	15	102	9852	"MN"
2004	2	16	109	10543	"MN"
2004	3	17	116	10589	"MN"
2004	4	18	123	10575	"MN"
2004	5	19	130	10572	"MN"
2004	6	20	137	10847	"MN"
2004	7	21	144	11114	"MN"
2004	8	22	151	11405	"MN"
2004	9	23	158	11870	"MN"
2004	10	24	165	12350	"MN"
2004	11	25	172	12839	"MN"
2004	12	26	179	13329	"MN"
2004	13	27	186	13775	"MN"
2004	14	28	193	14023	"MN"
2004	15	29	200	13934	"MN"
2004	16	30	207	13362	"MN"
2004	17	31	214	13057	"MN"
2004	18	32	221	13136	"MN"
2004	19	33	228	13226	"MN"
2004	20	34	235	13569	"MN"
2004	21	35	242	14166	"MN"
2004	22	36	249	14438	"MN"
2004	23	37	256	14590	"MN"
2004	24	38	263	14602	"MN"
2004	25	39	270	14328	"MN"
2004	26	40	277	14053	"MN"
2004	27	41	284	13731	"MN"
2004	28	42	291	13235	"MN"
2005	1	14	95	10855	"MN"
2005	2	15	102	11036	"MN"
2005	3	16	109	11187	"MN"
2005	4	17	116	11331	"MN"
2005	5	18	123	11475	"MN"
2005	6	19	130	12178	"MN"
2005	7	20	137	12907	"MN"
2005	8	21	144	13618	"MN"
2005	9	22	151	14830	"MN"
2005	10	23	158	15325	"MN"
2005	11	24	165	15122	"MN"
2005	12	25	172	15139	"MN"
2005	13	26	179	15189	"MN"
2005	14	27	186	15256	"MN"
2005	15	28	193	15323	"MN"
2005	16	29	200	15427	"MN"
2005	17	30	207	15548	"MN"
2005	18	31	214	15654	"MN"
2005	19	32	221	15533	"MN"
2005	20	33	228	15351	"MN"
2005	21	34	235	15175	"MN"
2005	22	35	242	14977	"MN"
2005	23	36	249	14772	"MN"
2005	24	37	256	14561	"MN"
2005	25	38	263	14031	"MN"
2005	26	39	270	13854	"MN"
2005	27	40	277	14052	"MN"
2005	28	41	284	14250	"MN"
2006	1	14	95	10998	"MN"
2006	2	15	102	11726	"MN"
2006	3	16	109	11810	"MN"
2006	4	17	116	11723	"MN"
2006	5	18	123	12324	"MN"
2006	6	19	130	12925	"MN"
2006	7	20	137	13621	"MN"
2006	8	21	144	14487	"MN"
2006	9	22	151	14531	"MN"
2006	10	23	158	14650	"MN"
2006	11	24	165	15151	"MN"
2006	12	25	172	15653	"MN"
2006	13	26	179	15778	"MN"
2006	14	27	186	15547	"MN"
2006	15	28	193	15601	"MN"
2006	16	29	200	15383	"MN"
2006	17	30	207	15060	"MN"
2006	18	31	214	15037	"MN"
2006	19	32	221	15109	"MN"
2006	20	33	228	15167	"MN"
2006	21	34	235	14984	"MN"
2006	22	35	242	14801	"MN"
2006	23	36	249	14604	"MN"
2006	24	37	256	14356	"MN"
2006	25	38	263	14227	"MN"
2006	26	39	270	14129	"MN"
2006	27	40	277	14031	"MN"
2006	28	41	284	12125	"MN"
2007	1	14	95	11208	"MN"
2007	2	15	102	12196	"MN"
2007	3	16	109	12746	"MN"
2007	4	17	116	12783	"MN"
2007	5	18	123	12820	"MN"
2007	6	19	130	13550	"MN"
2007	7	20	137	14469	"MN"
2007	8	21	144	14672	"MN"
2007	9	22	151	14875	"MN"
2007	10	23	158	15052	"MN"
2007	11	24	165	15133	"MN"
2007	12	25	172	15215	"MN"
2007	13	26	179	15180	"MN"
2007	14	27	186	14936	"MN"
2007	15	28	193	14579	"MN"
2007	16	29	200	14552	"MN"
2007	17	30	207	14887	"MN"
2007	18	31	214	15178	"MN"
2007	19	32	221	15240	"MN"
2007	20	33	228	15043	"MN"
2007	21	34	235	14724	"MN"
2007	22	35	242	14526	"MN"
2007	23	36	249	14388	"MN"
2007	24	37	256	13862	"MN"
2007	25	38	263	13641	"MN"
2007	26	39	270	13591	"MN"
2007	27	40	277	13541	"MN"
2007	28	41	284	13516	"MN"
2008	1	16	109	11832	"MN"
2008	2	17	116	12075	"MN"
2008	3	18	123	11959	"MN"
2008	4	19	130	12298	"MN"
2008	5	20	137	12637	"MN"
2008	6	21	144	12709	"MN"
2008	7	22	151	12782	"MN"
2008	8	23	158	13850	"MN"
2008	9	24	165	14355	"MN"
2008	10	25	172	14820	"MN"
2008	11	26	179	15286	"MN"
2008	12	27	186	14280	"MN"
2008	13	28	193	14109	"MN"
2008	14	29	200	14617	"MN"
2008	15	30	207	15126	"MN"
2008	16	31	214	14382	"MN"
2008	17	32	221	14344	"MN"
2008	18	33	228	14306	"MN"
2008	19	34	235	14880	"MN"
2008	20	35	242	14107	"MN"
2008	21	36	249	14161	"MN"
2008	22	37	256	13315	"MN"
2008	23	38	263	13785	"MN"
2008	24	39	270	14256	"MN"
2008	25	40	277	13631	"MN"
2008	26	41	284	13006	"MN"
2009	1	15	102	10862	"MN"
2009	2	16	109	11534	"MN"
2009	3	17	116	12060	"MN"
2009	4	18	123	11570	"MN"
2009	5	19	130	11993	"MN"
2009	6	20	137	12416	"MN"
2009	7	21	144	13175	"MN"
2009	8	22	151	13935	"MN"
2009	9	23	158	14087	"MN"
2009	10	24	165	14239	"MN"
2009	11	25	172	14358	"MN"
2009	12	26	179	14478	"MN"
2009	13	27	186	14911	"MN"
2009	14	28	193	15345	"MN"
2009	15	29	200	14860	"MN"
2009	16	30	207	14376	"MN"
2009	17	31	214	12074	"MN"
2009	18	32	221	13657	"MN"
2009	19	33	228	15240	"MN"
2009	20	34	235	14820	"MN"
2009	21	35	242	15020	"MN"
2009	22	36	249	15220	"MN"
2009	23	37	256	14996	"MN"
2009	24	38	263	14642	"MN"
2009	25	39	270	14628	"MN"
2009	26	40	277	12608	"MN"
2009	27	41	284	12321	"MN"
2009	28	42	291	14628	"MN"
2010	1	16	109	11510	"MN"
2010	2	17	116	11700	"MN"
2010	3	18	123	11125	"MN"
2010	4	19	130	12300	"MN"
2010	5	20	137	13476	"MN"
2010	6	21	144	14744	"MN"
2010	7	22	151	14733	"MN"
2010	8	23	158	14723	"MN"
2010	9	24	165	14742	"MN"
2010	10	25	172	14762	"MN"
2010	11	26	179	14522	"MN"
2010	12	27	186	14977	"MN"
2010	13	28	193	15432	"MN"
2010	14	29	200	15407	"MN"
2010	15	30	207	15382	"MN"
2010	16	31	214	14955	"MN"
2010	17	32	221	14797	"MN"
2010	18	33	228	14613	"MN"
2010	19	34	235	14891	"MN"
2010	20	35	242	15170	"MN"
2010	21	36	249	14929	"MN"
2010	22	37	256	14446	"MN"
2010	23	38	263	13964	"MN"
2010	24	39	270	13914	"MN"
2010	25	40	277	13865	"MN"
2010	26	41	284	13865	"MN"
2011	1	16	109	11694	"MN"
2011	2	17	116	11519	"MN"
2011	3	18	123	11313	"MN"
2011	4	19	130	11108	"MN"
2011	5	20	137	11195	"MN"
2011	6	21	144	11282	"MN"
2011	7	22	151	13719	"MN"
2011	8	23	158	14369	"MN"
2011	9	24	165	13224	"MN"
2011	10	25	172	12904	"MN"
2011	11	26	179	13818	"MN"
2011	12	27	186	14733	"MN"
2011	13	28	193	14942	"MN"
2011	14	29	200	15151	"MN"
2011	15	30	207	15630	"MN"
2011	16	31	214	14695	"MN"
2011	17	32	221	14928	"MN"
2011	18	33	228	15162	"MN"
2011	19	34	235	14896	"MN"
2011	20	35	242	14824	"MN"
2011	21	36	249	14753	"MN"
2011	22	37	256	14386	"MN"
2011	23	38	263	14429	"MN"
2011	24	39	270	14473	"MN"
2011	25	40	277	14233	"MN"
2011	26	41	284	14053	"MN"
2012	1	16	109	11739	"MN"
2012	2	17	116	11910	"MN"
2012	3	18	123	12082	"MN"
2012	4	19	130	11817	"MN"
2012	5	20	137	13114	"MN"
2012	6	21	144	14412	"MN"
2012	7	22	151	14732	"MN"
2012	8	23	158	15053	"MN"
2012	9	24	165	15068	"MN"
2012	10	25	172	15084	"MN"
2012	11	26	179	12859	"MN"
2012	12	27	186	11946	"MN"
2012	13	28	193	12639	"MN"
2012	14	29	200	13333	"MN"
2012	15	30	207	15688	"MN"
2012	16	31	214	15261	"MN"
2012	17	32	221	14834	"MN"
2012	18	33	228	13235	"MN"
2012	19	34	235	14228	"MN"
2012	20	35	242	15222	"MN"
2012	21	36	249	13371	"MN"
2012	22	37	256	13804	"MN"
2012	23	38	263	14237	"MN"
2012	24	39	270	14049	"MN"
2012	25	40	277	13779	"MN"
2012	26	41	284	13779	"MN"
2013	1	16	109	11783	"MN"
2013	2	17	116	11692	"MN"
2013	3	18	123	13013	"MN"
2013	4	19	130	12527	"MN"
2013	5	20	137	13370	"MN"
2013	6	21	144	14214	"MN"
2013	7	22	151	14636	"MN"
2013	8	23	158	15059	"MN"
2013	9	24	165	15087	"MN"
2013	10	25	172	15116	"MN"
2013	11	26	179	15303	"MN"
2013	12	27	186	15682	"MN"
2013	13	28	193	15601	"MN"
2013	14	29	200	15636	"MN"
2013	15	30	207	15587	"MN"
2013	16	31	214	13703	"MN"
2013	17	32	221	13759	"MN"
2013	18	33	228	14019	"MN"
2013	19	34	235	15235	"MN"
2013	20	35	242	15285	"MN"
2013	21	36	249	15223	"MN"
2013	22	37	256	15161	"MN"
2013	23	38	263	14636	"MN"
2013	24	39	270	14468	"MN"
2013	25	40	277	14300	"MN"
2013	26	41	284	13234	"MN"
2014	1	16	109	10154	"MN"
2014	2	17	116	10048	"MN"
2014	3	18	123	9943	"MN"
2014	4	19	130	10460	"MN"
2014	5	20	137	10977	"MN"
2014	6	21	144	12175	"MN"
2014	7	22	151	13373	"MN"
2014	8	23	158	13103	"MN"
2014	9	24	165	12310	"MN"
2014	10	25	172	13456	"MN"
2014	11	26	179	14602	"MN"
2014	12	27	186	14702	"MN"
2014	13	28	193	13421	"MN"
2014	14	29	200	13347	"MN"
2014	15	30	207	13575	"MN"
2014	16	31	214	13663	"MN"
2014	17	32	221	13751	"MN"
2014	18	33	228	14111	"MN"
2014	19	34	235	14472	"MN"
2014	20	35	242	14497	"MN"
2014	21	36	249	14639	"MN"
2014	22	37	256	13945	"MN"
2014	23	38	263	13252	"MN"
2014	24	39	270	13252	"MN"
2014	25	40	277	13252	"MN"
2014	26	41	284	13252	"MN"
2015	1	16	109	11166	"MN"
2015	2	17	116	10924	"MN"
2015	3	18	123	10682	"MN"
2015	4	19	130	10954	"MN"
2015	5	20	137	11227	"MN"
2015	6	21	144	12568	"MN"
2015	7	22	151	13910	"MN"
2015	8	23	158	13663	"MN"
2015	9	24	165	13417	"MN"
2015	10	25	172	12835	"MN"
2015	11	26	179	12669	"MN"
2015	12	27	186	13771	"MN"
2015	13	28	193	14873	"MN"
2015	14	29	200	12246	"MN"
2015	15	30	207	10441	"MN"
2015	16	31	214	11718	"MN"
2015	17	32	221	12995	"MN"
2015	18	33	228	12966	"MN"
2015	19	34	235	12531	"MN"
2015	20	35	242	13265	"MN"
2015	21	36	249	14000	"MN"
2015	22	37	256	12078	"MN"
2015	23	38	263	12916	"MN"
2015	24	39	270	13755	"MN"
2015	25	40	277	13163	"MN"
2015	26	41	284	12572	"MN"
2016	1	16	109	11539	"MN"
2016	2	17	116	11739	"MN"
2016	3	18	123	11485	"MN"
2016	4	19	130	11745	"MN"
2016	5	20	137	12005	"MN"
2016	6	21	144	13249	"MN"
2016	7	22	151	13653	"MN"
2016	8	23	158	14019	"MN"
2016	9	24	165	14385	"MN"
2016	10	25	172	14402	"MN"
2016	11	26	179	12765	"MN"
2016	12	27	186	12537	"MN"
2016	13	28	193	12691	"MN"
2016	14	29	200	12846	"MN"
2016	15	30	207	13736	"MN"
2016	16	31	214	13714	"MN"
2016	17	32	221	13692	"MN"
2016	18	33	228	13406	"MN"
2016	19	34	235	13364	"MN"
2016	20	35	242	13322	"MN"
2016	21	36	249	13690	"MN"
2016	22	37	256	11363	"MN"
2016	23	38	263	12265	"MN"
2016	24	39	270	13167	"MN"
2016	25	40	277	12184	"MN"
2016	26	41	284	12184	"MN"
2017	1	16	109	10107	"MN"
2017	2	17	116	10128	"MN"
2017	3	18	123	10828	"MN"
2017	4	19	130	10916	"MN"
2017	5	20	137	11532	"MN"
2017	6	21	144	12716	"MN"
2017	7	22	151	13858	"MN"
2017	8	23	158	13885	"MN"
2017	9	24	165	13897	"MN"
2017	10	25	172	14659	"MN"
2017	11	26	179	14629	"MN"
2017	12	27	186	14599	"MN"
2017	13	28	193	15143	"MN"
2017	14	29	200	14874	"MN"
2017	15	30	207	14606	"MN"
2017	16	31	214	14433	"MN"
2017	17	32	221	11993	"MN"
2017	18	33	228	11884	"MN"
2017	19	34	235	11776	"MN"
2017	20	35	242	11735	"MN"
2017	21	36	249	13167	"MN"
2017	22	37	256	12908	"MN"
2017	23	38	263	11821	"MN"
2017	24	39	270	11918	"MN"
2017	25	40	277	12016	"MN"
2017	26	41	284	10947	"MN"
2018	1	16	109	11287	"MN"
2018	2	17	116	11412	"MN"
2018	3	18	123	11538	"MN"
2018	4	19	130	11676	"MN"
2018	5	20	137	11815	"MN"
2018	6	21	144	12058	"MN"
2018	7	22	151	12301	"MN"
2018	8	23	158	13444	"MN"
2018	9	24	165	13597	"MN"
2018	10	25	172	12961	"MN"
2018	11	26	179	13000	"MN"
2018	12	27	186	13039	"MN"
2018	13	28	193	12624	"MN"
2018	14	29	200	12675	"MN"
2018	15	30	207	12727	"MN"
2018	16	31	214	12545	"MN"
2018	17	32	221	13026	"MN"
2018	18	33	228	13508	"MN"
2018	19	34	235	13735	"MN"
2018	20	35	242	13963	"MN"
2018	21	36	249	12650	"MN"
2018	22	37	256	12744	"MN"
2018	23	38	263	12670	"MN"
2018	24	39	270	12597	"MN"
2018	25	40	277	12192	"MN"
2018	26	41	284	12192	"MN"
2019	1	16	109	11815	"MN"
2019	2	17	116	11642	"MN"
2019	3	18	123	10119	"MN"
2019	4	19	130	10062	"MN"
2019	5	20	137	11645	"MN"
2019	6	21	144	10949	"MN"
2019	7	22	151	11443	"MN"
2019	8	23	158	11937	"MN"
2019	9	24	165	11706	"MN"
2019	10	25	172	11712	"MN"
2019	11	26	179	13963	"MN"
2019	12	27	186	13904	"MN"
2019	13	28	193	13846	"MN"
2019	14	29	200	13315	"MN"
2019	15	30	207	13106	"MN"
2019	16	31	214	12227	"MN"
2019	17	32	221	11349	"MN"
2019	18	33	228	12053	"MN"
2019	19	34	235	12758	"MN"
2019	20	35	242	12620	"MN"
2019	21	36	249	12483	"MN"
2019	22	37	256	12371	"MN"
2019	23	38	263	11654	"MN"
2019	24	39	270	10406	"MN"
2019	25	40	277	9769	"MN"
2019	26	41	284	9621	"MN"
2020	1	16	109	11267	"MN"
2020	2	17	116	11727	"MN"
2020	3	18	123	11732	"MN"
2020	4	19	130	12027	"MN"
2020	5	20	137	12323	"MN"
2020	6	21	144	12052	"MN"
2020	7	22	151	12164	"MN"
2020	8	23	158	12276	"MN"
2020	9	24	165	13029	"MN"
2020	10	25	172	11701	"MN"
2020	11	26	179	12840	"MN"
2020	12	27	186	13980	"MN"
2020	13	28	193	13432	"MN"
2020	14	29	200	12641	"MN"
2020	15	30	207	12715	"MN"
2020	16	31	214	12790	"MN"
2020	17	32	221	12890	"MN"
2020	18	33	228	13223	"MN"
2020	19	34	235	13315	"MN"
2020	20	35	242	12392	"MN"
2020	21	36	249	12090	"MN"
2020	22	37	256	11864	"MN"
2020	23	38	263	10968	"MN"
2020	24	39	270	10490	"MN"
2020	25	40	277	10638	"MN"
2020	26	41	284	10787	"MN"
2021	1	16	109	10517	"MN"
2021	2	17	116	10503	"MN"
2021	3	18	123	10504	"MN"
2021	4	19	130	10505	"MN"
2021	5	20	137	12271	"MN"
2021	6	21	144	14068	"MN"
2021	7	22	151	13924	"MN"
2021	8	23	158	13780	"MN"
2021	9	24	165	13568	"MN"
2021	10	25	172	14093	"MN"
2021	11	26	179	14619	"MN"
2021	12	27	186	14644	"MN"
2021	13	28	193	14670	"MN"
2021	14	29	200	14491	"MN"
2021	15	30	207	14308	"MN"
2021	16	31	214	14125	"MN"
2021	17	32	221	13747	"MN"
2021	18	33	228	12422	"MN"
2021	19	34	235	12165	"MN"
2021	20	35	242	11902	"MN"
2021	21	36	249	12451	"MN"
2021	22	37	256	13000	"MN"
2021	23	38	263	11437	"MN"
2021	24	39	270	10963	"MN"
2021	25	40	277	10739	"MN"
2021	26	41	284	10739	"MN"
