"YEAR"	"BAND"	"WEEK"	"DOY"	"NDVI"	"SITE"
1987	1	15	102	10853	"MS"
1987	2	16	109	10902	"MS"
1987	3	17	116	11121	"MS"
1987	4	18	123	11210	"MS"
1987	5	19	130	11236	"MS"
1987	6	20	137	11262	"MS"
1987	7	21	144	12314	"MS"
1987	8	22	151	13373	"MS"
1987	9	23	158	13755	"MS"
1987	10	24	165	13894	"MS"
1987	11	25	172	14062	"MS"
1987	12	26	179	14299	"MS"
1987	13	27	186	14908	"MS"
1987	14	28	193	14718	"MS"
1987	15	29	200	13799	"MS"
1987	16	30	207	14118	"MS"
1987	17	31	214	14462	"MS"
1987	18	32	221	14749	"MS"
1987	19	33	228	14932	"MS"
1987	20	34	235	14997	"MS"
1987	21	35	242	14938	"MS"
1987	22	36	249	14528	"MS"
1987	23	37	256	14105	"MS"
1987	24	38	263	13736	"MS"
1987	25	39	270	13594	"MS"
1987	26	40	277	12522	"MS"
1987	27	41	284	11648	"MS"
1987	28	42	291	11587	"MS"
1988	1	14	95	10896	"MS"
1988	2	15	102	10528	"MS"
1988	3	16	109	10440	"MS"
1988	4	17	116	10472	"MS"
1988	5	18	123	10581	"MS"
1988	6	19	130	10689	"MS"
1988	7	20	137	10929	"MS"
1988	8	21	144	11300	"MS"
1988	9	22	151	11866	"MS"
1988	10	23	158	12934	"MS"
1988	11	24	165	14342	"MS"
1988	12	25	172	13634	"MS"
1988	13	26	179	12926	"MS"
1988	14	27	186	12540	"MS"
1988	15	28	193	13333	"MS"
1988	16	29	200	14098	"MS"
1988	17	30	207	14835	"MS"
1988	18	31	214	15347	"MS"
1988	19	32	221	15136	"MS"
1988	20	33	228	14873	"MS"
1988	21	34	235	14893	"MS"
1988	22	35	242	14913	"MS"
1988	23	36	249	13930	"MS"
1988	24	37	256	11141	"MS"
1988	25	38	263	11076	"MS"
1988	26	39	270	11221	"MS"
1988	27	40	277	11226	"MS"
1988	28	41	284	9403	"MS"
1989	1	14	95	10456	"MS"
1989	2	15	102	10442	"MS"
1989	3	16	109	10555	"MS"
1989	4	17	116	10739	"MS"
1989	5	18	123	10923	"MS"
1989	6	19	130	11739	"MS"
1989	7	20	137	12713	"MS"
1989	8	21	144	13661	"MS"
1989	9	22	151	14175	"MS"
1989	10	23	158	14461	"MS"
1989	11	24	165	14469	"MS"
1989	12	25	172	14477	"MS"
1989	13	26	179	14546	"MS"
1989	14	27	186	14676	"MS"
1989	15	28	193	14806	"MS"
1989	16	29	200	14752	"MS"
1989	17	30	207	14622	"MS"
1989	18	31	214	14636	"MS"
1989	19	32	221	14652	"MS"
1989	20	33	228	14480	"MS"
1989	21	34	235	13616	"MS"
1989	22	35	242	13586	"MS"
1989	23	36	249	13893	"MS"
1989	24	37	256	14213	"MS"
1989	25	38	263	12566	"MS"
1989	26	39	270	11110	"MS"
1989	27	40	277	10961	"MS"
1989	28	41	284	10813	"MS"
1990	1	14	95	10325	"MS"
1990	2	15	102	10599	"MS"
1990	3	16	109	10767	"MS"
1990	4	17	116	10807	"MS"
1990	5	18	123	10848	"MS"
1990	6	19	130	10849	"MS"
1990	7	20	137	10982	"MS"
1990	8	21	144	11673	"MS"
1990	9	22	151	11823	"MS"
1990	10	23	158	12175	"MS"
1990	11	24	165	14058	"MS"
1990	12	25	172	14348	"MS"
1990	13	26	179	14311	"MS"
1990	14	27	186	14467	"MS"
1990	15	28	193	14623	"MS"
1990	16	29	200	14775	"MS"
1990	17	30	207	14931	"MS"
1990	18	31	214	15067	"MS"
1990	19	32	221	15236	"MS"
1990	20	33	228	15365	"MS"
1990	21	34	235	14642	"MS"
1990	22	35	242	14321	"MS"
1990	23	36	249	14292	"MS"
1990	24	37	256	14135	"MS"
1990	25	38	263	13523	"MS"
1990	26	39	270	12660	"MS"
1990	27	40	277	11796	"MS"
1990	28	41	284	11064	"MS"
1991	1	14	95	10972	"MS"
1991	2	15	102	10563	"MS"
1991	3	16	109	10247	"MS"
1991	4	17	116	10297	"MS"
1991	5	18	123	10348	"MS"
1991	6	19	130	10999	"MS"
1991	7	20	137	12171	"MS"
1991	8	21	144	12307	"MS"
1991	9	22	151	12941	"MS"
1991	10	23	158	13929	"MS"
1991	11	24	165	14139	"MS"
1991	12	25	172	14181	"MS"
1991	13	26	179	14143	"MS"
1991	14	27	186	14227	"MS"
1991	15	28	193	14310	"MS"
1991	16	29	200	14375	"MS"
1991	17	30	207	14410	"MS"
1991	18	31	214	14622	"MS"
1991	19	32	221	14769	"MS"
1991	20	33	228	14742	"MS"
1991	21	34	235	14838	"MS"
1991	22	35	242	14702	"MS"
1991	23	36	249	14244	"MS"
1991	24	37	256	13509	"MS"
1991	25	38	263	12514	"MS"
1991	26	39	270	11369	"MS"
1991	27	40	277	11369	"MS"
1991	28	41	284	11369	"MS"
1992	1	15	102	10196	"MS"
1992	2	16	109	10215	"MS"
1992	3	17	116	10144	"MS"
1992	4	18	123	10253	"MS"
1992	5	19	130	10511	"MS"
1992	6	20	137	10957	"MS"
1992	7	21	144	11082	"MS"
1992	8	22	151	11388	"MS"
1992	9	23	158	12361	"MS"
1992	10	24	165	12579	"MS"
1992	11	25	172	12651	"MS"
1992	12	26	179	12816	"MS"
1992	13	27	186	12981	"MS"
1992	14	28	193	13121	"MS"
1992	15	29	200	13266	"MS"
1992	16	30	207	13780	"MS"
1992	17	31	214	14059	"MS"
1992	18	32	221	14121	"MS"
1992	19	33	228	13886	"MS"
1992	20	34	235	13660	"MS"
1992	21	35	242	13439	"MS"
1992	22	36	249	13223	"MS"
1992	23	37	256	13302	"MS"
1992	24	38	263	13543	"MS"
1992	25	39	270	13785	"MS"
1992	26	40	277	13013	"MS"
1992	27	41	284	11966	"MS"
1992	28	42	291	10918	"MS"
1993	1	14	95	10721	"MS"
1993	2	15	102	11337	"MS"
1993	3	16	109	11072	"MS"
1993	4	17	116	10774	"MS"
1993	5	18	123	10539	"MS"
1993	6	19	130	10692	"MS"
1993	7	20	137	10840	"MS"
1993	8	21	144	11185	"MS"
1993	9	22	151	12724	"MS"
1993	10	23	158	13698	"MS"
1993	11	24	165	14251	"MS"
1993	12	25	172	14405	"MS"
1993	13	26	179	14560	"MS"
1993	14	27	186	14649	"MS"
1993	15	28	193	14619	"MS"
1993	16	29	200	14591	"MS"
1993	17	30	207	14565	"MS"
1993	18	31	214	14548	"MS"
1993	19	32	221	14528	"MS"
1993	20	33	228	14668	"MS"
1993	21	34	235	14968	"MS"
1993	22	35	242	14530	"MS"
1993	23	36	249	14082	"MS"
1993	24	37	256	13553	"MS"
1993	25	38	263	12117	"MS"
1993	26	39	270	11452	"MS"
1993	27	40	277	11131	"MS"
1993	28	41	284	10509	"MS"
1994	1	14	95	11024	"MS"
1994	2	15	102	11286	"MS"
1994	3	16	109	11549	"MS"
1994	4	17	116	11514	"MS"
1994	5	18	123	10942	"MS"
1994	6	19	130	11365	"MS"
1994	7	20	137	11853	"MS"
1994	8	21	144	12329	"MS"
1994	9	22	151	12754	"MS"
1994	10	23	158	13190	"MS"
1994	11	24	165	13651	"MS"
1994	12	25	172	14295	"MS"
1994	13	26	179	14406	"MS"
1994	14	27	186	14221	"MS"
1994	15	28	193	14036	"MS"
1994	16	29	200	13935	"MS"
1994	17	30	207	13852	"MS"
1994	18	31	214	13780	"MS"
1994	19	32	221	13771	"MS"
1994	20	33	228	13802	"MS"
1994	21	34	235	13872	"MS"
1994	22	35	242	13408	"MS"
1994	23	36	249	12761	"MS"
1994	24	37	256	11945	"MS"
1994	25	38	263	11129	"MS"
1994	26	39	270	10691	"MS"
1994	27	40	277	10631	"MS"
1994	28	41	284	10572	"MS"
1995	1	14	95	11110	"MS"
1995	2	15	102	11466	"MS"
1995	3	16	109	11284	"MS"
1995	4	17	116	10880	"MS"
1995	5	18	123	10758	"MS"
1995	6	19	130	11024	"MS"
1995	7	20	137	11390	"MS"
1995	8	21	144	11746	"MS"
1995	9	22	151	12527	"MS"
1995	10	23	158	13467	"MS"
1995	11	24	165	14567	"MS"
1995	12	25	172	14798	"MS"
1995	13	26	179	14962	"MS"
1995	14	27	186	15117	"MS"
1995	15	28	193	15148	"MS"
1995	16	29	200	15178	"MS"
1995	17	30	207	15217	"MS"
1995	18	31	214	15275	"MS"
1995	19	32	221	15340	"MS"
1995	20	33	228	15336	"MS"
1995	21	34	235	15077	"MS"
1995	22	35	242	14992	"MS"
1995	23	36	249	14976	"MS"
1995	24	37	256	14960	"MS"
1995	25	38	263	14672	"MS"
1995	26	39	270	14076	"MS"
1995	27	40	277	13056	"MS"
1995	28	41	284	12038	"MS"
1996	1	14	95	11709	"MS"
1996	2	15	102	11311	"MS"
1996	3	16	109	11011	"MS"
1996	4	17	116	11081	"MS"
1996	5	18	123	11151	"MS"
1996	6	19	130	11311	"MS"
1996	7	20	137	11562	"MS"
1996	8	21	144	11802	"MS"
1996	9	22	151	12437	"MS"
1996	10	23	158	13470	"MS"
1996	11	24	165	14139	"MS"
1996	12	25	172	14494	"MS"
1996	13	26	179	14645	"MS"
1996	14	27	186	14909	"MS"
1996	15	28	193	15173	"MS"
1996	16	29	200	15219	"MS"
1996	17	30	207	14851	"MS"
1996	18	31	214	14876	"MS"
1996	19	32	221	14936	"MS"
1996	20	33	228	14997	"MS"
1996	21	34	235	14834	"MS"
1996	22	35	242	14654	"MS"
1996	23	36	249	14474	"MS"
1996	24	37	256	14293	"MS"
1996	25	38	263	14199	"MS"
1996	26	39	270	14062	"MS"
1996	27	40	277	12214	"MS"
1996	28	41	284	11230	"MS"
1997	1	15	102	11041	"MS"
1997	2	16	109	11043	"MS"
1997	3	17	116	10966	"MS"
1997	4	18	123	10694	"MS"
1997	5	19	130	10463	"MS"
1997	6	20	137	10407	"MS"
1997	7	21	144	11081	"MS"
1997	8	22	151	11812	"MS"
1997	9	23	158	12356	"MS"
1997	10	24	165	13277	"MS"
1997	11	25	172	14012	"MS"
1997	12	26	179	14710	"MS"
1997	13	27	186	14908	"MS"
1997	14	28	193	15106	"MS"
1997	15	29	200	15191	"MS"
1997	16	30	207	14883	"MS"
1997	17	31	214	14962	"MS"
1997	18	32	221	15159	"MS"
1997	19	33	228	15385	"MS"
1997	20	34	235	15108	"MS"
1997	21	35	242	14768	"MS"
1997	22	36	249	14610	"MS"
1997	23	37	256	14239	"MS"
1997	24	38	263	13811	"MS"
1997	25	39	270	13382	"MS"
1997	26	40	277	13205	"MS"
1997	27	41	284	13046	"MS"
1997	28	42	291	13126	"MS"
1998	1	15	102	10699	"MS"
1998	2	16	109	11151	"MS"
1998	3	17	116	11132	"MS"
1998	4	18	123	11114	"MS"
1998	5	19	130	11286	"MS"
1998	6	20	137	12150	"MS"
1998	7	21	144	13447	"MS"
1998	8	22	151	14460	"MS"
1998	9	23	158	14469	"MS"
1998	10	24	165	14593	"MS"
1998	11	25	172	14845	"MS"
1998	12	26	179	15055	"MS"
1998	13	27	186	15079	"MS"
1998	14	28	193	14943	"MS"
1998	15	29	200	14678	"MS"
1998	16	30	207	14635	"MS"
1998	17	31	214	14589	"MS"
1998	18	32	221	14541	"MS"
1998	19	33	228	14364	"MS"
1998	20	34	235	14194	"MS"
1998	21	35	242	14036	"MS"
1998	22	36	249	13930	"MS"
1998	23	37	256	13820	"MS"
1998	24	38	263	13637	"MS"
1998	25	39	270	13194	"MS"
1998	26	40	277	12750	"MS"
1998	27	41	284	12436	"MS"
1998	28	42	291	12354	"MS"
1999	1	14	95	10826	"MS"
1999	2	15	102	10587	"MS"
1999	3	16	109	10571	"MS"
1999	4	17	116	10574	"MS"
1999	5	18	123	10615	"MS"
1999	6	19	130	11161	"MS"
1999	7	20	137	12213	"MS"
1999	8	21	144	13456	"MS"
1999	9	22	151	14162	"MS"
1999	10	23	158	14345	"MS"
1999	11	24	165	14184	"MS"
1999	12	25	172	13830	"MS"
1999	13	26	179	13571	"MS"
1999	14	27	186	13642	"MS"
1999	15	28	193	14255	"MS"
1999	16	29	200	14841	"MS"
1999	17	30	207	15125	"MS"
1999	18	31	214	15034	"MS"
1999	19	32	221	14930	"MS"
1999	20	33	228	14790	"MS"
1999	21	34	235	14613	"MS"
1999	22	35	242	14239	"MS"
1999	23	36	249	13857	"MS"
1999	24	37	256	13476	"MS"
1999	25	38	263	13230	"MS"
1999	26	39	270	12588	"MS"
1999	27	40	277	11725	"MS"
1999	28	41	284	10861	"MS"
2000	1	14	95	10041	"MS"
2000	2	15	102	10719	"MS"
2000	3	16	109	10654	"MS"
2000	4	17	116	10311	"MS"
2000	5	18	123	10463	"MS"
2000	6	19	130	10615	"MS"
2000	7	20	137	10784	"MS"
2000	8	21	144	10982	"MS"
2000	9	22	151	11181	"MS"
2000	10	23	158	11747	"MS"
2000	11	24	165	12975	"MS"
2000	12	25	172	13349	"MS"
2000	13	26	179	13722	"MS"
2000	14	27	186	14142	"MS"
2000	15	28	193	14352	"MS"
2000	16	29	200	14556	"MS"
2000	17	30	207	14504	"MS"
2000	18	31	214	13533	"MS"
2000	19	32	221	13147	"MS"
2000	20	33	228	13129	"MS"
2000	21	34	235	13111	"MS"
2000	22	35	242	13389	"MS"
2000	23	36	249	13379	"MS"
2000	24	37	256	11879	"MS"
2000	25	38	263	11947	"MS"
2000	26	39	270	12443	"MS"
2000	27	40	277	12939	"MS"
2000	28	41	284	11321	"MS"
2001	1	14	95	10305	"MS"
2001	2	15	102	10082	"MS"
2001	3	16	109	10098	"MS"
2001	4	17	116	10370	"MS"
2001	5	18	123	10642	"MS"
2001	6	19	130	11507	"MS"
2001	7	20	137	12544	"MS"
2001	8	21	144	13005	"MS"
2001	9	22	151	13467	"MS"
2001	10	23	158	13930	"MS"
2001	11	24	165	14402	"MS"
2001	12	25	172	15026	"MS"
2001	13	26	179	15420	"MS"
2001	14	27	186	15325	"MS"
2001	15	28	193	15231	"MS"
2001	16	29	200	15154	"MS"
2001	17	30	207	15111	"MS"
2001	18	31	214	15323	"MS"
2001	19	32	221	14956	"MS"
2001	20	33	228	14036	"MS"
2001	21	34	235	13654	"MS"
2001	22	35	242	13602	"MS"
2001	23	36	249	13797	"MS"
2001	24	37	256	14002	"MS"
2001	25	38	263	13859	"MS"
2001	26	39	270	13595	"MS"
2001	27	40	277	13595	"MS"
2001	28	41	284	13595	"MS"
2002	1	14	95	10141	"MS"
2002	2	15	102	10465	"MS"
2002	3	16	109	10500	"MS"
2002	4	17	116	9853	"MS"
2002	5	18	123	9836	"MS"
2002	6	19	130	9868	"MS"
2002	7	20	137	9939	"MS"
2002	8	21	144	10520	"MS"
2002	9	22	151	11154	"MS"
2002	10	23	158	12055	"MS"
2002	11	24	165	13167	"MS"
2002	12	25	172	13786	"MS"
2002	13	26	179	13995	"MS"
2002	14	27	186	14082	"MS"
2002	15	28	193	14169	"MS"
2002	16	29	200	14479	"MS"
2002	17	30	207	15235	"MS"
2002	18	31	214	14285	"MS"
2002	19	32	221	13752	"MS"
2002	20	33	228	14368	"MS"
2002	21	34	235	14958	"MS"
2002	22	35	242	15088	"MS"
2002	23	36	249	14607	"MS"
2002	24	37	256	14522	"MS"
2002	25	38	263	14321	"MS"
2002	26	39	270	13941	"MS"
2002	27	40	277	13115	"MS"
2002	28	41	284	12290	"MS"
2003	1	15	102	9998	"MS"
2003	2	16	109	10747	"MS"
2003	3	17	116	10618	"MS"
2003	4	18	123	10778	"MS"
2003	5	19	130	11011	"MS"
2003	6	20	137	11243	"MS"
2003	7	21	144	11870	"MS"
2003	8	22	151	12768	"MS"
2003	9	23	158	13677	"MS"
2003	10	24	165	14354	"MS"
2003	11	25	172	14631	"MS"
2003	12	26	179	14885	"MS"
2003	13	27	186	15138	"MS"
2003	14	28	193	14884	"MS"
2003	15	29	200	14280	"MS"
2003	16	30	207	13473	"MS"
2003	17	31	214	13759	"MS"
2003	18	32	221	14373	"MS"
2003	19	33	228	15076	"MS"
2003	20	34	235	15105	"MS"
2003	21	35	242	14994	"MS"
2003	22	36	249	14990	"MS"
2003	23	37	256	14441	"MS"
2003	24	38	263	13742	"MS"
2003	25	39	270	13044	"MS"
2003	26	40	277	12802	"MS"
2003	27	41	284	12595	"MS"
2003	28	42	291	12699	"MS"
2004	1	15	102	9175	"MS"
2004	2	16	109	9765	"MS"
2004	3	17	116	9786	"MS"
2004	4	18	123	9763	"MS"
2004	5	19	130	9746	"MS"
2004	6	20	137	9799	"MS"
2004	7	21	144	9850	"MS"
2004	8	22	151	9893	"MS"
2004	9	23	158	9899	"MS"
2004	10	24	165	11175	"MS"
2004	11	25	172	12801	"MS"
2004	12	26	179	13115	"MS"
2004	13	27	186	13623	"MS"
2004	14	28	193	14022	"MS"
2004	15	29	200	14132	"MS"
2004	16	30	207	13988	"MS"
2004	17	31	214	13813	"MS"
2004	18	32	221	13662	"MS"
2004	19	33	228	13927	"MS"
2004	20	34	235	14218	"MS"
2004	21	35	242	14502	"MS"
2004	22	36	249	14802	"MS"
2004	23	37	256	14934	"MS"
2004	24	38	263	14876	"MS"
2004	25	39	270	14567	"MS"
2004	26	40	277	14258	"MS"
2004	27	41	284	13830	"MS"
2004	28	42	291	12962	"MS"
2005	1	14	95	9645	"MS"
2005	2	15	102	9403	"MS"
2005	3	16	109	9750	"MS"
2005	4	17	116	10260	"MS"
2005	5	18	123	10769	"MS"
2005	6	19	130	11506	"MS"
2005	7	20	137	12242	"MS"
2005	8	21	144	12960	"MS"
2005	9	22	151	14331	"MS"
2005	10	23	158	15027	"MS"
2005	11	24	165	15047	"MS"
2005	12	25	172	15067	"MS"
2005	13	26	179	15306	"MS"
2005	14	27	186	15570	"MS"
2005	15	28	193	15481	"MS"
2005	16	29	200	15576	"MS"
2005	17	30	207	15730	"MS"
2005	18	31	214	15865	"MS"
2005	19	32	221	15760	"MS"
2005	20	33	228	15591	"MS"
2005	21	34	235	15427	"MS"
2005	22	35	242	15298	"MS"
2005	23	36	249	15173	"MS"
2005	24	37	256	15044	"MS"
2005	25	38	263	14528	"MS"
2005	26	39	270	14267	"MS"
2005	27	40	277	14291	"MS"
2005	28	41	284	14315	"MS"
2006	1	14	95	10412	"MS"
2006	2	15	102	10484	"MS"
2006	3	16	109	10732	"MS"
2006	4	17	116	11021	"MS"
2006	5	18	123	11095	"MS"
2006	6	19	130	11170	"MS"
2006	7	20	137	11816	"MS"
2006	8	21	144	13489	"MS"
2006	9	22	151	14085	"MS"
2006	10	23	158	14531	"MS"
2006	11	24	165	15034	"MS"
2006	12	25	172	15536	"MS"
2006	13	26	179	15775	"MS"
2006	14	27	186	15744	"MS"
2006	15	28	193	15642	"MS"
2006	16	29	200	15492	"MS"
2006	17	30	207	15351	"MS"
2006	18	31	214	15398	"MS"
2006	19	32	221	15451	"MS"
2006	20	33	228	15446	"MS"
2006	21	34	235	15223	"MS"
2006	22	35	242	15001	"MS"
2006	23	36	249	14762	"MS"
2006	24	37	256	14459	"MS"
2006	25	38	263	14205	"MS"
2006	26	39	270	13965	"MS"
2006	27	40	277	13725	"MS"
2006	28	41	284	12014	"MS"
2007	1	14	95	11096	"MS"
2007	2	15	102	11157	"MS"
2007	3	16	109	11218	"MS"
2007	4	17	116	11274	"MS"
2007	5	18	123	11330	"MS"
2007	6	19	130	12848	"MS"
2007	7	20	137	14665	"MS"
2007	8	21	144	14590	"MS"
2007	9	22	151	14587	"MS"
2007	10	23	158	14614	"MS"
2007	11	24	165	14642	"MS"
2007	12	25	172	14989	"MS"
2007	13	26	179	15170	"MS"
2007	14	27	186	14898	"MS"
2007	15	28	193	14626	"MS"
2007	16	29	200	14608	"MS"
2007	17	30	207	14863	"MS"
2007	18	31	214	15084	"MS"
2007	19	32	221	15317	"MS"
2007	20	33	228	15494	"MS"
2007	21	34	235	14977	"MS"
2007	22	35	242	14461	"MS"
2007	23	36	249	13966	"MS"
2007	24	37	256	13751	"MS"
2007	25	38	263	13772	"MS"
2007	26	39	270	13925	"MS"
2007	27	40	277	14079	"MS"
2007	28	41	284	13391	"MS"
2008	1	16	109	10830	"MS"
2008	2	17	116	11902	"MS"
2008	3	18	123	11097	"MS"
2008	4	19	130	10863	"MS"
2008	5	20	137	10630	"MS"
2008	6	21	144	11194	"MS"
2008	7	22	151	11758	"MS"
2008	8	23	158	12589	"MS"
2008	9	24	165	13901	"MS"
2008	10	25	172	14421	"MS"
2008	11	26	179	15003	"MS"
2008	12	27	186	13684	"MS"
2008	13	28	193	13691	"MS"
2008	14	29	200	13699	"MS"
2008	15	30	207	15360	"MS"
2008	16	31	214	14617	"MS"
2008	17	32	221	13875	"MS"
2008	18	33	228	14645	"MS"
2008	19	34	235	15416	"MS"
2008	20	35	242	14415	"MS"
2008	21	36	249	14462	"MS"
2008	22	37	256	13928	"MS"
2008	23	38	263	14216	"MS"
2008	24	39	270	14504	"MS"
2008	25	40	277	13755	"MS"
2008	26	41	284	13006	"MS"
2009	1	15	102	10389	"MS"
2009	2	16	109	10854	"MS"
2009	3	17	116	11401	"MS"
2009	4	18	123	12252	"MS"
2009	5	19	130	11371	"MS"
2009	6	20	137	10491	"MS"
2009	7	21	144	10497	"MS"
2009	8	22	151	12750	"MS"
2009	9	23	158	12992	"MS"
2009	10	24	165	13234	"MS"
2009	11	25	172	13677	"MS"
2009	12	26	179	14478	"MS"
2009	13	27	186	14911	"MS"
2009	14	28	193	15344	"MS"
2009	15	29	200	14893	"MS"
2009	16	30	207	14443	"MS"
2009	17	31	214	12365	"MS"
2009	18	32	221	13874	"MS"
2009	19	33	228	15384	"MS"
2009	20	34	235	14913	"MS"
2009	21	35	242	15154	"MS"
2009	22	36	249	15395	"MS"
2009	23	37	256	14996	"MS"
2009	24	38	263	14913	"MS"
2009	25	39	270	14734	"MS"
2009	26	40	277	12647	"MS"
2009	27	41	284	12794	"MS"
2009	28	42	291	12942	"MS"
2010	1	16	109	10236	"MS"
2010	2	17	116	10331	"MS"
2010	3	18	123	10440	"MS"
2010	4	19	130	10550	"MS"
2010	5	20	137	13476	"MS"
2010	6	21	144	14118	"MS"
2010	7	22	151	14318	"MS"
2010	8	23	158	14519	"MS"
2010	9	24	165	14538	"MS"
2010	10	25	172	14762	"MS"
2010	11	26	179	13860	"MS"
2010	12	27	186	14678	"MS"
2010	13	28	193	15496	"MS"
2010	14	29	200	14848	"MS"
2010	15	30	207	14673	"MS"
2010	16	31	214	14866	"MS"
2010	17	32	221	15060	"MS"
2010	18	33	228	14745	"MS"
2010	19	34	235	15106	"MS"
2010	20	35	242	15467	"MS"
2010	21	36	249	15361	"MS"
2010	22	37	256	14861	"MS"
2010	23	38	263	14361	"MS"
2010	24	39	270	14422	"MS"
2010	25	40	277	14484	"MS"
2010	26	41	284	14484	"MS"
2011	1	16	109	10868	"MS"
2011	2	17	116	10588	"MS"
2011	3	18	123	10170	"MS"
2011	4	19	130	10178	"MS"
2011	5	20	137	13051	"MS"
2011	6	21	144	12893	"MS"
2011	7	22	151	13631	"MS"
2011	8	23	158	14369	"MS"
2011	9	24	165	13224	"MS"
2011	10	25	172	12846	"MS"
2011	11	26	179	13794	"MS"
2011	12	27	186	14742	"MS"
2011	13	28	193	14805	"MS"
2011	14	29	200	14868	"MS"
2011	15	30	207	15781	"MS"
2011	16	31	214	15473	"MS"
2011	17	32	221	15166	"MS"
2011	18	33	228	15162	"MS"
2011	19	34	235	14896	"MS"
2011	20	35	242	15050	"MS"
2011	21	36	249	15205	"MS"
2011	22	37	256	15019	"MS"
2011	23	38	263	14833	"MS"
2011	24	39	270	14813	"MS"
2011	25	40	277	14233	"MS"
2011	26	41	284	14265	"MS"
2012	1	16	109	11426	"MS"
2012	2	17	116	11549	"MS"
2012	3	18	123	11672	"MS"
2012	4	19	130	11457	"MS"
2012	5	20	137	12916	"MS"
2012	6	21	144	14375	"MS"
2012	7	22	151	14578	"MS"
2012	8	23	158	14782	"MS"
2012	9	24	165	14926	"MS"
2012	10	25	172	15071	"MS"
2012	11	26	179	12894	"MS"
2012	12	27	186	11963	"MS"
2012	13	28	193	12648	"MS"
2012	14	29	200	13333	"MS"
2012	15	30	207	15840	"MS"
2012	16	31	214	15482	"MS"
2012	17	32	221	15124	"MS"
2012	18	33	228	11134	"MS"
2012	19	34	235	13363	"MS"
2012	20	35	242	15592	"MS"
2012	21	36	249	12701	"MS"
2012	22	37	256	13737	"MS"
2012	23	38	263	14774	"MS"
2012	24	39	270	14349	"MS"
2012	25	40	277	14071	"MS"
2012	26	41	284	14071	"MS"
2013	1	16	109	10483	"MS"
2013	2	17	116	11692	"MS"
2013	3	18	123	11400	"MS"
2013	4	19	130	11769	"MS"
2013	5	20	137	12139	"MS"
2013	6	21	144	13406	"MS"
2013	7	22	151	14036	"MS"
2013	8	23	158	14667	"MS"
2013	9	24	165	14891	"MS"
2013	10	25	172	15116	"MS"
2013	11	26	179	15265	"MS"
2013	12	27	186	15588	"MS"
2013	13	28	193	15653	"MS"
2013	14	29	200	15658	"MS"
2013	15	30	207	15664	"MS"
2013	16	31	214	14728	"MS"
2013	17	32	221	15041	"MS"
2013	18	33	228	15355	"MS"
2013	19	34	235	15459	"MS"
2013	20	35	242	15661	"MS"
2013	21	36	249	15409	"MS"
2013	22	37	256	15157	"MS"
2013	23	38	263	14870	"MS"
2013	24	39	270	14584	"MS"
2013	25	40	277	14341	"MS"
2013	26	41	284	13932	"MS"
2014	1	16	109	9864	"MS"
2014	2	17	116	9822	"MS"
2014	3	18	123	9780	"MS"
2014	4	19	130	10543	"MS"
2014	5	20	137	11306	"MS"
2014	6	21	144	11133	"MS"
2014	7	22	151	12081	"MS"
2014	8	23	158	13029	"MS"
2014	9	24	165	12750	"MS"
2014	10	25	172	13682	"MS"
2014	11	26	179	14615	"MS"
2014	12	27	186	14711	"MS"
2014	13	28	193	14469	"MS"
2014	14	29	200	14175	"MS"
2014	15	30	207	13881	"MS"
2014	16	31	214	13981	"MS"
2014	17	32	221	14082	"MS"
2014	18	33	228	14370	"MS"
2014	19	34	235	14659	"MS"
2014	20	35	242	14908	"MS"
2014	21	36	249	14986	"MS"
2014	22	37	256	13956	"MS"
2014	23	38	263	13671	"MS"
2014	24	39	270	13669	"MS"
2014	25	40	277	13668	"MS"
2014	26	41	284	13668	"MS"
2015	1	16	109	10234	"MS"
2015	2	17	116	10128	"MS"
2015	3	18	123	10022	"MS"
2015	4	19	130	9957	"MS"
2015	5	20	137	9938	"MS"
2015	6	21	144	10810	"MS"
2015	7	22	151	11683	"MS"
2015	8	23	158	12479	"MS"
2015	9	24	165	13722	"MS"
2015	10	25	172	12322	"MS"
2015	11	26	179	12223	"MS"
2015	12	27	186	12124	"MS"
2015	13	28	193	15002	"MS"
2015	14	29	200	12215	"MS"
2015	15	30	207	10430	"MS"
2015	16	31	214	12208	"MS"
2015	17	32	221	13986	"MS"
2015	18	33	228	14423	"MS"
2015	19	34	235	10683	"MS"
2015	20	35	242	12616	"MS"
2015	21	36	249	14550	"MS"
2015	22	37	256	12085	"MS"
2015	23	38	263	13106	"MS"
2015	24	39	270	14128	"MS"
2015	25	40	277	13721	"MS"
2015	26	41	284	13315	"MS"
2016	1	16	109	10408	"MS"
2016	2	17	116	10341	"MS"
2016	3	18	123	10085	"MS"
2016	4	19	130	10606	"MS"
2016	5	20	137	11128	"MS"
2016	6	21	144	12464	"MS"
2016	7	22	151	13335	"MS"
2016	8	23	158	13859	"MS"
2016	9	24	165	14383	"MS"
2016	10	25	172	14285	"MS"
2016	11	26	179	13491	"MS"
2016	12	27	186	13891	"MS"
2016	13	28	193	14292	"MS"
2016	14	29	200	14073	"MS"
2016	15	30	207	13736	"MS"
2016	16	31	214	13826	"MS"
2016	17	32	221	13917	"MS"
2016	18	33	228	13518	"MS"
2016	19	34	235	13790	"MS"
2016	20	35	242	14062	"MS"
2016	21	36	249	14330	"MS"
2016	22	37	256	11363	"MS"
2016	23	38	263	12777	"MS"
2016	24	39	270	14191	"MS"
2016	25	40	277	13254	"MS"
2016	26	41	284	13254	"MS"
2017	1	16	109	9901	"MS"
2017	2	17	116	10233	"MS"
2017	3	18	123	10565	"MS"
2017	4	19	130	10738	"MS"
2017	5	20	137	10912	"MS"
2017	6	21	144	11687	"MS"
2017	7	22	151	11853	"MS"
2017	8	23	158	14016	"MS"
2017	9	24	165	14337	"MS"
2017	10	25	172	14659	"MS"
2017	11	26	179	14111	"MS"
2017	12	27	186	14164	"MS"
2017	13	28	193	15232	"MS"
2017	14	29	200	14909	"MS"
2017	15	30	207	14586	"MS"
2017	16	31	214	14433	"MS"
2017	17	32	221	14055	"MS"
2017	18	33	228	14175	"MS"
2017	19	34	235	14295	"MS"
2017	20	35	242	14066	"MS"
2017	21	36	249	13837	"MS"
2017	22	37	256	13851	"MS"
2017	23	38	263	12503	"MS"
2017	24	39	270	12259	"MS"
2017	25	40	277	12243	"MS"
2017	26	41	284	12228	"MS"
2018	1	16	109	10828	"MS"
2018	2	17	116	10852	"MS"
2018	3	18	123	10845	"MS"
2018	4	19	130	10839	"MS"
2018	5	20	137	11125	"MS"
2018	6	21	144	11054	"MS"
2018	7	22	151	10984	"MS"
2018	8	23	158	11404	"MS"
2018	9	24	165	12678	"MS"
2018	10	25	172	12382	"MS"
2018	11	26	179	12341	"MS"
2018	12	27	186	13039	"MS"
2018	13	28	193	13388	"MS"
2018	14	29	200	13010	"MS"
2018	15	30	207	13560	"MS"
2018	16	31	214	14110	"MS"
2018	17	32	221	13815	"MS"
2018	18	33	228	13521	"MS"
2018	19	34	235	13742	"MS"
2018	20	35	242	13963	"MS"
2018	21	36	249	13157	"MS"
2018	22	37	256	13020	"MS"
2018	23	38	263	12386	"MS"
2018	24	39	270	12143	"MS"
2018	25	40	277	11900	"MS"
2018	26	41	284	11900	"MS"
2019	1	16	109	11142	"MS"
2019	2	17	116	10296	"MS"
2019	3	18	123	10196	"MS"
2019	4	19	130	10137	"MS"
2019	5	20	137	10198	"MS"
2019	6	21	144	10124	"MS"
2019	7	22	151	10050	"MS"
2019	8	23	158	10396	"MS"
2019	9	24	165	10656	"MS"
2019	10	25	172	11275	"MS"
2019	11	26	179	13118	"MS"
2019	12	27	186	13546	"MS"
2019	13	28	193	13974	"MS"
2019	14	29	200	13315	"MS"
2019	15	30	207	13121	"MS"
2019	16	31	214	11298	"MS"
2019	17	32	221	11019	"MS"
2019	18	33	228	11909	"MS"
2019	19	34	235	12800	"MS"
2019	20	35	242	12630	"MS"
2019	21	36	249	11912	"MS"
2019	22	37	256	11815	"MS"
2019	23	38	263	12265	"MS"
2019	24	39	270	10577	"MS"
2019	25	40	277	10000	"MS"
2019	26	41	284	10015	"MS"
2020	1	16	109	11219	"MS"
2020	2	17	116	11023	"MS"
2020	3	18	123	11007	"MS"
2020	4	19	130	10951	"MS"
2020	5	20	137	10896	"MS"
2020	6	21	144	11140	"MS"
2020	7	22	151	11635	"MS"
2020	8	23	158	12131	"MS"
2020	9	24	165	12480	"MS"
2020	10	25	172	11427	"MS"
2020	11	26	179	12754	"MS"
2020	12	27	186	14081	"MS"
2020	13	28	193	13370	"MS"
2020	14	29	200	13024	"MS"
2020	15	30	207	12906	"MS"
2020	16	31	214	13113	"MS"
2020	17	32	221	13321	"MS"
2020	18	33	228	13468	"MS"
2020	19	34	235	13319	"MS"
2020	20	35	242	12245	"MS"
2020	21	36	249	12201	"MS"
2020	22	37	256	12157	"MS"
2020	23	38	263	11423	"MS"
2020	24	39	270	10711	"MS"
2020	25	40	277	10809	"MS"
2020	26	41	284	10907	"MS"
2021	1	16	109	11037	"MS"
2021	2	17	116	10545	"MS"
2021	3	18	123	10379	"MS"
2021	4	19	130	11280	"MS"
2021	5	20	137	12181	"MS"
2021	6	21	144	12514	"MS"
2021	7	22	151	12782	"MS"
2021	8	23	158	13641	"MS"
2021	9	24	165	13734	"MS"
2021	10	25	172	13828	"MS"
2021	11	26	179	14483	"MS"
2021	12	27	186	14576	"MS"
2021	13	28	193	14670	"MS"
2021	14	29	200	14491	"MS"
2021	15	30	207	14334	"MS"
2021	16	31	214	14178	"MS"
2021	17	32	221	13786	"MS"
2021	18	33	228	12311	"MS"
2021	19	34	235	12060	"MS"
2021	20	35	242	12021	"MS"
2021	21	36	249	11982	"MS"
2021	22	37	256	13169	"MS"
2021	23	38	263	11827	"MS"
2021	24	39	270	10963	"MS"
2021	25	40	277	10739	"MS"
2021	26	41	284	10739	"MS"
