"YEAR"	"BAND"	"WEEK"	"DOY"	"NDVI"	"SITE"
1987	1	15	102	11356	"MW"
1987	2	16	109	11440	"MW"
1987	3	17	116	11537	"MW"
1987	4	18	123	11781	"MW"
1987	5	19	130	12111	"MW"
1987	6	20	137	12441	"MW"
1987	7	21	144	13187	"MW"
1987	8	22	151	13834	"MW"
1987	9	23	158	13951	"MW"
1987	10	24	165	14024	"MW"
1987	11	25	172	14121	"MW"
1987	12	26	179	14202	"MW"
1987	13	27	186	14936	"MW"
1987	14	28	193	14543	"MW"
1987	15	29	200	13131	"MW"
1987	16	30	207	13748	"MW"
1987	17	31	214	14412	"MW"
1987	18	32	221	14940	"MW"
1987	19	33	228	14908	"MW"
1987	20	34	235	14897	"MW"
1987	21	35	242	14860	"MW"
1987	22	36	249	14603	"MW"
1987	23	37	256	14339	"MW"
1987	24	38	263	14111	"MW"
1987	25	39	270	14034	"MW"
1987	26	40	277	13065	"MW"
1987	27	41	284	12211	"MW"
1987	28	42	291	11998	"MW"
1988	1	14	95	10320	"MW"
1988	2	15	102	10298	"MW"
1988	3	16	109	10715	"MW"
1988	4	17	116	11082	"MW"
1988	5	18	123	11143	"MW"
1988	6	19	130	11205	"MW"
1988	7	20	137	11258	"MW"
1988	8	21	144	11300	"MW"
1988	9	22	151	11696	"MW"
1988	10	23	158	12638	"MW"
1988	11	24	165	13973	"MW"
1988	12	25	172	13341	"MW"
1988	13	26	179	13050	"MW"
1988	14	27	186	13119	"MW"
1988	15	28	193	13815	"MW"
1988	16	29	200	14484	"MW"
1988	17	30	207	15040	"MW"
1988	18	31	214	15257	"MW"
1988	19	32	221	15101	"MW"
1988	20	33	228	14943	"MW"
1988	21	34	235	14970	"MW"
1988	22	35	242	14996	"MW"
1988	23	36	249	14029	"MW"
1988	24	37	256	11272	"MW"
1988	25	38	263	11639	"MW"
1988	26	39	270	12246	"MW"
1988	27	40	277	12604	"MW"
1988	28	41	284	9734	"MW"
1989	1	14	95	10927	"MW"
1989	2	15	102	10566	"MW"
1989	3	16	109	10640	"MW"
1989	4	17	116	10957	"MW"
1989	5	18	123	11275	"MW"
1989	6	19	130	12025	"MW"
1989	7	20	137	12872	"MW"
1989	8	21	144	13681	"MW"
1989	9	22	151	14000	"MW"
1989	10	23	158	14211	"MW"
1989	11	24	165	14374	"MW"
1989	12	25	172	14537	"MW"
1989	13	26	179	14687	"MW"
1989	14	27	186	14825	"MW"
1989	15	28	193	14963	"MW"
1989	16	29	200	14926	"MW"
1989	17	30	207	14816	"MW"
1989	18	31	214	14842	"MW"
1989	19	32	221	14871	"MW"
1989	20	33	228	14819	"MW"
1989	21	34	235	14469	"MW"
1989	22	35	242	14353	"MW"
1989	23	36	249	14332	"MW"
1989	24	37	256	14309	"MW"
1989	25	38	263	12323	"MW"
1989	26	39	270	10788	"MW"
1989	27	40	277	11027	"MW"
1989	28	41	284	11267	"MW"
1990	1	14	95	10354	"MW"
1990	2	15	102	10422	"MW"
1990	3	16	109	10733	"MW"
1990	4	17	116	11288	"MW"
1990	5	18	123	11928	"MW"
1990	6	19	130	12444	"MW"
1990	7	20	137	12886	"MW"
1990	8	21	144	13312	"MW"
1990	9	22	151	13791	"MW"
1990	10	23	158	14248	"MW"
1990	11	24	165	14547	"MW"
1990	12	25	172	14427	"MW"
1990	13	26	179	14335	"MW"
1990	14	27	186	14494	"MW"
1990	15	28	193	14654	"MW"
1990	16	29	200	14818	"MW"
1990	17	30	207	14995	"MW"
1990	18	31	214	15150	"MW"
1990	19	32	221	15263	"MW"
1990	20	33	228	15272	"MW"
1990	21	34	235	14647	"MW"
1990	22	35	242	14370	"MW"
1990	23	36	249	14335	"MW"
1990	24	37	256	14048	"MW"
1990	25	38	263	13535	"MW"
1990	26	39	270	12897	"MW"
1990	27	40	277	12258	"MW"
1990	28	41	284	11343	"MW"
1991	1	14	95	10990	"MW"
1991	2	15	102	11606	"MW"
1991	3	16	109	11940	"MW"
1991	4	17	116	11462	"MW"
1991	5	18	123	11627	"MW"
1991	6	19	130	11842	"MW"
1991	7	20	137	12103	"MW"
1991	8	21	144	12965	"MW"
1991	9	22	151	13653	"MW"
1991	10	23	158	14180	"MW"
1991	11	24	165	14213	"MW"
1991	12	25	172	14163	"MW"
1991	13	26	179	14140	"MW"
1991	14	27	186	14399	"MW"
1991	15	28	193	14658	"MW"
1991	16	29	200	14807	"MW"
1991	17	30	207	14755	"MW"
1991	18	31	214	14710	"MW"
1991	19	32	221	14692	"MW"
1991	20	33	228	14728	"MW"
1991	21	34	235	14762	"MW"
1991	22	35	242	14552	"MW"
1991	23	36	249	14016	"MW"
1991	24	37	256	13553	"MW"
1991	25	38	263	12234	"MW"
1991	26	39	270	10208	"MW"
1991	27	40	277	10208	"MW"
1991	28	41	284	10208	"MW"
1992	1	15	102	10410	"MW"
1992	2	16	109	10863	"MW"
1992	3	17	116	10596	"MW"
1992	4	18	123	10601	"MW"
1992	5	19	130	10748	"MW"
1992	6	20	137	10896	"MW"
1992	7	21	144	11368	"MW"
1992	8	22	151	11978	"MW"
1992	9	23	158	12710	"MW"
1992	10	24	165	12603	"MW"
1992	11	25	172	12358	"MW"
1992	12	26	179	12741	"MW"
1992	13	27	186	13124	"MW"
1992	14	28	193	13375	"MW"
1992	15	29	200	13509	"MW"
1992	16	30	207	13826	"MW"
1992	17	31	214	14172	"MW"
1992	18	32	221	14438	"MW"
1992	19	33	228	14245	"MW"
1992	20	34	235	14058	"MW"
1992	21	35	242	13871	"MW"
1992	22	36	249	13665	"MW"
1992	23	37	256	13640	"MW"
1992	24	38	263	13716	"MW"
1992	25	39	270	13791	"MW"
1992	26	40	277	12992	"MW"
1992	27	41	284	11955	"MW"
1992	28	42	291	10918	"MW"
1993	1	14	95	11009	"MW"
1993	2	15	102	11891	"MW"
1993	3	16	109	11207	"MW"
1993	4	17	116	10761	"MW"
1993	5	18	123	10697	"MW"
1993	6	19	130	10934	"MW"
1993	7	20	137	11163	"MW"
1993	8	21	144	11562	"MW"
1993	9	22	151	12997	"MW"
1993	10	23	158	13892	"MW"
1993	11	24	165	14398	"MW"
1993	12	25	172	14579	"MW"
1993	13	26	179	14759	"MW"
1993	14	27	186	14863	"MW"
1993	15	28	193	14827	"MW"
1993	16	29	200	14794	"MW"
1993	17	30	207	14763	"MW"
1993	18	31	214	14741	"MW"
1993	19	32	221	14717	"MW"
1993	20	33	228	14640	"MW"
1993	21	34	235	14511	"MW"
1993	22	35	242	14307	"MW"
1993	23	36	249	14099	"MW"
1993	24	37	256	13827	"MW"
1993	25	38	263	12805	"MW"
1993	26	39	270	12041	"MW"
1993	27	40	277	11347	"MW"
1993	28	41	284	10386	"MW"
1994	1	14	95	11877	"MW"
1994	2	15	102	11857	"MW"
1994	3	16	109	11837	"MW"
1994	4	17	116	11790	"MW"
1994	5	18	123	11695	"MW"
1994	6	19	130	11677	"MW"
1994	7	20	137	11666	"MW"
1994	8	21	144	11656	"MW"
1994	9	22	151	11723	"MW"
1994	10	23	158	12605	"MW"
1994	11	24	165	14205	"MW"
1994	12	25	172	14528	"MW"
1994	13	26	179	14498	"MW"
1994	14	27	186	14271	"MW"
1994	15	28	193	14045	"MW"
1994	16	29	200	14004	"MW"
1994	17	30	207	14014	"MW"
1994	18	31	214	14023	"MW"
1994	19	32	221	13928	"MW"
1994	20	33	228	13857	"MW"
1994	21	34	235	13878	"MW"
1994	22	35	242	13262	"MW"
1994	23	36	249	12538	"MW"
1994	24	37	256	11810	"MW"
1994	25	38	263	11084	"MW"
1994	26	39	270	10630	"MW"
1994	27	40	277	10448	"MW"
1994	28	41	284	10266	"MW"
1995	1	14	95	11169	"MW"
1995	2	15	102	11482	"MW"
1995	3	16	109	11536	"MW"
1995	4	17	116	11481	"MW"
1995	5	18	123	11551	"MW"
1995	6	19	130	11621	"MW"
1995	7	20	137	11902	"MW"
1995	8	21	144	12564	"MW"
1995	9	22	151	13181	"MW"
1995	10	23	158	13828	"MW"
1995	11	24	165	14542	"MW"
1995	12	25	172	14604	"MW"
1995	13	26	179	14802	"MW"
1995	14	27	186	15155	"MW"
1995	15	28	193	15116	"MW"
1995	16	29	200	15078	"MW"
1995	17	30	207	15046	"MW"
1995	18	31	214	15042	"MW"
1995	19	32	221	15231	"MW"
1995	20	33	228	15440	"MW"
1995	21	34	235	15327	"MW"
1995	22	35	242	15214	"MW"
1995	23	36	249	15099	"MW"
1995	24	37	256	14982	"MW"
1995	25	38	263	14442	"MW"
1995	26	39	270	13340	"MW"
1995	27	40	277	11434	"MW"
1995	28	41	284	11192	"MW"
1996	1	14	95	12256	"MW"
1996	2	15	102	11873	"MW"
1996	3	16	109	11469	"MW"
1996	4	17	116	11215	"MW"
1996	5	18	123	11280	"MW"
1996	6	19	130	11370	"MW"
1996	7	20	137	11475	"MW"
1996	8	21	144	11777	"MW"
1996	9	22	151	12654	"MW"
1996	10	23	158	13961	"MW"
1996	11	24	165	14336	"MW"
1996	12	25	172	14578	"MW"
1996	13	26	179	14734	"MW"
1996	14	27	186	14975	"MW"
1996	15	28	193	15216	"MW"
1996	16	29	200	15245	"MW"
1996	17	30	207	14867	"MW"
1996	18	31	214	14882	"MW"
1996	19	32	221	14931	"MW"
1996	20	33	228	14982	"MW"
1996	21	34	235	14822	"MW"
1996	22	35	242	14646	"MW"
1996	23	36	249	14470	"MW"
1996	24	37	256	14350	"MW"
1996	25	38	263	14263	"MW"
1996	26	39	270	14158	"MW"
1996	27	40	277	13464	"MW"
1996	28	41	284	12769	"MW"
1997	1	15	102	11967	"MW"
1997	2	16	109	12047	"MW"
1997	3	17	116	10962	"MW"
1997	4	18	123	10812	"MW"
1997	5	19	130	10707	"MW"
1997	6	20	137	10320	"MW"
1997	7	21	144	10351	"MW"
1997	8	22	151	11121	"MW"
1997	9	23	158	12397	"MW"
1997	10	24	165	12923	"MW"
1997	11	25	172	13425	"MW"
1997	12	26	179	14416	"MW"
1997	13	27	186	14780	"MW"
1997	14	28	193	15144	"MW"
1997	15	29	200	15300	"MW"
1997	16	30	207	14733	"MW"
1997	17	31	214	14761	"MW"
1997	18	32	221	14989	"MW"
1997	19	33	228	15250	"MW"
1997	20	34	235	15129	"MW"
1997	21	35	242	14904	"MW"
1997	22	36	249	14680	"MW"
1997	23	37	256	13640	"MW"
1997	24	38	263	12851	"MW"
1997	25	39	270	12913	"MW"
1997	26	40	277	13085	"MW"
1997	27	41	284	13264	"MW"
1997	28	42	291	13175	"MW"
1998	1	15	102	11512	"MW"
1998	2	16	109	11685	"MW"
1998	3	17	116	11515	"MW"
1998	4	18	123	11716	"MW"
1998	5	19	130	12118	"MW"
1998	6	20	137	12519	"MW"
1998	7	21	144	13464	"MW"
1998	8	22	151	14272	"MW"
1998	9	23	158	14372	"MW"
1998	10	24	165	14546	"MW"
1998	11	25	172	14860	"MW"
1998	12	26	179	15122	"MW"
1998	13	27	186	15031	"MW"
1998	14	28	193	14536	"MW"
1998	15	29	200	13751	"MW"
1998	16	30	207	14070	"MW"
1998	17	31	214	14414	"MW"
1998	18	32	221	14673	"MW"
1998	19	33	228	14449	"MW"
1998	20	34	235	14233	"MW"
1998	21	35	242	14036	"MW"
1998	22	36	249	13925	"MW"
1998	23	37	256	13811	"MW"
1998	24	38	263	13648	"MW"
1998	25	39	270	13310	"MW"
1998	26	40	277	12972	"MW"
1998	27	41	284	12710	"MW"
1998	28	42	291	12581	"MW"
1999	1	14	95	11347	"MW"
1999	2	15	102	11593	"MW"
1999	3	16	109	11839	"MW"
1999	4	17	116	11961	"MW"
1999	5	18	123	11959	"MW"
1999	6	19	130	11957	"MW"
1999	7	20	137	12439	"MW"
1999	8	21	144	13204	"MW"
1999	9	22	151	14056	"MW"
1999	10	23	158	14234	"MW"
1999	11	24	165	14036	"MW"
1999	12	25	172	13840	"MW"
1999	13	26	179	13754	"MW"
1999	14	27	186	13699	"MW"
1999	15	28	193	13644	"MW"
1999	16	29	200	14588	"MW"
1999	17	30	207	15087	"MW"
1999	18	31	214	14931	"MW"
1999	19	32	221	14895	"MW"
1999	20	33	228	14869	"MW"
1999	21	34	235	14844	"MW"
1999	22	35	242	14393	"MW"
1999	23	36	249	13931	"MW"
1999	24	37	256	13491	"MW"
1999	25	38	263	13474	"MW"
1999	26	39	270	12425	"MW"
1999	27	40	277	11101	"MW"
1999	28	41	284	10866	"MW"
2000	1	14	95	9917	"MW"
2000	2	15	102	10679	"MW"
2000	3	16	109	10810	"MW"
2000	4	17	116	10633	"MW"
2000	5	18	123	10615	"MW"
2000	6	19	130	10598	"MW"
2000	7	20	137	10673	"MW"
2000	8	21	144	10914	"MW"
2000	9	22	151	11155	"MW"
2000	10	23	158	11824	"MW"
2000	11	24	165	13263	"MW"
2000	12	25	172	13666	"MW"
2000	13	26	179	13989	"MW"
2000	14	27	186	14307	"MW"
2000	15	28	193	14549	"MW"
2000	16	29	200	14784	"MW"
2000	17	30	207	14662	"MW"
2000	18	31	214	13276	"MW"
2000	19	32	221	12998	"MW"
2000	20	33	228	13389	"MW"
2000	21	34	235	13767	"MW"
2000	22	35	242	13786	"MW"
2000	23	36	249	13319	"MW"
2000	24	37	256	11590	"MW"
2000	25	38	263	11634	"MW"
2000	26	39	270	12161	"MW"
2000	27	40	277	12689	"MW"
2000	28	41	284	11450	"MW"
2001	1	14	95	11603	"MW"
2001	2	15	102	10921	"MW"
2001	3	16	109	10595	"MW"
2001	4	17	116	10675	"MW"
2001	5	18	123	10756	"MW"
2001	6	19	130	11632	"MW"
2001	7	20	137	12789	"MW"
2001	8	21	144	13358	"MW"
2001	9	22	151	13628	"MW"
2001	10	23	158	13859	"MW"
2001	11	24	165	14386	"MW"
2001	12	25	172	15070	"MW"
2001	13	26	179	15479	"MW"
2001	14	27	186	15318	"MW"
2001	15	28	193	15157	"MW"
2001	16	29	200	15094	"MW"
2001	17	30	207	15116	"MW"
2001	18	31	214	14968	"MW"
2001	19	32	221	14804	"MW"
2001	20	33	228	14595	"MW"
2001	21	34	235	13861	"MW"
2001	22	35	242	13651	"MW"
2001	23	36	249	13834	"MW"
2001	24	37	256	14026	"MW"
2001	25	38	263	14032	"MW"
2001	26	39	270	13957	"MW"
2001	27	40	277	13957	"MW"
2001	28	41	284	13957	"MW"
2002	1	14	95	10674	"MW"
2002	2	15	102	10796	"MW"
2002	3	16	109	10904	"MW"
2002	4	17	116	10927	"MW"
2002	5	18	123	10608	"MW"
2002	6	19	130	10494	"MW"
2002	7	20	137	10610	"MW"
2002	8	21	144	10722	"MW"
2002	9	22	151	11328	"MW"
2002	10	23	158	12444	"MW"
2002	11	24	165	13282	"MW"
2002	12	25	172	13730	"MW"
2002	13	26	179	13896	"MW"
2002	14	27	186	14108	"MW"
2002	15	28	193	14320	"MW"
2002	16	29	200	14647	"MW"
2002	17	30	207	15215	"MW"
2002	18	31	214	14221	"MW"
2002	19	32	221	13687	"MW"
2002	20	33	228	14364	"MW"
2002	21	34	235	15011	"MW"
2002	22	35	242	15183	"MW"
2002	23	36	249	14723	"MW"
2002	24	37	256	14523	"MW"
2002	25	38	263	14250	"MW"
2002	26	39	270	13886	"MW"
2002	27	40	277	13547	"MW"
2002	28	41	284	13207	"MW"
2003	1	15	102	10230	"MW"
2003	2	16	109	10977	"MW"
2003	3	17	116	10894	"MW"
2003	4	18	123	10827	"MW"
2003	5	19	130	10902	"MW"
2003	6	20	137	11234	"MW"
2003	7	21	144	12248	"MW"
2003	8	22	151	13205	"MW"
2003	9	23	158	13810	"MW"
2003	10	24	165	14507	"MW"
2003	11	25	172	14826	"MW"
2003	12	26	179	14996	"MW"
2003	13	27	186	15167	"MW"
2003	14	28	193	14893	"MW"
2003	15	29	200	14463	"MW"
2003	16	30	207	14367	"MW"
2003	17	31	214	14642	"MW"
2003	18	32	221	14999	"MW"
2003	19	33	228	15408	"MW"
2003	20	34	235	15231	"MW"
2003	21	35	242	15000	"MW"
2003	22	36	249	15028	"MW"
2003	23	37	256	14661	"MW"
2003	24	38	263	14185	"MW"
2003	25	39	270	13709	"MW"
2003	26	40	277	13261	"MW"
2003	27	41	284	12816	"MW"
2003	28	42	291	13039	"MW"
2004	1	15	102	9372	"MW"
2004	2	16	109	10511	"MW"
2004	3	17	116	10511	"MW"
2004	4	18	123	10423	"MW"
2004	5	19	130	10348	"MW"
2004	6	20	137	10433	"MW"
2004	7	21	144	10516	"MW"
2004	8	22	151	10712	"MW"
2004	9	23	158	11598	"MW"
2004	10	24	165	12513	"MW"
2004	11	25	172	13316	"MW"
2004	12	26	179	13650	"MW"
2004	13	27	186	13865	"MW"
2004	14	28	193	14022	"MW"
2004	15	29	200	14132	"MW"
2004	16	30	207	13415	"MW"
2004	17	31	214	13105	"MW"
2004	18	32	221	13355	"MW"
2004	19	33	228	13638	"MW"
2004	20	34	235	13993	"MW"
2004	21	35	242	14419	"MW"
2004	22	36	249	14789	"MW"
2004	23	37	256	14855	"MW"
2004	24	38	263	14610	"MW"
2004	25	39	270	14299	"MW"
2004	26	40	277	13987	"MW"
2004	27	41	284	13617	"MW"
2004	28	42	291	13030	"MW"
2005	1	14	95	9589	"MW"
2005	2	15	102	9489	"MW"
2005	3	16	109	9433	"MW"
2005	4	17	116	9938	"MW"
2005	5	18	123	11431	"MW"
2005	6	19	130	12021	"MW"
2005	7	20	137	12530	"MW"
2005	8	21	144	13026	"MW"
2005	9	22	151	14380	"MW"
2005	10	23	158	14962	"MW"
2005	11	24	165	14789	"MW"
2005	12	25	172	14859	"MW"
2005	13	26	179	15125	"MW"
2005	14	27	186	15423	"MW"
2005	15	28	193	15441	"MW"
2005	16	29	200	15402	"MW"
2005	17	30	207	15406	"MW"
2005	18	31	214	15519	"MW"
2005	19	32	221	15505	"MW"
2005	20	33	228	15457	"MW"
2005	21	34	235	15410	"MW"
2005	22	35	242	15313	"MW"
2005	23	36	249	15206	"MW"
2005	24	37	256	15095	"MW"
2005	25	38	263	14395	"MW"
2005	26	39	270	14026	"MW"
2005	27	40	277	14034	"MW"
2005	28	41	284	14042	"MW"
2006	1	14	95	10973	"MW"
2006	2	15	102	11307	"MW"
2006	3	16	109	11376	"MW"
2006	4	17	116	11298	"MW"
2006	5	18	123	11221	"MW"
2006	6	19	130	12014	"MW"
2006	7	20	137	13026	"MW"
2006	8	21	144	14007	"MW"
2006	9	22	151	14248	"MW"
2006	10	23	158	14518	"MW"
2006	11	24	165	15062	"MW"
2006	12	25	172	15635	"MW"
2006	13	26	179	15828	"MW"
2006	14	27	186	15650	"MW"
2006	15	28	193	15612	"MW"
2006	16	29	200	15556	"MW"
2006	17	30	207	15484	"MW"
2006	18	31	214	15423	"MW"
2006	19	32	221	15454	"MW"
2006	20	33	228	15446	"MW"
2006	21	34	235	15101	"MW"
2006	22	35	242	14756	"MW"
2006	23	36	249	14471	"MW"
2006	24	37	256	14406	"MW"
2006	25	38	263	14261	"MW"
2006	26	39	270	14095	"MW"
2006	27	40	277	13929	"MW"
2006	28	41	284	13174	"MW"
2007	1	14	95	10679	"MW"
2007	2	15	102	11174	"MW"
2007	3	16	109	11637	"MW"
2007	4	17	116	12031	"MW"
2007	5	18	123	12424	"MW"
2007	6	19	130	13364	"MW"
2007	7	20	137	14329	"MW"
2007	8	21	144	14274	"MW"
2007	9	22	151	14220	"MW"
2007	10	23	158	14208	"MW"
2007	11	24	165	14353	"MW"
2007	12	25	172	14834	"MW"
2007	13	26	179	15213	"MW"
2007	14	27	186	15243	"MW"
2007	15	28	193	15273	"MW"
2007	16	29	200	15147	"MW"
2007	17	30	207	14868	"MW"
2007	18	31	214	14909	"MW"
2007	19	32	221	15099	"MW"
2007	20	33	228	15376	"MW"
2007	21	34	235	14900	"MW"
2007	22	35	242	14424	"MW"
2007	23	36	249	13976	"MW"
2007	24	37	256	13895	"MW"
2007	25	38	263	13898	"MW"
2007	26	39	270	13947	"MW"
2007	27	40	277	13996	"MW"
2007	28	41	284	13614	"MW"
2008	1	16	109	10991	"MW"
2008	2	17	116	11514	"MW"
2008	3	18	123	10988	"MW"
2008	4	19	130	11400	"MW"
2008	5	20	137	11813	"MW"
2008	6	21	144	11872	"MW"
2008	7	22	151	11932	"MW"
2008	8	23	158	13589	"MW"
2008	9	24	165	13901	"MW"
2008	10	25	172	14296	"MW"
2008	11	26	179	14691	"MW"
2008	12	27	186	15113	"MW"
2008	13	28	193	15535	"MW"
2008	14	29	200	15446	"MW"
2008	15	30	207	15358	"MW"
2008	16	31	214	14427	"MW"
2008	17	32	221	14052	"MW"
2008	18	33	228	14620	"MW"
2008	19	34	235	15188	"MW"
2008	20	35	242	14442	"MW"
2008	21	36	249	14462	"MW"
2008	22	37	256	13783	"MW"
2008	23	38	263	14202	"MW"
2008	24	39	270	14621	"MW"
2008	25	40	277	13813	"MW"
2008	26	41	284	13006	"MW"
2009	1	15	102	10405	"MW"
2009	2	16	109	10947	"MW"
2009	3	17	116	12181	"MW"
2009	4	18	123	12310	"MW"
2009	5	19	130	11907	"MW"
2009	6	20	137	11505	"MW"
2009	7	21	144	11518	"MW"
2009	8	22	151	11531	"MW"
2009	9	23	158	12648	"MW"
2009	10	24	165	13765	"MW"
2009	11	25	172	13677	"MW"
2009	12	26	179	14474	"MW"
2009	13	27	186	14925	"MW"
2009	14	28	193	15377	"MW"
2009	15	29	200	14905	"MW"
2009	16	30	207	14433	"MW"
2009	17	31	214	13790	"MW"
2009	18	32	221	14587	"MW"
2009	19	33	228	15384	"MW"
2009	20	34	235	15133	"MW"
2009	21	35	242	15311	"MW"
2009	22	36	249	15489	"MW"
2009	23	37	256	15166	"MW"
2009	24	38	263	14844	"MW"
2009	25	39	270	14928	"MW"
2009	26	40	277	10450	"MW"
2009	27	41	284	10516	"MW"
2009	28	42	291	13100	"MW"
2010	1	16	109	10677	"MW"
2010	2	17	116	10331	"MW"
2010	3	18	123	10460	"MW"
2010	4	19	130	10590	"MW"
2010	5	20	137	13376	"MW"
2010	6	21	144	14627	"MW"
2010	7	22	151	14639	"MW"
2010	8	23	158	14651	"MW"
2010	9	24	165	14711	"MW"
2010	10	25	172	14772	"MW"
2010	11	26	179	13368	"MW"
2010	12	27	186	14461	"MW"
2010	13	28	193	15555	"MW"
2010	14	29	200	15461	"MW"
2010	15	30	207	15367	"MW"
2010	16	31	214	15124	"MW"
2010	17	32	221	14882	"MW"
2010	18	33	228	14656	"MW"
2010	19	34	235	15066	"MW"
2010	20	35	242	15476	"MW"
2010	21	36	249	15271	"MW"
2010	22	37	256	14733	"MW"
2010	23	38	263	14195	"MW"
2010	24	39	270	14259	"MW"
2010	25	40	277	14323	"MW"
2010	26	41	284	14323	"MW"
2011	1	16	109	10564	"MW"
2011	2	17	116	10565	"MW"
2011	3	18	123	10156	"MW"
2011	4	19	130	10086	"MW"
2011	5	20	137	12777	"MW"
2011	6	21	144	12756	"MW"
2011	7	22	151	12735	"MW"
2011	8	23	158	13973	"MW"
2011	9	24	165	12929	"MW"
2011	10	25	172	12698	"MW"
2011	11	26	179	13765	"MW"
2011	12	27	186	14833	"MW"
2011	13	28	193	15174	"MW"
2011	14	29	200	15516	"MW"
2011	15	30	207	15716	"MW"
2011	16	31	214	15418	"MW"
2011	17	32	221	15419	"MW"
2011	18	33	228	15421	"MW"
2011	19	34	235	15035	"MW"
2011	20	35	242	14981	"MW"
2011	21	36	249	14927	"MW"
2011	22	37	256	14732	"MW"
2011	23	38	263	14538	"MW"
2011	24	39	270	14569	"MW"
2011	25	40	277	14710	"MW"
2011	26	41	284	14242	"MW"
2012	1	16	109	11748	"MW"
2012	2	17	116	11817	"MW"
2012	3	18	123	11887	"MW"
2012	4	19	130	11715	"MW"
2012	5	20	137	13190	"MW"
2012	6	21	144	14666	"MW"
2012	7	22	151	14826	"MW"
2012	8	23	158	14986	"MW"
2012	9	24	165	15007	"MW"
2012	10	25	172	15029	"MW"
2012	11	26	179	12889	"MW"
2012	12	27	186	11920	"MW"
2012	13	28	193	13574	"MW"
2012	14	29	200	15229	"MW"
2012	15	30	207	15806	"MW"
2012	16	31	214	15231	"MW"
2012	17	32	221	14657	"MW"
2012	18	33	228	12994	"MW"
2012	19	34	235	14262	"MW"
2012	20	35	242	15530	"MW"
2012	21	36	249	13151	"MW"
2012	22	37	256	13783	"MW"
2012	23	38	263	14416	"MW"
2012	24	39	270	14494	"MW"
2012	25	40	277	13979	"MW"
2012	26	41	284	13979	"MW"
2013	1	16	109	10940	"MW"
2013	2	17	116	10878	"MW"
2013	3	18	123	10816	"MW"
2013	4	19	130	11109	"MW"
2013	5	20	137	12189	"MW"
2013	6	21	144	13906	"MW"
2013	7	22	151	14602	"MW"
2013	8	23	158	14700	"MW"
2013	9	24	165	14869	"MW"
2013	10	25	172	15038	"MW"
2013	11	26	179	15245	"MW"
2013	12	27	186	15675	"MW"
2013	13	28	193	15688	"MW"
2013	14	29	200	15638	"MW"
2013	15	30	207	15823	"MW"
2013	16	31	214	14787	"MW"
2013	17	32	221	15165	"MW"
2013	18	33	228	15544	"MW"
2013	19	34	235	15456	"MW"
2013	20	35	242	15436	"MW"
2013	21	36	249	15472	"MW"
2013	22	37	256	15509	"MW"
2013	23	38	263	15014	"MW"
2013	24	39	270	14519	"MW"
2013	25	40	277	13888	"MW"
2013	26	41	284	13635	"MW"
2014	1	16	109	9925	"MW"
2014	2	17	116	9840	"MW"
2014	3	18	123	9755	"MW"
2014	4	19	130	10165	"MW"
2014	5	20	137	10576	"MW"
2014	6	21	144	11394	"MW"
2014	7	22	151	12213	"MW"
2014	8	23	158	13029	"MW"
2014	9	24	165	12842	"MW"
2014	10	25	172	13728	"MW"
2014	11	26	179	14614	"MW"
2014	12	27	186	14839	"MW"
2014	13	28	193	14469	"MW"
2014	14	29	200	14351	"MW"
2014	15	30	207	14234	"MW"
2014	16	31	214	13964	"MW"
2014	17	32	221	13695	"MW"
2014	18	33	228	14214	"MW"
2014	19	34	235	14734	"MW"
2014	20	35	242	14849	"MW"
2014	21	36	249	14964	"MW"
2014	22	37	256	14068	"MW"
2014	23	38	263	13172	"MW"
2014	24	39	270	13214	"MW"
2014	25	40	277	13487	"MW"
2014	26	41	284	13487	"MW"
2015	1	16	109	11187	"MW"
2015	2	17	116	10553	"MW"
2015	3	18	123	9919	"MW"
2015	4	19	130	9904	"MW"
2015	5	20	137	10040	"MW"
2015	6	21	144	10596	"MW"
2015	7	22	151	11152	"MW"
2015	8	23	158	12421	"MW"
2015	9	24	165	14049	"MW"
2015	10	25	172	12285	"MW"
2015	11	26	179	12394	"MW"
2015	12	27	186	12503	"MW"
2015	13	28	193	15057	"MW"
2015	14	29	200	12133	"MW"
2015	15	30	207	11108	"MW"
2015	16	31	214	12793	"MW"
2015	17	32	221	14479	"MW"
2015	18	33	228	13800	"MW"
2015	19	34	235	12832	"MW"
2015	20	35	242	13678	"MW"
2015	21	36	249	14524	"MW"
2015	22	37	256	13164	"MW"
2015	23	38	263	13767	"MW"
2015	24	39	270	14371	"MW"
2015	25	40	277	12805	"MW"
2015	26	41	284	12805	"MW"
2016	1	16	109	10619	"MW"
2016	2	17	116	10403	"MW"
2016	3	18	123	10138	"MW"
2016	4	19	130	10133	"MW"
2016	5	20	137	11334	"MW"
2016	6	21	144	12249	"MW"
2016	7	22	151	13813	"MW"
2016	8	23	158	14133	"MW"
2016	9	24	165	14454	"MW"
2016	10	25	172	14138	"MW"
2016	11	26	179	9910	"MW"
2016	12	27	186	12101	"MW"
2016	13	28	193	14292	"MW"
2016	14	29	200	14003	"MW"
2016	15	30	207	13714	"MW"
2016	16	31	214	13975	"MW"
2016	17	32	221	14236	"MW"
2016	18	33	228	13776	"MW"
2016	19	34	235	13665	"MW"
2016	20	35	242	13950	"MW"
2016	21	36	249	14236	"MW"
2016	22	37	256	11363	"MW"
2016	23	38	263	12631	"MW"
2016	24	39	270	13900	"MW"
2016	25	40	277	12432	"MW"
2016	26	41	284	12432	"MW"
2017	1	16	109	9799	"MW"
2017	2	17	116	9980	"MW"
2017	3	18	123	10161	"MW"
2017	4	19	130	10307	"MW"
2017	5	20	137	10294	"MW"
2017	6	21	144	11846	"MW"
2017	7	22	151	13442	"MW"
2017	8	23	158	14016	"MW"
2017	9	24	165	14438	"MW"
2017	10	25	172	14860	"MW"
2017	11	26	179	14729	"MW"
2017	12	27	186	14936	"MW"
2017	13	28	193	15143	"MW"
2017	14	29	200	14555	"MW"
2017	15	30	207	14654	"MW"
2017	16	31	214	14753	"MW"
2017	17	32	221	14860	"MW"
2017	18	33	228	14968	"MW"
2017	19	34	235	14478	"MW"
2017	20	35	242	14062	"MW"
2017	21	36	249	13943	"MW"
2017	22	37	256	13824	"MW"
2017	23	38	263	12228	"MW"
2017	24	39	270	12330	"MW"
2017	25	40	277	12432	"MW"
2017	26	41	284	12745	"MW"
2018	1	16	109	11127	"MW"
2018	2	17	116	11098	"MW"
2018	3	18	123	10893	"MW"
2018	4	19	130	10644	"MW"
2018	5	20	137	10396	"MW"
2018	6	21	144	10817	"MW"
2018	7	22	151	11239	"MW"
2018	8	23	158	12069	"MW"
2018	9	24	165	13394	"MW"
2018	10	25	172	11695	"MW"
2018	11	26	179	12668	"MW"
2018	12	27	186	13642	"MW"
2018	13	28	193	13388	"MW"
2018	14	29	200	12979	"MW"
2018	15	30	207	12570	"MW"
2018	16	31	214	12060	"MW"
2018	17	32	221	12866	"MW"
2018	18	33	228	13673	"MW"
2018	19	34	235	13982	"MW"
2018	20	35	242	14291	"MW"
2018	21	36	249	13880	"MW"
2018	22	37	256	13470	"MW"
2018	23	38	263	12381	"MW"
2018	24	39	270	12288	"MW"
2018	25	40	277	12695	"MW"
2018	26	41	284	12695	"MW"
2019	1	16	109	11085	"MW"
2019	2	17	116	10842	"MW"
2019	3	18	123	10600	"MW"
2019	4	19	130	10671	"MW"
2019	5	20	137	10742	"MW"
2019	6	21	144	10531	"MW"
2019	7	22	151	11271	"MW"
2019	8	23	158	12012	"MW"
2019	9	24	165	11997	"MW"
2019	10	25	172	11983	"MW"
2019	11	26	179	13431	"MW"
2019	12	27	186	13702	"MW"
2019	13	28	193	13974	"MW"
2019	14	29	200	13844	"MW"
2019	15	30	207	13577	"MW"
2019	16	31	214	12404	"MW"
2019	17	32	221	11232	"MW"
2019	18	33	228	12219	"MW"
2019	19	34	235	13207	"MW"
2019	20	35	242	12894	"MW"
2019	21	36	249	12581	"MW"
2019	22	37	256	12614	"MW"
2019	23	38	263	12647	"MW"
2019	24	39	270	11896	"MW"
2019	25	40	277	11146	"MW"
2019	26	41	284	11171	"MW"
2020	1	16	109	11197	"MW"
2020	2	17	116	10979	"MW"
2020	3	18	123	10834	"MW"
2020	4	19	130	11216	"MW"
2020	5	20	137	11599	"MW"
2020	6	21	144	11253	"MW"
2020	7	22	151	11712	"MW"
2020	8	23	158	12172	"MW"
2020	9	24	165	12295	"MW"
2020	10	25	172	11464	"MW"
2020	11	26	179	12877	"MW"
2020	12	27	186	14291	"MW"
2020	13	28	193	13690	"MW"
2020	14	29	200	13024	"MW"
2020	15	30	207	12894	"MW"
2020	16	31	214	12883	"MW"
2020	17	32	221	12872	"MW"
2020	18	33	228	13235	"MW"
2020	19	34	235	13125	"MW"
2020	20	35	242	13015	"MW"
2020	21	36	249	11299	"MW"
2020	22	37	256	11435	"MW"
2020	23	38	263	11572	"MW"
2020	24	39	270	9512	"MW"
2020	25	40	277	9566	"MW"
2020	26	41	284	10552	"MW"
2021	1	16	109	11560	"MW"
2021	2	17	116	11510	"MW"
2021	3	18	123	10988	"MW"
2021	4	19	130	11245	"MW"
2021	5	20	137	11503	"MW"
2021	6	21	144	12535	"MW"
2021	7	22	151	12729	"MW"
2021	8	23	158	13562	"MW"
2021	9	24	165	13645	"MW"
2021	10	25	172	13728	"MW"
2021	11	26	179	14509	"MW"
2021	12	27	186	17254	"MW"
2021	13	28	193	20000	"MW"
2021	14	29	200	14455	"MW"
2021	15	30	207	14216	"MW"
2021	16	31	214	13978	"MW"
2021	17	32	221	13621	"MW"
2021	18	33	228	12131	"MW"
2021	19	34	235	11903	"MW"
2021	20	35	242	11348	"MW"
2021	21	36	249	12258	"MW"
2021	22	37	256	13169	"MW"
2021	23	38	263	11488	"MW"
2021	24	39	270	10299	"MW"
2021	25	40	277	10173	"MW"
2021	26	41	284	9584	"MW"
